\begin{tabular}{lrrrrrrr}
\toprule
{} &  ItemKNNCF &   RP3beta &  SpectralCF &   P3alpha &  UserKNNCF &    TopPop &  SLIMElasticNet \\
\midrule
ItemKNNCF      &   1.000000 &  0.616550 &    0.195921 &  0.605768 &   0.519524 &  0.286445 &        0.560968 \\
RP3beta        &   0.616550 &  1.000000 &    0.239947 &  0.580167 &   0.495155 &  0.422909 &        0.470905 \\
SpectralCF     &   0.195921 &  0.239947 &    1.000000 &  0.270532 &   0.295390 &  0.360030 &        0.222341 \\
P3alpha        &   0.605768 &  0.580167 &    0.270532 &  1.000000 &   0.613934 &  0.360054 &        0.593325 \\
UserKNNCF      &   0.519524 &  0.495155 &    0.295390 &  0.613934 &   1.000000 &  0.343830 &        0.576036 \\
TopPop         &   0.286445 &  0.422909 &    0.360030 &  0.360054 &   0.343830 &  1.000000 &        0.270542 \\
SLIMElasticNet &   0.560968 &  0.470905 &    0.222341 &  0.593325 &   0.576036 &  0.270542 &        1.000000 \\
\bottomrule
\end{tabular}
