1	1196	43.793804
1	318	41.619717
1	1198	41.405437
1	1197	40.33973
1	527	39.883312
1	1	39.60943
1	1210	38.817314
1	593	38.546177
1	2396	38.12922
1	2858	38.049416
2	608	90.044334
2	527	87.14129
2	858	82.970375
2	1704	81.43286
2	296	81.184906
2	1617	80.69203
2	1097	78.2895
2	1674	75.16196
2	919	75.02077
2	1208	74.935165
3	2916	43.406322
3	2571	43.328003
3	457	42.192333
3	589	42.187584
3	592	42.078407
3	1240	41.76474
3	1036	41.483456
3	1610	41.26161
3	2028	41.01742
3	2000	40.46569
4	1240	22.844877
4	2571	22.354992
4	1214	22.278141
4	589	21.977102
4	1291	21.859028
4	1200	21.494751
4	1036	21.441277
4	2916	20.545048
4	1197	20.428238
4	1580	20.383307
5	2396	91.17349
5	1265	87.379196
5	223	86.6475
5	778	84.75286
5	527	84.73192
5	235	84.52006
5	1673	83.189575
5	1094	82.91255
5	1885	80.95521
5	3160	80.112206
6	1265	34.49286
6	1307	33.7009
6	1197	32.694164
6	357	31.948992
6	2797	31.33836
6	39	31.32304
6	1270	30.904518
6	539	30.746096
6	356	30.613403
6	1196	30.531525
7	1580	36.86582
7	1240	35.840405
7	260	35.501625
7	1210	34.335377
7	1198	34.20627
7	1036	33.981083
7	1200	33.621265
7	780	32.937016
7	1291	32.817398
7	1214	32.622562
8	318	110.55397
8	593	107.06269
8	457	101.61153
8	1617	100.42731
8	50	99.63323
8	1358	96.00103
8	1682	95.70222
8	1196	94.01971
8	2268	93.95355
8	2762	93.88897
9	296	87.13975
9	2396	78.53103
9	2997	77.022964
9	1196	75.37746
9	589	74.15238
9	110	73.64699
9	1580	72.52909
9	1198	71.793
9	34	71.30129
9	260	70.30141
10	1196	240.9127
10	1197	230.71747
10	2797	230.45503
10	1265	229.91774
10	260	227.63342
10	1097	227.1086
10	2571	213.62683
10	1259	212.97765
10	1073	211.51599
10	2406	211.41399
11	296	92.24133
11	1617	82.50862
11	527	81.6463
11	2028	79.09824
11	1	78.75951
11	39	78.43729
11	2291	77.942345
11	1500	77.73092
11	34	77.28527
11	1641	77.109436
12	1196	14.444021
12	260	14.258273
12	1617	12.978856
12	608	12.919104
12	1291	12.767133
12	1387	12.737353
12	1197	12.705825
12	1240	12.668956
12	1214	12.619099
12	1213	12.286645
13	480	94.94152
13	1240	89.0452
13	377	86.24873
13	733	85.56528
13	1036	85.487625
13	1200	83.82794
13	592	83.61761
13	2000	81.9461
13	1374	81.20945
13	1573	80.373604
14	2716	11.00287
14	223	10.403894
14	2599	10.270011
14	2762	10.239179
14	1127	9.603741
14	2396	9.516124
14	2700	9.409078
14	2355	9.239558
14	2395	9.149164
14	3175	9.105219
15	377	105.890854
15	593	105.1814
15	589	103.70894
15	733	99.7874
15	608	99.350105
15	2716	98.40313
15	1	95.29557
15	1196	94.98372
15	1573	94.70837
15	2355	94.70569
16	2706	17.170284
16	2694	15.846291
16	2716	15.31008
16	2605	14.454523
16	2858	14.340216
16	2541	14.085889
16	2881	14.04301
16	1127	13.805335
16	2987	13.74824
16	2710	13.5493
17	608	154.01593
17	1617	147.23007
17	1580	138.45216
17	1198	134.03882
17	1	132.11732
17	858	127.93846
17	1197	127.62776
17	2997	126.69466
17	1097	126.08599
17	1089	125.93971
18	480	186.74117
18	2571	183.64842
18	1374	181.52332
18	2985	176.89626
18	2640	175.37233
18	2406	172.76442
18	1376	172.54402
18	1356	171.86115
18	316	170.57378
18	1127	170.42526
19	589	162.85022
19	480	160.73386
19	2916	159.83447
19	2985	148.46664
19	780	145.93965
19	1270	143.46217
19	1527	140.86443
19	1573	139.103
19	2406	136.13837
19	1676	135.5664
20	1610	22.675585
20	2916	22.563793
20	480	22.48414
20	1580	22.210754
20	1196	21.584084
20	296	21.463955
20	608	21.409082
20	593	21.226135
20	50	21.188032
20	377	21.1832
21	1196	11.3765
21	1580	11.059451
21	2571	10.922296
21	260	10.627443
21	1197	10.23553
21	1240	10.215998
21	589	10.199243
21	480	10.035372
21	1198	10.009676
21	1200	9.990943
22	589	155.66888
22	2916	153.71701
22	480	152.10986
22	1	150.5701
22	2000	149.90729
22	1198	148.6317
22	457	147.48631
22	260	147.02924
22	1220	146.73544
22	1291	145.05649
23	1374	183.7495
23	1210	179.77994
23	1270	173.10976
23	1198	170.2267
23	1197	164.67812
23	1036	161.91644
23	1291	160.82132
23	457	159.50957
23	1391	154.2524
23	110	154.18509
24	1265	108.54935
24	1196	101.98276
24	2000	99.87609
24	1	97.62223
24	1198	97.32789
24	2804	96.97098
24	2396	96.248985
24	1617	94.188774
24	356	93.99612
24	39	93.82289
25	2916	75.85899
25	589	75.29798
25	1240	73.531876
25	1200	69.5559
25	1527	69.273094
25	1127	67.24415
25	1214	66.140335
25	316	66.0995
25	1197	65.1658
25	2640	65.146996
26	3255	145.44421
26	380	143.55878
26	1580	142.42621
26	11	137.5358
26	1569	136.6603
26	39	134.76848
26	1784	133.57425
26	457	129.0631
26	357	128.52176
26	367	126.79299
27	1230	51.26588
27	912	50.694523
27	908	49.177532
27	904	47.853252
27	919	47.801647
27	1304	47.791065
27	923	47.669662
27	2300	47.616863
27	1234	47.561485
27	903	47.20741
28	858	74.70178
28	2858	74.13861
28	541	73.16531
28	527	71.905266
28	1270	71.49614
28	296	70.83585
28	1097	69.321686
28	912	69.07509
28	1259	68.77318
28	1307	67.74608
29	592	76.43388
29	2194	76.065056
29	480	76.00791
29	2028	75.808235
29	2985	75.74479
29	1197	74.47803
29	1580	74.15765
29	2640	73.895905
29	1270	72.40892
29	1097	69.16127
30	608	31.544798
30	1704	27.1128
30	1265	25.772469
30	2762	25.514938
30	2396	25.414156
30	1196	25.04494
30	1358	24.747974
30	2997	24.29277
30	858	24.111938
30	1089	23.820518
31	1079	73.05653
31	2797	71.77859
31	2791	71.06423
31	1394	70.802055
31	1294	69.98776
31	1278	69.24905
31	1196	67.83094
31	1220	67.537254
31	1	67.50335
31	2406	67.38095
32	608	32.122337
32	1196	30.62833
32	318	30.584024
32	296	30.476076
32	1265	29.608307
32	527	29.544706
32	1617	29.510546
32	2396	29.390106
32	50	28.187592
32	1213	27.985249
33	1617	189.49855
33	541	187.58687
33	1036	186.03152
33	1097	185.19519
33	2028	183.74155
33	1197	180.78981
33	457	180.39116
33	2000	178.8723
33	1580	173.74304
33	2716	172.24493
34	2797	129.4822
34	1265	121.99954
34	1394	121.68567
34	1220	113.63949
34	3210	113.46292
34	1198	112.56903
34	1663	110.310646
34	1136	109.082924
34	1580	107.07593
34	260	106.06266
35	858	89.60392
35	923	88.20578
35	1084	87.5573
35	3363	85.57348
35	111	84.15454
35	910	83.26245
35	1304	82.958954
35	1208	82.819084
35	924	80.865036
35	1221	80.23798
36	1198	220.29453
36	2916	218.55518
36	260	216.58878
36	2396	215.71448
36	457	215.2125
36	296	215.02924
36	2174	214.25589
36	608	213.66678
36	1240	212.75714
36	1036	208.99162
37	1	35.120678
37	1196	34.939404
37	1270	34.63197
37	1198	33.379066
37	39	33.287655
37	2716	33.15144
37	919	33.08593
37	260	33.083313
37	2797	32.88428
37	2858	32.83897
38	597	60.211845
38	11	57.211014
38	2424	54.620266
38	1265	50.322605
38	7	50.242435
38	1777	50.231956
38	1680	46.619106
38	497	44.64601
38	1784	44.57525
38	3255	44.277084
39	2395	40.00542
39	2762	39.73813
39	2396	38.142174
39	1265	37.207275
39	608	37.20355
39	2700	37.182465
39	593	37.048386
39	296	36.8154
39	2699	36.652534
39	2028	36.40595
40	260	64.8798
40	2640	61.3014
40	1240	60.186108
40	480	59.413982
40	2916	58.071033
40	1036	57.459908
40	1200	57.08065
40	2000	56.97791
40	2985	56.208637
40	589	56.054943
41	1198	16.704094
41	1097	16.704008
41	2571	16.346296
41	1270	16.21097
41	1197	16.075468
41	1291	16.014124
41	1200	15.992481
41	589	15.894051
41	1240	15.718488
41	1580	15.589861
42	1676	168.24626
42	1391	158.11067
42	592	155.73569
42	2054	153.63942
42	1690	144.94461
42	1220	144.36934
42	110	142.87273
42	1215	142.68721
42	2406	141.74998
42	2987	141.24922
43	2858	19.223656
43	2716	18.869593
43	2396	17.334118
43	223	16.920126
43	2683	16.60455
43	2762	16.295725
43	1923	15.957164
43	2028	15.919132
43	2355	15.918138
43	2959	15.622085
44	1580	133.3819
44	1291	126.06527
44	1214	124.987885
44	1200	124.43731
44	1259	119.28391
44	592	118.89256
44	1036	118.79663
44	541	118.622444
44	1073	118.44641
44	2000	118.1465
45	2797	98.52297
45	597	98.37614
45	2671	98.10046
45	1079	96.93563
45	1569	96.820854
45	1393	96.74855
45	3361	95.84069
45	356	95.475716
45	2291	91.57571
45	1294	90.667885
46	1987	39.899624
46	2902	39.478317
46	1991	39.009026
46	2513	38.80753
46	2517	37.72391
46	1130	36.442665
46	2868	36.205578
46	2121	35.932114
46	1342	35.090603
46	1996	35.014484
47	608	21.374634
47	296	20.13695
47	1213	19.854548
47	1617	18.662285
47	2858	18.445337
47	1196	18.302704
47	2028	18.29879
47	50	18.179855
47	1198	17.52364
47	1704	17.151947
48	2000	275.49576
48	1036	271.3137
48	608	260.5005
48	1396	254.21545
48	21	252.49252
48	1214	249.26666
48	2100	248.45096
48	587	243.91791
48	2115	242.63748
48	1393	241.83548
49	260	81.380875
49	2916	80.20393
49	1240	79.870766
49	1198	78.03376
49	1291	75.43684
49	1197	73.66087
49	110	73.405785
49	1610	72.490524
49	1270	72.21975
49	2987	71.81995
50	1259	10.442292
50	2291	9.601288
50	480	9.446089
50	589	9.343739
50	608	9.212176
50	110	9.133285
50	1580	8.876853
50	1196	8.743214
50	593	8.593594
50	1035	8.581591
51	2355	20.084116
51	2762	19.347841
51	2997	18.940441
51	34	18.71914
51	608	18.55006
51	593	18.528328
51	296	18.39564
51	356	18.361933
51	2028	18.112448
51	1580	18.099854
52	377	65.37166
52	2571	62.816505
52	3256	62.132732
52	165	57.888275
52	1552	56.272972
52	2058	56.15801
52	1036	55.96512
52	1527	55.045193
52	10	54.52617
52	1722	54.360435
53	1198	346.50394
53	592	332.3204
53	1291	329.40375
53	1197	328.97815
53	110	319.76605
53	1376	312.23605
53	1372	311.97626
53	2000	311.1864
53	1	310.65503
53	733	308.80145
54	1294	29.801117
54	3363	27.894993
54	3421	27.366783
54	1079	27.35661
54	1394	27.13045
54	1080	26.940561
54	858	26.206303
54	1270	26.031254
54	910	25.765343
54	1197	25.26906
55	608	23.80214
55	296	22.99501
55	2028	22.451433
55	1213	21.28958
55	2858	21.091938
55	1617	20.730919
55	457	20.11758
55	2396	20.019382
55	1	19.567131
55	1358	19.56267
56	2028	59.66733
56	1265	58.91536
56	47	53.541203
56	34	53.13686
56	2268	52.861385
56	3418	52.771725
56	1196	52.486378
56	110	52.46195
56	589	52.176174
56	2599	52.15751
57	608	24.51648
57	296	23.878952
57	1259	22.846432
57	589	22.797976
57	1617	22.753265
57	1580	22.744165
57	1196	22.734125
57	2997	22.555584
57	50	22.517
57	1213	22.500355
58	1210	309.72244
58	2916	304.37738
58	1097	292.36877
58	2640	284.88675
58	2987	281.9806
58	1259	281.66666
58	924	279.411
58	1	267.06064
58	1265	264.92728
58	1079	263.95657
59	858	107.44482
59	608	106.89565
59	1252	105.15275
59	903	101.20317
59	750	100.695946
59	527	100.65521
59	111	98.56247
59	1294	98.20643
59	1136	95.3171
59	1221	94.860756
60	780	46.282875
60	480	44.335026
60	2916	43.89482
60	648	42.570354
60	733	42.51049
60	1917	42.463554
60	1527	41.257076
60	1377	40.711746
60	2006	40.455723
60	589	40.291355
61	380	3.8754697
61	2268	3.7292776
61	587	3.6277251
61	733	3.5181832
61	597	3.4301877
61	3255	3.4080567
61	2002	3.3860219
61	3256	3.3822052
61	165	3.3784704
61	3107	3.3650012
62	1265	182.06609
62	527	179.75356
62	2396	178.68327
62	2028	172.28381
62	1393	169.84135
62	2291	166.24213
62	357	165.58244
62	39	164.32608
62	1197	164.0288
62	34	163.71962
63	2997	56.306908
63	2683	52.615997
63	2710	50.75553
63	2355	49.160122
63	2699	46.364796
63	1093	44.142544
63	296	44.11055
63	593	43.677525
63	2987	43.47897
63	608	43.38779
64	1196	23.550255
64	2571	23.434834
64	1580	22.58539
64	589	22.555676
64	480	22.507595
64	260	22.1627
64	457	21.72982
64	2916	21.532518
64	1240	21.403885
64	1036	21.089218
65	457	114.260704
65	2916	110.63204
65	589	108.79908
65	1370	107.542534
65	110	103.57652
65	2028	103.03002
65	592	102.93226
65	1240	102.072266
65	3256	101.411194
65	1210	100.94435
66	1580	16.219717
66	589	15.620485
66	110	15.439685
66	2571	15.06439
66	1265	14.768482
66	1196	14.070022
66	608	14.064112
66	457	14.053259
66	1259	14.011757
66	593	13.809203
67	608	43.141678
67	858	42.92988
67	1225	41.51513
67	1208	41.44946
67	1193	40.900513
67	912	40.81661
67	1221	39.84432
67	527	39.76633
67	1252	39.635403
67	919	39.591408
68	1079	39.745705
68	608	39.7103
68	1394	39.52158
68	1307	38.89497
68	1259	38.239407
68	1	38.159916
68	1270	37.797394
68	34	37.795555
68	296	37.687004
68	2716	37.684376
69	608	59.31909
69	318	56.987923
69	1213	55.830757
69	1094	54.0539
69	527	53.984932
69	1617	52.127712
69	36	51.02618
69	2291	50.254333
69	50	49.536392
69	1393	48.814457
70	2762	32.541977
70	2710	32.344437
70	2699	31.953978
70	2396	31.706833
70	2987	30.43997
70	2571	30.408781
70	2395	30.270468
70	2700	30.214687
70	785	30.068632
70	2028	30.00667
71	1196	19.776897
71	1580	19.642908
71	589	19.10758
71	260	19.095333
71	2571	18.574226
71	1210	18.443815
71	1240	18.397545
71	2916	18.061733
71	2028	18.048416
71	2858	18.046238
72	1265	32.480362
72	1	29.098606
72	357	28.40877
72	318	27.843346
72	1641	27.800478
72	608	27.692041
72	593	27.423027
72	39	27.326714
72	296	27.10244
72	2028	27.094702
73	1573	146.86699
73	648	142.89445
73	1917	137.45445
73	1391	135.33315
73	10	134.93271
73	1240	134.11574
73	1210	133.05205
73	1544	130.75394
73	349	129.83023
73	1291	129.36523
74	1213	31.7816
74	50	30.683891
74	593	30.045698
74	318	29.957266
74	858	29.956827
74	2858	29.951004
74	527	29.563189
74	2289	29.352512
74	1230	28.674839
74	1179	28.526657
75	2048	87.46881
75	616	85.310005
75	1015	79.21994
75	2082	77.97666
75	1064	74.89057
75	2139	74.77367
75	558	73.79921
75	2394	73.58569
75	455	72.72017
75	2042	68.32962
76	2997	63.638893
76	527	63.2409
76	1265	62.375893
76	2028	62.258698
76	2396	61.33304
76	1196	58.79056
76	457	58.265514
76	34	57.26551
76	32	56.866123
76	589	56.793125
77	223	19.82268
77	2959	17.741776
77	2355	17.54934
77	2716	17.311457
77	785	16.77597
77	2712	16.624214
77	2605	16.39238
77	2502	16.103613
77	2699	16.094727
77	2762	16.044205
78	1028	74.49168
78	595	73.254906
78	1282	69.52807
78	1197	64.24529
78	2291	64.072365
78	1270	62.89095
78	1307	62.566193
78	608	61.871014
78	2797	61.69283
78	2174	61.437912
79	2987	10.959375
79	2858	10.438721
79	608	10.373964
79	1196	10.291945
79	2762	10.284398
79	1210	10.170001
79	541	10.1501255
79	1	10.037298
79	2997	9.999845
79	919	9.926876
80	318	42.61806
80	457	41.734516
80	2571	40.757942
80	296	40.723297
80	2858	40.53342
80	1580	40.37673
80	2396	39.15815
80	1704	38.819973
80	1196	38.78737
80	1617	38.05984
81	858	64.27057
81	923	60.380005
81	908	59.759212
81	1219	59.43266
81	541	58.341545
81	924	57.7362
81	913	57.214653
81	919	57.20015
81	1208	56.15527
81	608	55.94075
82	2028	85.55986
82	457	85.33522
82	1196	82.11641
82	1610	80.842445
82	377	80.44198
82	1573	78.29622
82	1265	78.15761
82	356	76.77465
82	1396	76.692795
82	733	76.14479
83	2706	50.99352
83	2987	50.500557
83	2997	50.347374
83	2599	48.360786
83	2770	47.715763
83	1210	47.648083
83	2571	46.77314
83	1197	45.100567
83	260	44.741344
83	2605	44.57924
84	1196	35.797615
84	589	34.63205
84	1210	33.08542
84	2916	32.85364
84	1198	32.5641
84	1580	32.402153
84	1036	31.03435
84	1270	30.066902
84	457	30.041311
84	1374	29.477074
85	110	9.930785
85	2762	9.756278
85	2997	9.607256
85	2959	9.231306
85	2396	8.939377
85	480	8.8655
85	318	8.835005
85	593	8.82391
85	2355	8.822322
85	2599	8.730346
86	589	28.869356
86	2571	28.841234
86	2916	28.490877
86	1196	28.467485
86	780	28.336493
86	260	27.686096
86	1291	27.134834
86	316	26.993723
86	2054	26.923853
86	380	26.901693
87	1200	41.664745
87	1210	40.93834
87	2916	39.771
87	1214	39.7178
87	1610	39.609966
87	2000	39.499626
87	480	39.40761
87	1580	38.40436
87	592	38.127735
87	1374	37.192173
88	296	58.636677
88	1617	57.978928
88	593	57.85482
88	1213	57.790245
88	1196	57.09271
88	1247	56.9344
88	2858	56.5957
88	919	55.537895
88	1198	54.24161
88	1259	53.634308
89	318	13.338062
89	1196	12.714587
89	110	12.706123
89	1198	12.610593
89	527	12.305821
89	2858	12.27702
89	589	12.259904
89	260	12.252621
89	457	12.162156
89	593	12.152981
90	296	130.38844
90	2571	125.583694
90	593	125.1576
90	1610	120.32385
90	21	120.225044
90	589	120.20696
90	1500	117.90601
90	1213	117.6157
90	480	116.46625
90	1923	113.48991
91	1136	36.15185
91	3361	35.493
91	1278	35.176598
91	1307	34.025135
91	1265	33.974045
91	1270	33.889683
91	2791	33.644684
91	1234	33.34601
91	1288	32.802376
91	2797	32.748592
92	1196	156.08977
92	1210	150.81543
92	260	147.20639
92	1198	144.99896
92	1073	142.06975
92	2918	140.42708
92	2054	139.5192
92	2628	136.76567
92	457	135.70578
92	2028	135.57411
93	1374	143.4848
93	2985	141.46017
93	780	137.69232
93	1527	135.74136
93	1370	132.94807
93	1376	132.88718
93	110	132.5852
93	316	130.91953
93	2406	129.54045
93	1676	129.31868
94	1214	13.089696
94	1200	12.387725
94	1240	11.9561825
94	1097	11.881092
94	541	11.830685
94	1387	11.808306
94	1196	11.769371
94	1219	11.411583
94	1270	11.357874
94	1374	11.269989
95	21	76.84581
95	1036	75.200005
95	1	74.62974
95	780	74.414955
95	1198	74.12159
95	1210	73.728035
95	1240	73.57754
95	2000	73.161514
95	1573	72.84901
95	260	72.30247
96	1198	66.63028
96	2858	63.617985
96	1265	63.183685
96	589	61.828796
96	858	61.28982
96	1240	60.573025
96	50	60.347126
96	480	59.22445
96	1097	59.008095
96	1704	58.5316
97	1230	91.61898
97	1247	89.94618
97	910	89.27879
97	908	89.18772
97	608	86.54441
97	1219	86.07732
97	904	85.23279
97	1136	84.74077
97	2300	84.16018
97	1084	84.05579
98	1196	12.45373
98	1270	12.079348
98	260	11.720178
98	858	11.502878
98	1198	11.471429
98	1265	11.318172
98	110	11.211531
98	480	11.10269
98	1580	11.098661
98	589	11.095216
99	608	48.17866
99	593	47.838196
99	1617	46.061665
99	1196	44.852333
99	2762	44.207703
99	1704	43.95543
99	2571	43.91202
99	457	43.719254
99	356	43.70781
99	1580	43.20497
100	1240	60.809788
100	2916	60.533154
100	589	60.111416
100	1036	58.05213
100	457	57.251347
100	1610	56.97958
100	2000	56.285866
100	1374	56.28418
100	1214	56.247883
100	2985	54.153515
101	1291	108.91065
101	1610	106.4827
101	457	105.69745
101	592	105.60587
101	733	103.3275
101	1370	102.87373
101	2985	101.81102
101	316	99.35242
101	1527	99.17051
101	2115	98.53775
102	2716	51.90297
102	1196	49.03018
102	2762	48.610214
102	1617	46.830585
102	2571	46.24306
102	2028	46.226147
102	260	45.91638
102	296	45.780075
102	608	45.776516
102	1265	45.220745
103	377	106.9401
103	3256	99.428955
103	1240	98.844444
103	2628	98.52249
103	1196	97.369064
103	1917	96.68157
103	10	95.51682
103	1210	94.555595
103	1200	93.58684
103	1036	93.24158
104	2716	27.571808
104	2858	26.659477
104	2694	25.56318
104	2605	25.356915
104	2762	25.279589
104	2699	25.084995
104	1127	24.46818
104	2599	24.324286
104	2502	23.881666
104	2712	23.81444
105	1240	64.53896
105	1198	62.513348
105	1036	60.8819
105	2000	56.422474
105	2916	56.346073
105	1374	55.857395
105	457	55.139378
105	592	54.93236
105	1610	54.662884
105	110	53.840405
106	1265	32.947258
106	912	32.840797
106	1247	32.564487
106	1197	31.207077
106	919	30.478582
106	39	30.391882
106	608	30.326185
106	17	30.18494
106	1230	29.861046
106	34	28.923351
107	1196	73.59505
107	904	72.64252
107	1221	72.01949
107	1225	71.91608
107	1208	70.71868
107	1230	69.11795
107	903	69.03487
107	1136	68.74126
107	527	68.09763
107	1207	67.822876
108	1580	20.168997
108	589	19.879337
108	1196	19.136316
108	2571	18.406134
108	110	18.382809
108	608	18.097849
108	260	18.089308
108	1265	17.943993
108	1197	17.89273
108	1198	17.79375
109	1197	61.76468
109	1240	59.939476
109	1214	58.306816
109	1097	57.987343
109	480	57.82963
109	2174	57.130505
109	2797	56.78207
109	2571	56.671135
109	2000	56.511887
109	589	56.383827
110	457	49.137596
110	593	48.75476
110	6	48.24952
110	2028	47.61036
110	318	46.83208
110	2571	46.70909
110	2391	46.645878
110	1500	46.229565
110	589	46.103996
110	2916	45.277466
111	608	73.51816
111	1704	68.86483
111	2858	67.81492
111	527	66.529724
111	1213	66.246124
111	2396	66.17304
111	1	64.92218
111	457	64.39611
111	1393	62.510883
111	34	62.141193
112	1029	48.38751
112	364	45.88396
112	2018	44.357292
112	2081	43.780308
112	2137	42.41045
112	1025	41.759373
112	1028	38.89559
112	2294	38.888615
112	783	38.182438
112	919	37.927174
113	2916	37.90311
113	1196	35.392895
113	1240	34.221245
113	110	33.97958
113	457	33.81985
113	260	33.819813
113	1210	33.598755
113	2628	33.21983
113	316	33.130226
113	1356	32.46664
114	594	68.36206
114	1022	66.84089
114	2987	56.968018
114	783	54.166492
114	1907	53.463306
114	2139	52.608173
114	2090	51.83523
114	2141	50.44798
114	1033	50.361465
114	1030	49.775166
115	1580	23.162527
115	589	22.5616
115	2916	21.882318
115	2571	21.623844
115	1196	21.3189
115	1210	21.016035
115	1240	20.421402
115	260	20.200443
115	780	19.947716
115	1200	19.828772
116	2716	43.07086
116	1127	41.49688
116	1196	40.089
116	2858	37.83374
116	223	37.63419
116	1210	37.243675
116	1198	36.493553
116	1240	36.487682
116	2355	36.2127
116	1200	35.793526
117	480	269.9571
117	2985	266.06577
117	1127	254.36174
117	2640	253.4734
117	1375	241.17325
117	2193	240.75635
117	2641	239.25357
117	733	236.19002
117	380	235.70712
117	1220	232.83597
118	1580	184.63773
118	1240	174.97604
118	1610	174.68137
118	2000	166.52916
118	1370	163.9211
118	1527	159.92873
118	1214	152.3597
118	1270	151.14667
118	2194	147.91112
118	1608	144.42534
119	588	46.71957
119	2706	44.280975
119	1580	42.85876
119	595	42.022156
119	356	41.768772
119	1265	41.255085
119	586	41.056927
119	367	40.656586
119	2700	40.620186
119	2081	40.462543
120	1617	49.40069
120	318	48.784798
120	1198	48.49891
120	2028	47.471096
120	1259	46.218185
120	1270	45.486435
120	1214	45.344242
120	1136	45.08422
120	1089	44.28082
120	1240	44.215504
121	1240	64.16953
121	1200	62.854416
121	1580	61.77997
121	589	60.91115
121	480	58.94015
121	2640	55.966915
121	1356	54.983433
121	780	54.721794
121	1197	54.295803
121	1291	54.09328
122	2571	48.439617
122	589	47.542725
122	1036	47.198128
122	2916	47.190113
122	1240	46.70266
122	1580	46.536293
122	1610	46.30812
122	377	44.30574
122	110	44.00735
122	2000	43.86566
123	1220	258.23572
123	1197	254.8783
123	2987	249.23415
123	1079	247.98059
123	1580	247.9494
123	1265	244.56131
123	541	243.80878
123	1127	240.49467
123	2174	238.91727
123	2396	237.82904
124	608	16.966656
124	593	16.862585
124	318	16.373764
124	296	16.039719
124	1704	15.303614
124	1610	15.273982
124	1213	15.158684
124	2028	14.996862
124	110	14.906357
124	590	14.597224
125	1196	54.973423
125	589	53.386467
125	260	52.280796
125	1198	51.8199
125	1200	51.118248
125	1214	49.67168
125	1580	49.501694
125	2916	49.481964
125	2028	49.30958
125	110	49.155285
126	1196	26.820646
126	1198	25.443779
126	1240	24.235256
126	2571	23.75376
126	1214	23.526678
126	1291	23.152088
126	457	23.10804
126	2916	23.060497
126	1387	23.026497
126	2028	22.997347
127	2916	123.61414
127	1610	108.279144
127	1198	108.02699
127	1573	104.87976
127	1214	104.853325
127	1036	102.97683
127	377	102.789345
127	1291	102.48591
127	1197	101.65164
127	1676	101.53846
128	1580	10.04854
128	1240	9.890501
128	1196	9.828706
128	480	9.769033
128	589	9.659267
128	1198	9.635433
128	1270	9.5637
128	2916	9.371655
128	260	9.31525
128	1291	9.308152
129	457	144.84383
129	589	140.87044
129	1610	138.31528
129	377	134.56761
129	480	133.46404
129	110	131.09755
129	1291	128.63348
129	592	128.24301
129	260	128.19067
129	593	122.27438
130	2916	116.63223
130	1580	109.853065
130	1197	106.55128
130	2985	106.233696
130	2640	101.068
130	1954	100.54102
130	1127	100.35999
130	2406	99.22816
130	2115	98.14158
130	1270	97.73799
131	296	163.86925
131	1213	155.6223
131	1196	152.21725
131	34	142.42598
131	1394	142.26685
131	2028	140.12619
131	1208	136.02052
131	1079	135.47484
131	235	135.23521
131	1270	135.06812
132	2918	74.682465
132	1394	71.849754
132	2174	71.56251
132	2716	71.41724
132	1270	70.94755
132	2791	70.22843
132	1307	68.55146
132	1196	66.45389
132	1580	65.99311
132	2858	65.241455
133	608	105.19136
133	1704	102.6071
133	1265	101.92525
133	1213	97.33307
133	1196	96.253654
133	110	96.047745
133	1259	94.05245
133	1784	94.02799
133	2571	93.505646
133	2797	92.75834
134	316	100.214226
134	1610	99.72912
134	1196	98.45078
134	1240	96.7083
134	1210	95.287735
134	2028	94.001076
134	1391	92.00257
134	1552	91.39106
134	1200	91.03019
134	1270	90.66519
135	2997	45.845325
135	2599	43.67776
135	2712	41.248505
135	2762	40.82288
135	2700	39.78656
135	2395	39.538666
135	2699	38.869682
135	2396	38.67564
135	2987	37.907867
135	3081	37.904427
136	608	143.25658
136	1198	133.7915
136	296	133.13687
136	2174	129.69815
136	2797	129.19293
136	2396	128.61818
136	593	128.54391
136	2716	128.30023
136	527	126.65914
136	34	124.629845
137	1196	127.756256
137	377	126.14991
137	780	123.15165
137	1210	122.62202
137	380	122.621376
137	1198	119.75652
137	260	119.65091
137	1573	118.85896
137	1240	118.567604
137	593	118.34814
138	260	39.704887
138	527	39.337208
138	2028	39.23094
138	1198	37.50169
138	589	37.36805
138	2571	37.14117
138	1089	37.138588
138	541	36.644382
138	1240	36.447227
138	2762	36.004807
139	1270	166.99803
139	1198	160.65579
139	1240	159.794
139	2571	157.24463
139	589	151.93756
139	1265	148.06586
139	2797	147.87454
139	32	146.84592
139	1079	146.74585
139	1291	144.21516
140	1252	30.007515
140	2186	28.859959
140	908	28.423006
140	904	28.249249
140	910	27.653675
140	922	27.622765
140	903	27.3019
140	905	27.106215
140	1230	27.036436
140	1267	27.00684
141	1580	13.213956
141	1196	12.879887
141	589	12.725313
141	2028	12.551803
141	110	12.505015
141	2571	12.232344
141	260	12.026953
141	608	11.967382
141	1210	11.915635
141	1265	11.911037
142	608	35.94777
142	593	33.69999
142	1213	32.8855
142	2396	31.639177
142	527	31.25675
142	1196	30.843857
142	1704	30.557962
142	457	30.207981
142	2599	29.437305
142	110	29.374956
143	457	48.81693
143	377	46.942547
143	589	46.263046
143	1580	45.630753
143	480	45.39495
143	380	44.185192
143	1370	43.571438
143	1196	43.139904
143	2353	42.69175
143	1210	41.97758
144	2396	18.680077
144	2762	18.414167
144	318	18.218515
144	2028	17.676203
144	1704	16.867344
144	2997	16.835642
144	2716	16.793903
144	296	16.319326
144	110	16.161676
144	608	16.0394
145	2716	19.519878
145	2959	19.217558
145	2395	18.199986
145	2355	18.053257
145	2396	17.691
145	2762	17.66814
145	2712	17.554377
145	2770	17.479925
145	2580	17.183643
145	2700	16.864082
146	1270	208.62175
146	2797	206.6459
146	858	197.1384
146	924	196.63966
146	1278	194.31773
146	1394	192.49924
146	1304	191.45695
146	1234	189.69087
146	2716	189.2584
146	750	188.04172
147	2916	138.98936
147	380	134.90164
147	1036	125.88436
147	474	123.94787
147	1240	122.13991
147	1291	120.49415
147	2000	120.438
147	1210	119.803314
147	592	119.75506
147	1198	119.31259
148	733	311.3982
148	592	308.5653
148	1374	304.0779
148	2985	301.55206
148	1214	286.96808
148	2115	277.06363
148	1375	274.81467
148	21	272.68182
148	2001	270.8877
148	3107	269.23868
149	1394	312.32007
149	1	308.9816
149	1291	300.18414
149	1094	295.9067
149	34	294.1264
149	2174	293.5153
149	1732	292.4036
149	2791	290.9143
149	590	289.32306
149	1307	288.73416
150	1704	140.93889
150	1213	139.51839
150	50	134.92332
150	2599	134.75829
150	3418	129.49124
150	39	128.63425
150	1259	126.32676
150	2716	125.21836
150	1784	124.79595
150	1500	124.50869
151	457	217.93024
151	1197	208.81572
151	318	202.3387
151	260	199.95967
151	1396	197.8298
151	1573	196.23958
151	1198	192.2014
151	1036	186.92676
151	3253	185.53001
151	2716	184.67404
152	1265	19.40194
152	2918	17.967955
152	1923	17.934565
152	3253	17.40496
152	1197	17.254822
152	1500	17.185719
152	1517	17.138199
152	2858	17.096355
152	1270	17.058357
152	2321	16.95757
153	2683	14.3366585
153	223	13.810558
153	1923	13.204878
153	2716	13.054409
153	1265	12.957239
153	2997	12.743511
153	2355	12.665856
153	2502	12.424814
153	110	12.376701
153	1	12.175584
154	223	22.380207
154	2716	22.09466
154	2706	21.928877
154	2959	20.990696
154	2762	20.452032
154	2699	19.97056
154	2395	19.621166
154	2396	19.467638
154	2712	19.187656
154	593	19.054575
155	356	45.029217
155	3255	44.645866
155	440	42.97501
155	1	42.362694
155	2797	42.10336
155	1270	41.800884
155	2100	41.504436
155	597	41.438793
155	2321	41.27722
155	1517	41.247547
156	39	100.29653
156	587	96.15458
156	708	89.78679
156	1784	87.85179
156	1777	85.52972
156	1580	83.82748
156	2321	83.47562
156	1704	83.29981
156	318	79.40953
156	1307	79.335724
157	1036	243.80783
157	592	235.94426
157	296	234.7938
157	32	233.9558
157	593	233.89804
157	1220	228.80925
157	1527	225.03966
157	1387	223.62329
157	1222	222.27106
157	2194	220.70226
158	913	8.522042
158	908	8.207435
158	1252	8.19318
158	919	7.9797297
158	1247	7.811159
158	904	7.7391577
158	3334	7.658887
158	910	7.5113482
158	969	7.4999537
158	1230	7.441697
159	2858	22.151316
159	2716	21.81922
159	223	21.076853
159	2770	19.467768
159	2997	19.26723
159	2762	18.856157
159	2699	18.486628
159	2694	18.411903
159	356	18.350431
159	785	18.3068
160	1196	14.767096
160	1198	13.269564
160	1270	13.216713
160	1240	13.128554
160	589	13.044983
160	1214	12.992561
160	480	12.893133
160	1580	12.788259
160	1200	12.541521
160	2571	12.422706
161	858	188.76761
161	1230	179.1434
161	2289	178.6768
161	1094	175.09042
161	1193	173.81819
161	1221	170.37767
161	919	169.01724
161	50	168.31284
161	2396	165.27301
161	1358	163.81628
162	2571	93.10025
162	733	90.65266
162	1610	89.88677
162	380	89.503
162	2353	84.3445
162	648	83.93109
162	1196	83.287056
162	1210	82.115944
162	2628	80.97109
162	1527	80.910805
163	1610	179.52423
163	1370	175.35915
163	648	169.53445
163	1676	162.39607
163	349	160.87834
163	165	160.77649
163	474	160.41205
163	3256	160.30641
163	2628	157.37166
163	353	157.19057
164	912	14.067761
164	1247	13.940138
164	1196	13.084046
164	1250	12.904053
164	608	12.863015
164	919	12.754784
164	1674	12.646049
164	260	12.609608
164	527	12.558511
164	969	12.324543
165	2571	72.577065
165	1374	72.12724
165	2985	71.54271
165	2916	70.59872
165	750	70.00788
165	2640	69.18561
165	480	68.71361
165	858	68.495255
165	1580	67.43801
165	1036	67.260315
166	1197	229.79572
166	541	218.09253
166	1617	217.75539
166	1	216.04562
166	32	214.58762
166	110	211.17345
166	1374	209.22568
166	2396	206.65909
166	2000	205.80446
166	1610	203.79251
167	110	9.818792
167	2858	9.230774
167	377	9.193117
167	356	9.156471
167	2028	9.143379
167	1580	8.977361
167	593	8.838105
167	1610	8.82943
167	1393	8.822113
167	318	8.729014
168	1270	24.088875
168	1198	23.910805
168	1210	23.37737
168	1240	23.203646
168	1197	23.091772
168	2571	22.681435
168	589	22.328394
168	1214	22.213009
168	1265	21.97867
168	480	21.71389
169	1580	299.92047
169	1197	285.08838
169	2396	279.8216
169	1210	279.26123
169	1259	279.06625
169	1036	278.4971
169	2000	272.66614
169	2918	265.8448
169	2174	264.1281
169	592	261.98935
170	1036	73.06298
170	1580	72.25301
170	1374	70.88759
170	1291	69.90046
170	1197	69.50758
170	2985	69.13211
170	924	67.26037
170	1127	66.52574
170	2529	65.57881
170	1610	65.56103
171	608	13.618908
171	296	12.640367
171	2858	12.623927
171	593	12.448988
171	318	12.430378
171	1617	12.42431
171	1213	12.369484
171	2028	12.271593
171	1196	12.027682
171	1221	11.789683
172	1617	11.169628
172	608	10.809439
172	1213	10.303388
172	858	9.847478
172	1394	9.777442
172	1252	9.776965
172	1259	9.65139
172	1265	9.64829
172	1079	9.600346
172	1294	9.246826
173	1084	212.61937
173	2289	201.11205
173	1225	198.4025
173	1193	198.205
173	1276	193.73306
173	2300	192.83447
173	1304	191.93314
173	3363	190.00653
173	1228	189.27277
173	1250	188.25444
174	1196	82.52946
174	1198	79.840515
174	1200	78.302124
174	480	76.42866
174	2000	74.19869
174	2028	72.167595
174	1387	70.96126
174	1197	70.92043
174	2640	68.70467
174	1954	67.87732
175	608	185.9097
175	1265	180.33261
175	1213	169.3263
175	1704	167.84048
175	39	164.04538
175	34	163.35767
175	1617	161.89995
175	1784	160.88786
175	50	158.01154
175	2599	155.98672
176	2174	69.618546
176	3210	66.36839
176	2791	64.75122
176	2470	62.176186
176	1259	61.462334
176	2134	60.58124
176	2001	58.71576
176	2804	57.848083
176	1291	57.6595
176	1198	57.432533
177	2571	39.900093
177	589	39.143795
177	1214	38.851177
177	1200	38.760212
177	1270	38.609367
177	2916	38.030697
177	1198	37.589436
177	1374	36.69293
177	1097	36.54027
177	32	35.159447
178	2406	72.63066
178	1097	70.501656
178	1270	69.73766
178	2000	66.2187
178	1291	66.10502
178	592	64.186066
178	2054	63.352314
178	2716	62.423515
178	1259	62.321854
178	2470	62.12086
179	260	60.03825
179	1198	57.451427
179	1214	57.18567
179	2000	56.87211
179	1291	56.1973
179	1036	55.97236
179	1197	55.604805
179	2640	55.065437
179	2406	53.62
179	1220	53.34261
180	111	24.362823
180	858	23.180515
180	1213	23.048769
180	1252	22.845987
180	3424	22.79049
180	1674	22.69916
180	1225	22.641834
180	2020	22.479698
180	1231	22.44363
180	1394	21.464363
181	589	221.13829
181	260	203.84673
181	780	198.07384
181	1573	197.50974
181	2353	188.27927
181	1214	187.27806
181	593	184.59628
181	1374	184.43031
181	1676	183.46928
181	2001	183.43347
182	2858	63.22756
182	296	62.41984
182	1580	61.687256
182	1923	60.44258
182	608	59.924236
182	457	58.81678
182	2571	58.4554
182	2321	58.269142
182	593	58.25287
182	3253	57.67536
183	1617	53.003784
183	608	51.778286
183	912	50.335384
183	1230	50.16024
183	858	50.117233
183	923	49.249146
183	908	48.87908
183	1267	48.77901
183	1219	48.598713
183	919	48.373646
184	260	57.860306
184	1210	54.805058
184	1197	54.66375
184	1240	54.510094
184	1270	54.437504
184	457	54.188663
184	1291	54.018764
184	1036	53.80512
184	2028	53.461647
184	2000	53.1645
185	2571	46.245075
185	457	44.218613
185	733	43.40394
185	377	42.80192
185	1527	42.6444
185	316	41.920773
185	1573	41.691925
185	648	41.39093
185	1240	40.64585
185	1196	40.576965
186	588	95.62936
186	1291	92.65034
186	1580	91.768005
186	1282	91.681145
186	480	90.772736
186	592	88.43624
186	1073	87.01578
186	1036	86.58015
186	1374	86.497826
186	2174	86.030685
187	25	164.90291
187	527	156.90785
187	2289	156.06963
187	2997	149.04213
187	3006	148.13712
187	1120	146.94873
187	1834	145.84685
187	3386	144.09038
187	508	141.22028
187	2336	140.50423
188	2858	27.417263
188	2716	26.817625
188	1127	26.802101
188	2997	25.334932
188	260	24.746479
188	1210	24.403309
188	589	24.248802
188	1240	24.076601
188	3175	23.906452
188	2916	23.54682
189	2571	20.728495
189	457	20.177517
189	589	19.540506
189	296	19.523773
189	110	19.460173
189	480	19.160244
189	608	19.109596
189	50	18.550802
189	377	18.414337
189	527	18.371092
190	1196	113.0522
190	1198	106.98558
190	1213	105.200005
190	1394	102.96797
190	50	102.9619
190	1265	102.621
190	1270	102.59133
190	318	100.45454
190	527	99.30055
190	1079	99.09701
191	1517	15.557234
191	1923	14.442844
191	3253	13.991723
191	2683	13.965342
191	231	13.902525
191	2124	13.871473
191	318	13.845585
191	296	13.746527
191	110	13.67964
191	1784	13.640812
192	2916	256.51593
192	2028	251.7295
192	1	238.85197
192	593	238.61691
192	2762	229.49033
192	32	227.64009
192	3418	225.98512
192	592	224.96616
192	2000	222.3676
192	2353	217.46982
193	1230	112.13173
193	1252	111.41072
193	1247	111.00714
193	904	108.99175
193	903	106.68105
193	858	104.49774
193	2396	104.07838
193	527	101.57866
193	296	101.5785
193	111	101.349174
194	3253	39.033768
194	2321	37.942684
194	1784	37.508392
194	1923	37.063522
194	587	37.028774
194	380	36.698574
194	2797	36.56385
194	539	36.55438
194	1270	36.525364
194	597	36.274918
195	2571	354.11337
195	1210	330.08148
195	780	324.40234
195	1200	323.33737
195	2028	320.44208
195	1291	312.68613
195	1610	308.72525
195	1374	306.94565
195	1676	304.6155
195	1396	301.49387
196	318	26.92984
196	858	25.957235
196	527	25.694792
196	1089	24.473917
196	2028	24.154696
196	1196	23.78867
196	111	23.534304
196	1265	23.249527
196	2762	23.17798
196	2396	22.920874
197	608	18.53698
197	1196	18.364443
197	2858	18.013206
197	2028	17.981123
197	296	17.964758
197	1198	17.433266
197	1265	17.42
197	589	17.190577
197	110	17.147612
197	527	17.119392
198	457	246.10916
198	2406	245.55785
198	733	232.10513
198	1573	227.76384
198	648	227.05681
198	1127	225.21518
198	21	224.27632
198	1259	223.51315
198	1527	222.89206
198	367	221.30537
199	1196	209.34236
199	2916	205.70001
199	457	189.31125
199	1198	188.25209
199	1265	182.63905
199	1610	180.78712
199	1036	177.98155
199	1291	176.70828
199	1	176.08311
199	380	175.39503
200	223	10.779911
200	2710	10.528259
200	2858	10.50492
200	2694	10.490647
200	2355	10.402474
200	2571	10.325353
200	2770	10.083009
200	1377	10.0117445
200	110	10.001222
200	1197	9.971714
201	1265	42.752785
201	318	40.51528
201	2858	39.248688
201	357	39.066643
201	1393	38.67054
201	39	38.330494
201	2762	37.367775
201	593	37.205025
201	2321	37.130756
201	1641	36.992455
202	2858	265.80292
202	2762	263.95102
202	1573	262.75726
202	1197	259.4026
202	1	255.99283
202	1270	255.28845
202	527	253.26125
202	1127	247.0582
202	1259	246.4264
202	1784	243.16982
203	296	51.765854
203	150	48.03856
203	608	47.68174
203	36	45.73902
203	1358	45.483467
203	300	45.19695
203	1673	44.40516
203	50	44.16526
203	2858	44.02883
203	3386	43.857075
204	2628	218.64021
204	1527	217.85982
204	10	215.78969
204	474	215.18935
204	1036	212.6531
204	1876	212.56435
204	1676	210.45703
204	1722	210.29497
204	2000	209.94772
204	1240	208.08069
205	608	94.98779
205	1617	94.16662
205	858	93.4988
205	1079	91.964745
205	1196	91.20695
205	541	90.56208
205	1234	89.85536
205	260	89.53315
205	1270	89.09258
205	1080	88.79339
206	1580	8.476393
206	780	7.7463403
206	480	7.5294924
206	2012	7.297585
206	1917	7.2959833
206	1391	7.264484
206	316	7.203064
206	2628	7.1748724
206	1527	7.1314807
206	2916	7.016892
207	1580	10.8458185
207	260	10.203492
207	2571	10.183706
207	589	10.120927
207	110	9.6974125
207	608	9.639322
207	1265	9.624107
207	1198	9.491979
207	2396	9.459238
207	1259	9.417589
208	2571	124.734436
208	858	120.85415
208	1210	119.42474
208	457	118.45983
208	1197	117.869484
208	1270	117.65877
208	1213	117.44187
208	2916	116.29163
208	1	110.936485
208	2000	110.26382
209	2716	14.529186
209	1580	14.404879
209	2683	14.288022
209	1	13.295929
209	1265	13.215614
209	1196	13.141894
209	480	13.055067
209	2571	13.040305
209	1210	12.784256
209	2396	12.769748
210	1370	117.84922
210	1573	109.80076
210	1608	107.85342
210	2916	107.79824
210	3256	107.03003
210	457	107.0054
210	95	103.572655
210	1597	102.52537
210	2571	101.5942
210	589	99.49518
211	1580	17.503296
211	589	16.95026
211	1196	16.716267
211	1240	16.287647
211	260	16.105312
211	2916	16.084717
211	1200	15.58632
211	2571	15.348909
211	1214	15.166763
211	1198	15.077167
212	1610	87.88376
212	2916	85.95371
212	2571	85.65722
212	377	84.73717
212	733	83.60904
212	1196	83.54085
212	110	82.21804
212	3256	79.14886
212	260	77.58532
212	1210	77.49589
213	1580	22.97769
213	1196	22.01376
213	2571	21.836447
213	480	21.830019
213	589	21.703978
213	2396	21.615677
213	2028	21.594475
213	1270	21.50517
213	457	21.369568
213	1197	21.298069
214	39	88.74485
214	608	86.165504
214	1517	85.16133
214	2700	84.9315
214	3253	84.478195
214	2571	82.99331
214	296	82.94593
214	1270	82.183304
214	589	81.81835
214	1197	81.355125
215	1196	37.4866
215	1580	37.39953
215	2571	36.313583
215	589	35.6222
215	1240	34.903282
215	1270	34.5243
215	1198	34.038036
215	457	33.35627
215	780	33.332417
215	1291	33.04561
216	1	261.2275
216	1197	258.3537
216	3253	247.69533
216	260	229.7214
216	1285	227.92146
216	1617	227.17235
216	2987	225.70412
216	1097	224.63945
216	919	224.36382
216	2108	220.27003
217	1196	17.456474
217	1198	16.361147
217	1270	16.282846
217	1265	16.037739
217	260	15.979203
217	2571	15.859623
217	2000	15.715374
217	1240	15.520892
217	1291	15.51576
217	1036	15.476528
218	2858	30.17473
218	2716	29.624119
218	2355	29.560871
218	2997	28.132833
218	1127	26.859682
218	2712	26.4538
218	2762	25.58399
218	1093	25.47654
218	2541	24.706396
218	2987	24.41366
219	1580	17.535374
219	589	16.911457
219	2571	16.71157
219	110	16.365807
219	1196	16.140574
219	1265	16.140265
219	2716	15.969286
219	1	15.7418995
219	1270	15.708288
219	457	15.379883
220	1196	85.80864
220	296	80.83319
220	1079	79.40837
220	593	78.11124
220	1617	77.60125
220	318	77.60041
220	2918	76.93496
220	260	76.69269
220	1097	75.757996
220	2028	75.64064
221	2571	12.540176
221	1580	12.199449
221	1196	12.143772
221	608	12.115774
221	377	12.025996
221	2916	11.967333
221	480	11.899776
221	457	11.887743
221	593	11.661541
221	589	11.656727
222	2916	63.477715
222	1580	61.00834
222	1270	58.25852
222	1291	58.117596
222	1036	57.943977
222	1197	57.545475
222	457	57.403316
222	110	57.011497
222	1610	55.90889
222	2985	55.6869
223	377	137.2296
223	2012	129.659
223	110	128.7299
223	1196	128.47665
223	1370	127.80669
223	588	127.63515
223	1391	127.39732
223	2000	127.295456
223	1210	126.618965
223	1291	126.561
224	2396	122.77553
224	1394	119.41991
224	527	115.64535
224	1617	114.66837
224	2797	114.10524
224	34	113.466354
224	50	110.62386
224	1198	109.66492
224	2291	107.28971
224	858	106.931694
225	593	227.46706
225	1288	200.17438
225	2291	198.6338
225	32	196.6101
225	2064	193.72505
225	1225	191.84528
225	1641	190.84792
225	1208	189.90486
225	1198	189.0934
225	1221	188.02162
226	1270	14.890987
226	2000	14.746314
226	1198	14.524248
226	1197	14.399102
226	2797	14.283919
226	1394	14.204727
226	1240	14.006253
226	2918	13.989146
226	1259	13.900776
226	2716	13.838914
227	2858	22.136034
227	223	19.19856
227	2762	19.00485
227	608	18.875767
227	1196	18.780272
227	2396	18.431684
227	2571	18.194548
227	593	18.193905
227	2355	17.782461
227	2028	17.775763
228	2571	17.185217
228	589	17.181597
228	1580	17.026373
228	1196	16.565948
228	608	16.104082
228	260	15.693622
228	1	15.672602
228	2916	15.668985
228	296	15.466815
228	1617	15.374908
229	593	87.7502
229	32	83.970116
229	1265	83.308365
229	2762	83.05055
229	589	81.82847
229	2291	81.438545
229	2396	80.717285
229	1196	80.52969
229	457	80.306305
229	50	80.300934
230	1196	118.9679
230	318	115.33843
230	457	114.12775
230	593	113.78086
230	2858	113.69632
230	2396	111.61464
230	1197	109.10593
230	1210	108.90364
230	1240	107.98691
230	1617	107.93567
231	1196	98.67564
231	260	94.471985
231	1198	89.74454
231	589	88.03882
231	1036	80.52072
231	2987	80.29758
231	1374	80.2687
231	593	79.88451
231	1617	79.15053
231	457	78.9649
232	608	55.90589
232	296	55.337433
232	1394	53.20333
232	1617	52.167538
232	1500	51.979496
232	39	51.92217
232	1213	51.894157
232	1580	51.83014
232	50	51.328327
232	2321	51.002556
233	1282	35.576385
233	2081	35.500004
233	588	35.259502
233	1022	35.11923
233	1197	35.007347
233	1	34.405006
233	2087	33.32677
233	899	33.020252
233	364	33.01835
233	2078	32.759315
234	2028	26.156467
234	608	25.262589
234	296	25.219515
234	593	25.15324
234	110	23.859287
234	1617	23.27234
234	1704	22.88711
234	457	22.849352
234	1221	22.664852
234	2858	22.649252
235	111	209.93141
235	1394	208.23967
235	1208	206.42711
235	1294	205.22784
235	1270	203.82101
235	1206	202.62465
235	1219	200.9222
235	1079	200.44461
235	1278	197.28955
235	593	194.15433
236	1196	55.133545
236	260	52.562874
236	1270	49.16189
236	1240	48.868275
236	2571	48.613617
236	593	47.97041
236	2028	47.963932
236	1197	47.890182
236	296	47.062492
236	858	46.935287
237	2571	105.265594
237	589	103.31538
237	2028	102.413475
237	377	101.68503
237	110	100.34382
237	1610	99.99835
237	2916	99.59318
237	2396	97.05075
237	2000	96.21261
237	2918	95.81925
238	1225	122.09731
238	527	119.320526
238	318	117.9675
238	111	113.72747
238	1084	113.05309
238	1193	111.42307
238	1617	110.60618
238	912	110.36831
238	1228	107.61313
238	1293	105.61087
239	608	58.653996
239	296	56.443798
239	1196	56.34736
239	318	55.963535
239	593	55.11356
239	1617	55.08068
239	1270	53.273132
239	34	52.23996
239	356	51.59151
239	50	51.529144
240	2916	99.424355
240	2985	92.50125
240	1197	92.468925
240	2640	91.06902
240	1036	90.5035
240	1387	90.32811
240	457	88.85684
240	2628	88.57939
240	2028	87.60759
240	592	87.298256
241	260	53.576115
241	1210	47.757595
241	2916	46.88095
241	2985	45.995613
241	1198	45.810993
241	1580	45.643707
241	480	45.120876
241	2529	44.86717
241	1199	43.30732
241	2640	43.16985
242	2916	157.36685
242	589	153.14394
242	1240	144.8381
242	457	142.23859
242	377	140.89285
242	1	137.63268
242	1377	137.30913
242	1200	136.0438
242	1197	135.82024
242	1370	134.29172
243	1265	23.89559
243	1394	23.026978
243	1270	22.273075
243	1307	22.149357
243	2918	22.098478
243	2396	21.808962
243	1259	21.763117
243	2716	21.211237
243	1294	21.20712
243	1278	21.15786
244	1580	63.368294
244	1196	62.06718
244	2571	61.5317
244	39	59.220535
244	2028	58.918835
244	1197	58.58244
244	1	57.972446
244	457	57.90704
244	608	56.442047
244	2916	56.1781
245	1036	264.37283
245	1291	258.9673
245	1387	257.03537
245	1265	255.82368
245	2011	252.87036
245	1394	250.05534
245	1	249.45854
245	2987	247.86084
245	1127	243.0196
245	457	242.54863
246	1	24.748539
246	1196	23.657158
246	1197	23.221199
246	1198	22.215256
246	260	22.092527
246	1580	21.861067
246	2396	21.789885
246	2858	21.789043
246	2797	21.668646
246	2791	21.520145
247	608	20.693647
247	296	19.98023
247	593	19.947605
247	1704	19.676126
247	1213	19.48092
247	2858	18.47247
247	1225	18.255854
247	1617	18.013746
247	150	17.507423
247	1358	17.476114
248	1240	32.04956
248	2571	31.523756
248	1291	30.631243
248	2916	29.732014
248	1580	29.587698
248	1200	29.485485
248	2028	28.599312
248	1610	28.245861
248	1214	28.244219
248	2000	27.806345
249	1265	96.933174
249	1198	96.88576
249	2000	95.258194
249	2028	93.55994
249	2916	92.08464
249	1610	91.819565
249	1291	91.47252
249	110	90.524826
249	1	90.45041
249	377	90.16198
250	589	14.521809
250	1580	14.283369
250	1196	13.954576
250	2571	13.825893
250	260	13.426824
250	1200	13.425407
250	1240	13.199575
250	2916	13.16972
250	1270	12.994114
250	1210	12.87895
251	1196	51.340454
251	2797	50.98722
251	1197	50.0406
251	2406	48.253284
251	1265	48.123646
251	1198	47.949104
251	1210	47.29876
251	2791	47.22198
251	1240	47.215878
251	1291	46.82297
252	2916	47.340847
252	457	45.061832
252	377	43.883522
252	1610	43.711216
252	110	42.6504
252	1196	42.051712
252	1240	41.94363
252	1370	41.890034
252	780	41.234978
252	1210	40.345795
253	608	32.18138
253	318	30.062437
253	296	29.387346
253	527	28.973547
253	2396	28.248497
253	1213	27.305561
253	1704	26.36401
253	2289	26.311337
253	50	26.286203
253	36	26.242098
254	1214	15.91771
254	1200	14.862405
254	1196	14.654394
254	1240	14.635358
254	260	14.621164
254	1198	13.86094
254	858	13.54278
254	2529	13.508952
254	2640	13.392575
254	1210	12.985582
255	480	141.69016
255	2916	141.18776
255	589	140.43147
255	1240	137.72012
255	1610	137.51546
255	2000	134.22418
255	1210	134.00526
255	1200	133.36525
255	2028	133.09799
255	592	132.38976
256	260	78.57255
256	457	77.20019
256	2916	76.01853
256	1214	75.956635
256	1200	75.91638
256	1610	75.88445
256	1291	74.31751
256	480	73.20329
256	1387	73.11505
256	1580	71.58373
257	2916	51.920094
257	1610	49.115433
257	1196	47.765224
257	2028	47.71884
257	1240	47.16966
257	110	46.455975
257	1573	46.425774
257	733	45.412605
257	1210	45.368122
257	780	45.11509
258	457	96.43077
258	296	94.7073
258	608	94.148994
258	1580	93.986694
258	593	93.019455
258	110	92.49229
258	1704	91.38765
258	356	90.44402
258	2916	87.36345
258	2762	87.06711
259	2858	101.502304
259	527	94.5751
259	457	93.05599
259	1704	92.72819
259	2571	92.58926
259	589	90.92187
259	1500	90.7544
259	21	90.68283
259	1580	89.94888
259	2762	89.333336
260	457	128.09824
260	780	124.59768
260	2000	119.33173
260	1200	119.33114
260	2985	117.288
260	3256	117.05142
260	2353	116.21666
260	1374	115.20551
260	10	114.16485
260	1127	114.02317
261	296	235.70917
261	593	228.2837
261	1617	226.27808
261	2028	220.76157
261	1270	218.12964
261	50	216.57295
261	2571	215.2209
261	1580	211.43135
261	1240	207.45847
261	2396	205.55455
262	1580	75.87672
262	1200	74.875824
262	780	74.39975
262	329	74.29815
262	2105	74.275444
262	2640	72.82438
262	589	72.711975
262	1127	70.209114
262	2628	69.75317
262	2641	68.79087
263	1580	76.41856
263	1270	73.776985
263	2571	70.60975
263	1210	70.35804
263	589	69.84908
263	260	69.01763
263	2918	68.71144
263	457	68.56623
263	2797	68.14808
263	2028	66.822174
264	1270	224.03613
264	2406	213.03407
264	1291	209.53908
264	592	208.78413
264	2571	202.6569
264	2716	196.9874
264	2054	196.55711
264	1265	195.67828
264	1610	190.4351
264	1307	189.45345
265	1028	60.050163
265	1029	54.360703
265	1022	54.030273
265	2087	53.22097
265	2096	51.959618
265	588	49.883087
265	2081	49.350266
265	1197	48.611
265	1	47.818825
265	912	47.46245
266	1617	43.33303
266	858	42.898094
266	593	42.40942
266	919	41.786423
266	2858	41.03425
266	50	40.732723
266	912	40.102505
266	1247	39.79715
266	1213	39.469982
266	1136	39.320045
267	1265	78.61811
267	593	78.153915
267	2858	75.41145
267	2291	72.6985
267	1393	71.73624
267	150	71.6409
267	1641	71.28265
267	1358	70.82051
267	457	70.20396
267	1094	69.72552
268	356	123.65583
268	11	119.63897
268	539	119.16738
268	1569	117.03653
268	1777	113.97436
268	2424	113.41612
268	648	107.90591
268	708	106.68482
268	480	106.593925
268	780	106.13008
269	608	16.916273
269	2858	16.31859
269	296	16.017586
269	2997	15.736333
269	50	15.589964
269	1213	14.901247
269	318	14.464699
269	2396	14.427157
269	1265	14.187054
269	2599	14.185936
270	593	67.86721
270	1196	66.25369
270	296	65.47695
270	50	64.02079
270	2396	63.5391
270	2028	62.80891
270	260	62.696533
270	1213	62.24718
270	318	61.755856
270	1259	61.15776
271	2916	210.79387
271	2000	207.9282
271	2406	207.41484
271	1036	206.17313
271	1374	204.98288
271	2918	195.8196
271	2985	195.55777
271	1127	194.47292
271	2028	193.8927
271	1259	193.46796
272	2571	272.2997
272	589	268.6846
272	1240	259.56586
272	2028	257.5247
272	1036	256.16614
272	457	254.55164
272	110	252.72954
272	1200	248.01494
272	1610	247.14737
272	377	241.0539
273	480	131.96121
273	457	130.71199
273	1270	125.98001
273	1265	125.112564
273	1610	124.90433
273	110	124.74368
273	377	124.15337
273	1240	122.33438
273	1291	122.16461
273	780	118.099464
274	2396	101.09198
274	2571	95.939545
274	2599	95.6283
274	1617	94.02845
274	260	92.78427
274	1198	92.63271
274	527	92.59122
274	110	91.260925
274	50	91.02925
274	589	89.53644
275	1259	70.451126
275	1198	68.3372
275	2000	66.837364
275	608	66.70458
275	1079	66.136116
275	1036	65.50711
275	2918	64.82374
275	2797	64.25772
275	260	63.75073
275	296	63.65122
276	858	16.161316
276	1136	14.375176
276	1219	14.268085
276	1259	14.261741
276	1617	14.176159
276	908	14.080915
276	1394	14.047181
276	1252	14.029663
276	1387	13.87821
276	541	13.873404
277	318	20.701302
277	608	20.651897
277	2858	20.075481
277	1196	20.00141
277	296	19.912289
277	2028	19.58107
277	527	19.429605
277	1617	19.07096
277	2571	19.044548
277	1	18.948128
278	1994	124.628876
278	1407	108.41504
278	1333	107.32691
278	2901	105.98937
278	2121	103.42272
278	2097	101.47419
278	2787	100.91806
278	1983	99.90082
278	724	98.046936
278	2902	97.66637
279	2028	26.427752
279	260	26.243898
279	858	25.598074
279	1198	25.403774
279	1240	25.002453
279	1036	24.572552
279	1214	24.535809
279	589	24.193777
279	1221	23.790096
279	608	23.786015
280	1136	34.734386
280	1079	33.17228
280	1394	33.005177
280	1278	32.385216
280	858	32.13948
280	608	31.742088
280	1265	31.696468
280	1304	31.489756
280	2396	31.152283
280	1276	30.747566
281	2858	73.034805
281	318	71.82698
281	1213	70.19805
281	2997	65.80074
281	1704	65.11786
281	1358	63.599743
281	1265	63.139133
281	2289	62.988853
281	36	61.161804
281	1089	60.411827
282	457	27.051811
282	589	25.565872
282	377	24.814512
282	2916	24.652168
282	608	24.637403
282	2028	24.52181
282	1617	24.000824
282	50	23.93627
282	110	23.514227
282	1580	23.351223
283	2571	23.099586
283	780	22.301939
283	2628	22.084211
283	1127	21.886953
283	2716	21.76594
283	1580	21.586624
283	2916	21.163776
283	480	20.92131
283	589	20.89667
283	1527	20.894339
284	1580	220.48161
284	1198	219.53854
284	1240	214.96095
284	2174	212.53535
284	2571	210.85442
284	2000	210.54237
284	589	209.41885
284	2987	208.65097
284	1097	208.25238
284	2916	207.56105
285	608	66.077644
285	296	60.099457
285	2064	57.44565
285	1674	55.70406
285	1394	55.22238
285	1617	55.11693
285	1247	54.990276
285	2352	54.881863
285	1293	54.763885
285	2313	54.501026
286	318	37.40029
286	1213	37.16903
286	50	36.856033
286	2028	35.45363
286	527	35.148396
286	1196	35.04112
286	2762	33.49215
286	2396	33.404
286	1198	33.268757
286	589	33.255634
287	608	67.643074
287	2599	62.20511
287	1617	60.73414
287	50	58.146576
287	2959	56.041275
287	3176	56.010796
287	223	55.60203
287	1265	55.202824
287	2908	54.299587
287	1196	53.993668
288	589	62.101566
288	2916	61.253784
288	457	60.911057
288	1610	59.478645
288	480	59.056973
288	1580	59.05051
288	592	58.45215
288	1214	57.48415
288	2028	57.131638
288	377	55.223427
289	1617	59.426098
289	1196	58.635025
289	1214	56.96364
289	260	56.779926
289	296	55.192154
289	1198	54.983356
289	1240	54.805103
289	541	54.13106
289	1213	54.03265
289	457	52.262123
290	296	29.722332
290	2028	29.68028
290	1196	27.773916
290	1617	27.677868
290	2571	27.522877
290	1704	27.26788
290	1213	27.251896
290	2762	27.124279
290	457	27.112381
290	2396	26.382185
291	1307	60.594936
291	318	58.727787
291	608	58.49005
291	1097	57.382683
291	1197	57.32349
291	260	57.151737
291	1265	56.980682
291	1094	55.886524
291	357	55.505814
291	1617	55.385914
292	480	33.08949
292	1240	32.85069
292	608	32.097076
292	1214	31.694588
292	2028	31.61935
292	1210	31.46149
292	1200	31.23801
292	1198	31.189175
292	296	30.844852
292	541	30.608194
293	1079	125.75054
293	1213	124.22208
293	1094	123.735535
293	296	121.04852
293	1394	119.77031
293	1259	119.38404
293	2289	118.039696
293	1617	117.78493
293	2396	117.230095
293	858	114.17039
294	1265	30.263878
294	1641	28.982643
294	2395	28.743813
294	608	28.201895
294	2858	27.857983
294	39	27.445406
294	2599	27.366175
294	2289	27.183308
294	296	27.007078
294	1500	26.87381
295	1210	92.813065
295	3175	90.0745
295	1200	90.007126
295	110	89.69844
295	480	89.67627
295	2916	89.640305
295	593	87.599525
295	1580	87.32565
295	457	87.08605
295	1270	83.249886
296	1214	47.327564
296	1580	47.05651
296	1200	46.50571
296	1196	46.505154
296	260	46.23686
296	1240	45.83127
296	1374	45.198345
296	2640	45.033737
296	589	44.854275
296	1270	44.381664
297	50	71.02082
297	1197	70.813965
297	1259	70.43
297	1270	69.557365
297	1265	69.06192
297	912	68.94306
297	1387	68.935486
297	1394	68.48425
297	541	67.35856
297	1210	67.32493
298	608	15.610567
298	593	15.435391
298	296	14.846667
298	318	14.789018
298	2396	14.657349
298	1	14.636217
298	2997	14.629749
298	34	14.563034
298	1265	14.517913
298	1617	14.303604
299	1617	61.17502
299	296	59.56907
299	1213	59.196064
299	318	58.06337
299	593	57.737297
299	527	57.52218
299	50	57.38953
299	2396	56.373672
299	1265	55.904636
299	1196	55.36698
300	1196	179.35577
300	1198	173.17563
300	260	169.79907
300	296	160.45587
300	3361	160.2076
300	527	159.9484
300	1265	159.57686
300	1304	159.38536
300	1220	158.44585
300	1097	158.05243
301	1259	221.04999
301	377	220.17899
301	356	216.69687
301	1097	212.69395
301	858	211.73222
301	2000	211.55174
301	21	210.15543
301	592	210.10728
301	1500	209.6716
301	2918	206.13077
302	3255	295.80637
302	367	293.64694
302	1196	292.67184
302	1784	290.5575
302	2000	290.29663
302	2858	288.6101
302	1036	284.5615
302	592	282.72955
302	165	278.81076
302	1240	277.06158
303	1704	115.45443
303	318	115.12727
303	593	110.48725
303	1213	110.42484
303	36	106.30901
303	25	104.29618
303	1617	103.70007
303	1265	103.649124
303	1358	103.39475
303	2396	102.20172
304	922	20.514797
304	2186	20.23688
304	930	19.623106
304	1267	19.19602
304	2203	17.474098
304	1212	16.824497
304	3364	16.019043
304	910	15.846016
304	1179	15.631107
304	1344	15.433731
305	1347	71.74513
305	2867	60.58025
305	968	59.759937
305	1128	59.709076
305	1342	58.120377
305	2148	57.707874
305	724	55.886726
305	2459	55.44717
305	1334	54.103302
305	3016	52.901917
306	1610	129.5673
306	1265	128.2156
306	480	126.99539
306	110	124.8196
306	608	122.72016
306	356	119.65166
306	1196	119.434906
306	1198	115.32029
306	2000	114.115456
306	1500	113.940865
307	923	133.54005
307	1230	125.58802
307	910	123.73285
307	903	122.76689
307	913	121.88327
307	1945	118.82896
307	1225	118.50245
307	924	117.641014
307	1250	115.71701
307	1953	113.604034
308	1259	294.1849
308	1136	288.47186
308	1307	273.78488
308	1580	270.9101
308	1225	261.3764
308	3361	260.92905
308	110	259.07095
308	1242	256.70557
308	2916	255.81865
308	34	255.09882
309	296	107.195335
309	1196	105.69159
309	593	104.838875
309	110	101.2423
309	1580	99.55949
309	260	99.20977
309	1210	95.88833
309	1610	95.87012
309	1	95.23612
309	32	91.67618
310	440	105.57615
310	3255	101.8592
310	318	100.845345
310	2291	100.15881
310	2321	98.278656
310	339	96.950134
310	1580	95.35145
310	2028	95.286575
310	150	93.96404
310	588	93.15075
311	1196	18.800419
311	1198	17.950819
311	260	17.730213
311	2571	17.492186
311	1270	17.42709
311	480	17.403069
311	2028	17.136469
311	1580	17.079815
311	589	17.03697
311	318	16.737572
312	527	37.63967
312	1213	37.02696
312	858	34.795322
312	1617	34.770096
312	2028	33.328785
312	111	33.062595
312	1196	32.817707
312	1208	31.932137
312	1198	31.882008
312	923	31.646324
313	1196	11.764214
313	1198	11.167502
313	260	11.158718
313	593	11.015431
313	296	10.995581
313	1259	10.886744
313	608	10.773139
313	1197	10.68296
313	589	10.298565
313	1240	10.288187
314	858	156.92212
314	1084	149.95619
314	1252	148.67242
314	1208	144.41974
314	111	143.33641
314	903	142.95984
314	1221	142.18831
314	1230	141.93427
314	924	140.88759
314	1196	140.4979
315	908	16.206446
315	1252	16.131348
315	1219	16.112926
315	750	15.879995
315	260	15.639059
315	541	15.621784
315	912	15.548136
315	858	15.476771
315	1617	14.99913
315	913	14.831211
316	1240	81.42516
316	1374	79.91931
316	2985	75.3145
316	1356	73.00643
316	2529	70.90615
316	2105	70.78471
316	2628	69.375084
316	1198	68.4506
316	1375	68.13769
316	316	67.53814
317	1198	15.194265
317	1270	15.061513
317	260	14.785543
317	1197	14.104561
317	1210	14.0061455
317	1259	13.890981
317	2797	13.712025
317	858	13.707595
317	608	13.6767645
317	1240	13.672725
318	2396	12.09919
318	2858	12.070821
318	2987	11.55637
318	2997	10.975197
318	2762	10.956311
318	608	10.563143
318	2599	10.438027
318	593	10.378848
318	1196	10.362017
318	1	10.207233
319	296	249.31302
319	1704	248.92859
319	21	240.61
319	3418	239.73477
319	2321	234.68015
319	50	230.91898
319	1213	230.72414
319	1	229.36261
319	34	226.16301
319	1307	222.09065
320	608	13.385771
320	1198	13.21313
320	858	12.719064
320	260	12.662597
320	593	12.641981
320	527	12.596123
320	1210	12.588801
320	589	12.325888
320	1617	12.305208
320	318	12.281254
321	2571	106.21451
321	1580	105.782906
321	1196	102.30475
321	589	100.70554
321	2028	98.179276
321	2716	96.91464
321	457	96.47586
321	1127	95.16104
321	1198	94.85429
321	1240	94.168396
322	1197	31.424477
322	1270	31.097275
322	1210	30.632183
322	919	30.512583
322	527	30.501236
322	858	30.485722
322	1097	30.111622
322	608	29.873667
322	318	29.824072
322	1265	29.52166
323	1580	86.0397
323	2916	84.80702
323	1198	84.51641
323	296	84.06728
323	1210	83.28773
323	457	82.65771
323	2028	82.65496
323	1197	82.47255
323	858	81.82526
323	1	80.82787
324	2916	49.58229
324	1580	49.051605
324	480	48.229366
324	2028	47.43591
324	380	46.986477
324	1036	45.463444
324	780	45.45508
324	110	45.21982
324	1196	44.90653
324	1573	44.82555
325	539	36.96091
325	3255	34.4467
325	440	34.21412
325	356	34.196712
325	2671	33.03069
325	1265	32.772884
325	39	32.72031
325	357	31.917091
325	380	31.673214
325	2321	31.358849
326	2000	183.84705
326	1259	179.18509
326	1220	174.64227
326	2918	174.41977
326	1240	174.32771
326	1580	166.11464
326	2028	165.95578
326	1136	165.94746
326	1214	165.74069
326	593	165.39426
327	923	106.77369
327	912	103.764336
327	908	100.84206
327	111	100.32788
327	1230	95.46689
327	1221	94.86605
327	1208	91.4274
327	1204	89.03452
327	541	87.27366
327	2300	87.02127
328	733	51.901466
328	780	51.41486
328	1196	49.90195
328	1573	49.87728
328	1240	49.142414
328	1036	48.13026
328	2353	47.993526
328	1210	47.742485
328	260	47.540775
328	3256	47.083187
329	1197	264.5927
329	39	259.51855
329	110	257.01508
329	2716	253.68686
329	2797	245.7413
329	2174	245.27954
329	733	245.17905
329	1291	242.22583
329	2000	240.97334
329	648	240.8622
330	1196	50.82414
330	924	45.949783
330	923	45.709805
330	1247	45.41537
330	1252	45.264175
330	1214	45.091755
330	1617	44.741146
330	1193	44.44236
330	1208	43.999012
330	1136	43.77536
331	3418	272.21777
331	377	265.2293
331	2291	264.54077
331	3255	255.50894
331	590	254.36507
331	110	254.32405
331	1580	253.74265
331	3108	253.13103
331	2571	253.02669
331	36	250.09247
332	1704	53.709415
332	296	53.1308
332	1213	50.89721
332	1617	50.5031
332	2858	49.704575
332	36	48.13707
332	2396	47.45759
332	3418	46.784943
332	1265	46.156513
332	1393	45.18324
333	1084	84.1313
333	908	80.56076
333	608	79.09914
333	858	78.24647
333	910	77.71083
333	527	76.80712
333	1674	76.7289
333	1294	76.44264
333	1230	76.16968
333	2300	75.76136
334	1247	43.513878
334	912	42.336754
334	858	38.21049
334	923	38.12238
334	608	37.305336
334	1094	36.805397
334	1207	36.704365
334	969	36.194794
334	318	35.527786
334	1674	35.13343
335	1196	53.982296
335	1240	53.373352
335	2985	53.24845
335	2115	52.237465
335	2640	52.202377
335	260	51.749897
335	1210	50.47835
335	589	50.295135
335	780	50.212532
335	1036	49.738274
336	1580	104.830124
336	1356	104.09156
336	589	100.25771
336	1375	99.07828
336	1676	97.04368
336	2640	96.45297
336	2393	95.79551
336	1214	94.44421
336	1127	92.83481
336	32	92.25739
337	1573	110.589676
337	1544	103.88228
337	1876	103.37888
337	1584	102.629074
337	1831	101.27567
337	1037	100.818375
337	1240	98.66947
337	1396	98.138054
337	2985	97.87119
337	1200	97.761375
338	110	211.4123
338	1291	206.32022
338	1370	201.38228
338	592	201.05887
338	21	198.82652
338	3418	192.18176
338	608	190.68561
338	296	189.58363
338	590	189.29587
338	2858	189.14107
339	1225	79.18875
339	527	78.510445
339	1213	75.8926
339	593	72.889946
339	1208	72.725075
339	1704	71.308624
339	1617	69.02529
339	1084	68.799416
339	2858	68.74504
339	1207	68.61122
340	908	60.007675
340	1252	59.512154
340	858	59.320972
340	1196	59.25911
340	924	58.616634
340	1136	58.491447
340	1278	58.362305
340	1294	58.334686
340	1247	58.321724
340	1198	57.446735
341	589	15.74818
341	1580	15.615274
341	2571	15.364254
341	1196	14.870925
341	2916	14.426769
341	260	14.074845
341	1240	13.982282
341	1210	13.935851
341	1200	13.653432
341	32	13.151207
342	1580	101.99474
342	1240	100.017876
342	2916	99.9622
342	480	99.94332
342	1198	99.69358
342	1291	96.99942
342	2000	95.063995
342	457	94.4442
342	592	94.27256
342	780	93.13512
343	1200	169.97289
343	2571	169.289
343	589	168.13254
343	2985	165.68243
343	1214	163.65791
343	1527	161.65378
343	2407	158.38174
343	1291	157.20926
343	1676	155.30626
343	541	154.3242
344	1240	47.976604
344	589	47.494747
344	1200	46.9923
344	2571	46.974777
344	480	46.595253
344	2916	45.969612
344	1291	45.54647
344	1036	45.219852
344	457	45.032955
344	1610	44.355476
345	608	20.67958
345	296	19.206362
345	318	18.786913
345	1617	18.43671
345	1196	18.390186
345	527	18.1971
345	2858	18.151705
345	1193	17.915043
345	1208	17.5835
345	2028	17.415707
346	2321	155.21439
346	1259	151.3385
346	2791	149.50746
346	34	149.42688
346	1196	148.96588
346	539	147.48434
346	595	145.95836
346	1968	145.70206
346	2291	143.88806
346	2000	143.35095
347	2396	55.251427
347	608	52.379555
347	1247	51.794056
347	527	50.046482
347	1094	49.97761
347	858	48.807266
347	1307	48.694523
347	2858	48.357933
347	318	47.98522
347	593	47.836533
348	260	45.21124
348	1294	44.925762
348	1028	44.542534
348	969	44.47403
348	2080	43.731903
348	1198	43.028774
348	594	42.740223
348	1282	42.426517
348	899	41.194977
348	1197	40.92097
349	1370	157.21141
349	1200	153.8453
349	593	153.79831
349	1573	152.0842
349	1265	150.52454
349	3256	150.01031
349	1197	149.38747
349	21	148.95374
349	1270	148.75946
349	349	146.22955
350	589	56.80429
350	480	55.759365
350	2916	55.64654
350	1610	54.63336
350	2028	54.433327
350	1196	52.94626
350	110	52.149387
350	296	51.52852
350	1617	51.231037
350	318	50.93701
351	1196	66.88816
351	1265	65.80409
351	2396	64.32979
351	296	62.787853
351	318	62.187325
351	2858	62.10534
351	593	61.318375
351	1210	60.48889
351	1617	58.449936
351	50	58.24344
352	2028	391.11713
352	1265	389.01614
352	593	386.47464
352	457	373.76483
352	592	370.12195
352	110	369.55115
352	1291	367.30145
352	1220	363.4673
352	21	348.4259
352	2194	347.99857
353	1213	15.854279
353	858	15.727606
353	50	15.094932
353	1617	14.987302
353	593	14.844756
353	318	14.812021
353	2028	14.669394
353	2858	14.266403
353	1196	14.233982
353	527	14.024841
354	1127	32.293274
354	2683	32.22754
354	2762	32.114403
354	223	31.756184
354	2706	31.127893
354	2599	29.954884
354	2987	29.434818
354	1196	28.916405
354	2571	28.69133
354	2028	28.336908
355	380	196.27542
355	2571	192.8425
355	367	183.35553
355	733	178.40512
355	1573	175.04765
355	1610	174.44997
355	1500	172.88673
355	440	170.32904
355	21	169.64374
355	2699	169.52713
356	196	10.909951
356	1339	10.549951
356	1342	10.435881
356	1407	10.262837
356	1580	10.261877
356	2916	10.131634
356	2167	10.065753
356	1320	10.020474
356	1717	9.958845
356	1676	9.956367
357	1196	39.384357
357	1240	35.723095
357	296	35.389095
357	2571	35.30629
357	1270	35.175842
357	608	35.113888
357	1214	34.50472
357	589	34.49089
357	1200	34.30424
357	593	33.79519
358	608	48.809
358	318	45.560863
358	1265	45.55357
358	593	45.38878
358	1210	45.307896
358	527	45.250877
358	1270	45.211086
358	2858	44.389053
358	1213	43.812138
358	457	43.752407
359	1240	51.74407
359	1200	50.113136
359	1214	48.823727
359	1374	48.439983
359	480	47.36793
359	2985	46.472042
359	1376	44.084595
359	1127	43.491936
359	924	43.456184
359	2529	43.222206
360	260	51.487072
360	1580	50.743217
360	2916	48.575047
360	2640	48.135704
360	1240	48.099117
360	2571	47.571003
360	589	46.821346
360	592	46.62777
360	1197	45.727642
360	1200	45.626225
361	1196	9.005019
361	1198	8.761758
361	110	8.548077
361	2028	8.426773
361	260	8.406624
361	608	8.3295
361	296	8.323928
361	1259	8.250355
361	1580	8.212317
361	1197	8.207821
362	2916	33.352062
362	1196	33.23001
362	1580	32.976845
362	260	31.373224
362	608	31.32724
362	1240	31.307251
362	1198	31.2399
362	296	30.915
362	1036	30.833633
362	1210	30.694447
363	608	20.749496
363	589	20.451767
363	2291	20.407024
363	1580	19.916082
363	1259	19.67882
363	1265	19.515064
363	1196	19.269009
363	1617	18.736158
363	296	18.73236
363	1	18.534695
364	2396	13.764765
364	2997	13.521688
364	296	13.47337
364	608	13.374909
364	318	13.324503
364	593	12.909768
364	1265	12.846326
364	1213	12.590697
364	1704	12.502464
364	50	12.164622
365	597	28.433926
365	2671	27.02131
365	587	26.930935
365	11	26.35355
365	357	26.3247
365	356	26.04431
365	377	25.939949
365	1265	25.652336
365	440	25.459894
365	708	25.143866
366	1196	165.19695
366	1294	153.7836
366	858	153.39893
366	1197	149.33138
366	3363	146.79027
366	912	146.23232
366	1225	143.02774
366	1240	142.58713
366	1208	142.07689
366	541	141.62663
367	1307	18.975922
367	1247	18.020618
367	2396	17.14936
367	1094	16.901981
367	2243	16.695335
367	1265	16.632635
367	912	16.391777
367	1197	16.357773
367	919	16.29492
367	2020	16.29191
368	608	200.68866
368	50	186.63475
368	1682	182.80426
368	47	178.71991
368	380	173.64543
368	1358	173.30663
368	3255	173.06145
368	1196	167.00568
368	2321	167.00032
368	16	165.9592
369	1265	58.991825
369	2797	58.05538
369	1270	57.010704
369	2174	56.115562
369	1394	55.820137
369	2716	55.439095
369	2791	54.803284
369	3039	53.997807
369	1259	53.64926
369	3361	53.352158
370	2762	40.387096
370	2028	40.38274
370	1196	40.125664
370	2571	39.86113
370	1127	39.63323
370	593	38.04122
370	589	37.666412
370	2396	37.26479
370	296	36.564854
370	480	36.452953
371	608	51.584534
371	1394	48.621273
371	2599	48.609386
371	1197	48.57713
371	1	48.257187
371	1500	47.92494
371	1617	47.585434
371	235	46.940918
371	2289	46.659313
371	34	46.424946
372	2916	143.78961
372	316	135.62987
372	1527	133.12718
372	1370	131.7778
372	165	127.91751
372	1210	127.37271
372	1356	127.023796
372	1377	126.320465
372	110	125.39729
372	349	124.52194
373	1196	25.49136
373	1240	23.244707
373	1580	23.117573
373	2571	23.084398
373	589	22.90488
373	480	22.769176
373	1291	22.549507
373	1197	22.00409
373	1270	21.96178
373	1200	21.911377
374	1196	47.062263
374	1240	46.230125
374	2000	45.701508
374	260	45.297012
374	457	44.96504
374	1210	44.044388
374	592	43.564934
374	2916	43.530083
374	1200	43.079884
374	2194	42.998966
375	318	37.987568
375	296	37.810528
375	858	35.890198
375	1617	35.484367
375	2028	35.23724
375	50	34.03652
375	1259	33.810715
375	1208	33.73047
375	1221	33.496098
375	1193	33.140972
376	2028	77.22577
376	1196	75.54584
376	2599	73.809746
376	296	73.6444
376	223	72.16549
376	1617	71.672165
376	2959	70.735634
376	2987	69.74944
376	1210	69.70316
376	457	68.13244
377	1240	116.823364
377	457	111.637535
377	1610	106.625984
377	608	105.879654
377	1	103.10678
377	1374	100.894005
377	2716	100.775055
377	2406	100.52457
377	1222	100.38747
377	593	99.72841
378	608	33.817665
378	296	32.263306
378	318	31.967766
378	2396	29.939842
378	2997	29.535757
378	1265	28.818836
378	1704	28.549925
378	1213	28.382439
378	1	27.380367
378	34	26.895058
379	919	35.65992
379	2396	35.34531
379	608	31.98459
379	1196	31.746275
379	1198	31.411242
379	1270	31.343588
379	1617	31.304499
379	1028	31.14864
379	858	31.037378
379	914	31.036575
380	1196	81.1753
380	1580	78.97599
380	1270	78.84615
380	2762	78.53843
380	2599	78.01483
380	2028	77.66605
380	2987	76.02573
380	1198	75.92022
380	2918	75.411316
380	2700	75.287315
381	541	28.775085
381	260	28.387476
381	1240	27.566288
381	1206	25.18935
381	1210	24.738453
381	2916	24.20499
381	1374	24.160486
381	2529	23.773157
381	858	22.98436
381	2985	22.844774
382	357	36.644623
382	2396	35.963364
382	1393	34.248352
382	2291	32.833458
382	318	32.12388
382	1094	31.57462
382	1641	31.54851
382	2100	31.477701
382	11	31.377104
382	296	30.957987
383	608	10.539853
383	318	10.195001
383	593	10.094078
383	2396	9.970463
383	527	9.915877
383	2028	9.770058
383	1617	9.630728
383	2599	9.615917
383	2762	9.565563
383	2571	9.427673
384	1196	9.491319
384	1198	9.198556
384	1387	8.901035
384	1954	8.816198
384	858	8.797281
384	1036	8.768587
384	1294	8.656013
384	1304	8.586637
384	2949	8.515457
384	1201	8.501986
385	1196	110.16097
385	589	108.147095
385	1580	104.8266
385	2916	102.52492
385	1210	101.95389
385	1240	101.696846
385	1197	101.39237
385	1270	101.2002
385	110	100.994
385	1610	100.87571
386	223	127.46243
386	593	126.12243
386	21	124.25341
386	2291	120.304794
386	778	119.77067
386	527	118.67446
386	34	118.01412
386	1259	115.556305
386	457	115.251144
386	1682	114.1214
387	608	40.35969
387	39	39.972992
387	1	39.398495
387	34	39.164036
387	1307	38.978424
387	1197	38.862503
387	1079	38.8216
387	296	37.62156
387	1259	37.13561
387	1617	37.127243
388	1079	46.065865
388	1307	45.441204
388	3361	44.43921
388	1394	43.06251
388	2174	42.699535
388	1231	41.4368
388	2791	41.251762
388	1962	41.151905
388	1196	40.94222
388	2000	40.68592
389	2028	43.139282
389	589	40.266502
389	608	40.104145
389	296	39.556614
389	527	39.251045
389	2858	38.944622
389	1580	38.87906
389	1610	38.427418
389	2916	37.676994
389	1196	37.594673
390	1321	99.692665
390	1128	94.62847
390	2459	86.8896
390	2787	83.88241
390	3018	83.63715
390	1334	80.74291
390	366	79.997215
390	2648	79.960945
390	1346	79.57783
390	1342	77.05165
391	1252	33.73099
391	1267	32.369675
391	1284	30.78878
391	922	28.905622
391	908	28.414259
391	903	27.712957
391	904	27.671062
391	1221	27.336979
391	1179	26.642677
391	1234	26.547585
392	1265	266.31793
392	2028	251.40561
392	1079	231.77405
392	593	230.75706
392	1377	229.76402
392	780	228.98038
392	1573	228.12537
392	1200	226.91383
392	39	224.84055
392	1968	223.36758
393	608	44.219036
393	1252	42.200005
393	1617	40.380802
393	1247	40.303135
393	1136	39.76525
393	1221	39.423264
393	1213	39.221176
393	923	38.955273
393	912	38.599804
393	1208	38.570744
394	480	33.61246
394	1580	33.073048
394	1610	33.02345
394	1370	31.966022
394	780	31.642723
394	1196	31.023474
394	2028	30.59101
394	1200	30.558044
394	110	30.43137
394	3256	29.8984
395	1265	15.379866
395	2997	15.130495
395	296	14.9876375
395	1	14.906346
395	593	14.904338
395	2028	14.785286
395	2716	14.684478
395	2321	14.51361
395	2396	14.389469
395	1517	14.321097
396	608	122.463104
396	1265	115.563156
396	1394	109.7328
396	296	109.053314
396	1617	108.18426
396	1213	103.570206
396	1	102.34112
396	1094	101.53359
396	2918	101.368355
396	858	99.611115
397	1210	38.170227
397	2916	36.85311
397	480	36.140614
397	1580	35.56458
397	110	35.30298
397	2000	35.291264
397	1610	35.228207
397	1270	34.86605
397	592	33.84108
397	1374	33.71026
398	1196	152.03514
398	457	143.51299
398	1240	142.38791
398	260	141.99754
398	1270	138.35902
398	1610	138.22424
398	608	137.51335
398	2000	136.73285
398	296	136.53946
398	1291	134.65755
399	2997	19.372902
399	1270	19.19056
399	1	18.942715
399	2683	18.88418
399	1265	18.787678
399	2396	18.273804
399	1196	18.17556
399	1580	18.143534
399	1197	18.07711
399	2599	18.048218
400	1240	35.62945
400	1210	35.295048
400	2797	35.24339
400	260	35.20261
400	2716	35.074665
400	592	34.728172
400	2174	34.5269
400	2406	34.000618
400	1394	33.83127
400	1200	33.749775
401	1580	53.998863
401	1196	53.88678
401	480	52.68619
401	2571	51.74132
401	589	51.06282
401	110	49.607903
401	1265	49.389717
401	1	49.363987
401	260	49.10598
401	1198	48.994415
402	318	184.6336
402	1641	175.26587
402	2000	173.28737
402	1580	172.70699
402	1198	172.55194
402	457	169.64415
402	1704	168.67468
402	858	168.57794
402	1732	167.92175
402	589	165.35983
403	589	185.19618
403	2916	182.25256
403	110	177.9397
403	1370	176.94936
403	2000	173.45168
403	1036	173.21324
403	592	165.25993
403	1197	164.95045
403	1240	162.99397
403	21	162.79799
404	608	43.31649
404	296	41.62253
404	2028	39.138767
404	1196	39.106155
404	1265	38.28239
404	50	37.57613
404	1198	37.063126
404	2396	37.054485
404	1221	36.64326
404	1259	36.60398
405	1079	35.33529
405	1270	33.77334
405	2797	33.598984
405	1	33.17177
405	1394	33.096134
405	1197	33.04351
405	2396	32.9674
405	2791	32.646717
405	2174	32.413692
405	3421	32.388596
406	1196	89.84713
406	457	86.318474
406	2028	84.50374
406	480	83.14477
406	2571	82.99992
406	1270	82.50755
406	260	82.246544
406	296	81.33091
406	593	81.19185
406	2916	81.13993
407	1270	18.181572
407	1196	18.127462
407	1265	17.808035
407	2918	17.234776
407	2858	17.225183
407	608	17.140274
407	1394	17.087019
407	1198	16.92502
407	1079	16.885036
407	1	16.841862
408	1252	95.514595
408	912	87.359795
408	1196	85.99655
408	908	85.40917
408	260	84.28147
408	1219	84.01736
408	1136	83.37167
408	2289	82.05056
408	1294	81.19976
408	1208	81.10964
409	296	225.44363
409	1270	215.38933
409	1	206.8129
409	1580	202.96825
409	1136	194.55345
409	21	194.37967
409	356	192.54498
409	32	189.18495
409	34	188.74182
409	3418	187.35057
410	2918	74.38075
410	2174	71.19968
410	2797	71.021774
410	1270	69.3554
410	1	69.04981
410	1259	66.56093
410	39	66.10213
410	1500	65.06637
410	3361	64.776665
410	3210	64.06567
411	1196	253.32416
411	2918	240.45683
411	1394	238.53886
411	919	230.22676
411	1617	217.74812
411	2915	217.26135
411	1	214.12221
411	296	213.81184
411	1240	213.35468
411	1288	212.73451
412	260	285.05258
412	1240	276.0094
412	1210	274.40448
412	1259	270.602
412	593	270.2874
412	1617	269.81934
412	858	264.1966
412	1291	263.48532
412	2918	258.4744
412	3418	257.7908
413	608	88.09827
413	296	84.86327
413	593	84.349884
413	1704	83.99277
413	1213	79.90658
413	1265	77.85896
413	1393	77.23413
413	1617	76.93504
413	2396	76.156654
413	590	74.28116
414	260	32.128365
414	858	31.18447
414	1198	30.741722
414	919	29.682125
414	1214	29.646349
414	1240	29.214146
414	1221	29.144522
414	541	28.579683
414	1294	28.156929
414	969	28.120989
415	1394	160.66344
415	1	152.19576
415	1196	150.68716
415	1617	150.48132
415	2716	146.098
415	1294	146.04163
415	296	144.14989
415	1230	143.32321
415	1641	142.60374
415	1198	141.81877
416	2706	35.06008
416	2683	34.56874
416	2716	34.347492
416	223	34.32902
416	2599	33.897102
416	2355	32.728516
416	2762	32.609257
416	2770	31.466862
416	2396	30.951729
416	2336	30.788603
417	1196	19.421028
417	1270	18.420248
417	1197	18.370646
417	1210	18.230196
417	1240	17.871773
417	2571	17.817986
417	1580	17.654839
417	1198	17.602905
417	2987	17.396471
417	1200	17.395952
418	1610	40.274895
418	1196	40.15425
418	2571	39.01291
418	2916	38.719383
418	592	38.514412
418	1580	38.403625
418	377	38.272778
418	260	37.956184
418	1210	37.735733
418	2028	37.27526
419	1196	57.759277
419	1210	55.531372
419	1198	55.21012
419	1265	53.460495
419	1259	53.145527
419	2571	52.381287
419	1	51.802925
419	1240	51.533028
419	919	50.92214
419	457	50.737648
420	1214	45.253128
420	1387	42.53603
420	541	40.670082
420	1200	40.463234
420	1136	40.319904
420	1210	40.10413
420	1197	39.71143
420	1036	39.70287
420	1270	39.055862
420	1617	38.82821
421	377	17.526787
421	1580	17.264654
421	733	17.037487
421	2916	16.950552
421	457	16.920347
421	480	16.76499
421	2571	16.690308
421	1610	16.632278
421	589	16.441776
421	780	16.32526
422	589	35.592083
422	2916	34.40652
422	924	33.254967
422	480	32.771168
422	2985	32.495758
422	2529	31.802082
422	1198	30.974077
422	2968	30.709345
422	1097	30.595913
422	1376	30.567532
423	785	22.250498
423	2762	22.20559
423	2605	21.815542
423	2541	21.780647
423	1093	20.99657
423	2699	20.922195
423	2502	20.768822
423	3005	20.291153
423	3081	20.131243
423	2987	19.936527
424	1240	539.95276
424	1580	534.6414
424	1220	515.32947
424	2571	508.95392
424	318	445.6332
424	32	436.90717
424	316	410.48407
424	1500	401.36887
424	2080	393.0493
424	329	390.90344
425	1196	132.78864
425	608	130.23044
425	1197	124.218155
425	1079	121.801056
425	2858	121.48745
425	1617	120.56358
425	1213	120.54518
425	1240	120.49756
425	2918	119.66405
425	457	119.55959
426	2571	157.53658
426	589	153.35347
426	457	150.43925
426	480	148.20573
426	1580	146.68614
426	1617	146.01427
426	1270	143.50726
426	1265	143.02135
426	2916	142.91525
426	1	142.40968
427	1196	27.173021
427	2571	26.854855
427	260	26.080053
427	2916	25.671701
427	2028	25.42178
427	1270	25.347519
427	1210	25.316845
427	1198	25.257763
427	1240	24.727985
427	1197	24.683079
428	1265	41.80424
428	608	38.746407
428	296	38.609695
428	2599	37.27326
428	1580	36.063107
428	1270	35.485092
428	1617	35.206783
428	50	35.17663
428	2571	35.045593
428	318	34.890553
429	1580	160.34398
429	296	159.42291
429	2916	158.98141
429	1198	158.5084
429	593	158.29782
429	2987	156.42717
429	1197	152.72105
429	318	149.59322
429	1265	149.21513
429	1610	149.01004
430	1307	37.859394
430	357	37.669426
430	1	37.245613
430	1197	35.853573
430	34	34.65329
430	2858	34.242035
430	1394	33.61782
430	1641	32.698357
430	608	32.656357
430	2918	32.608562
431	589	67.35916
431	1580	66.440865
431	1240	66.14307
431	480	65.672775
431	1198	65.37157
431	2916	63.653847
431	1197	62.723965
431	1	61.041702
431	457	60.166603
431	1291	60.133247
432	539	45.635887
432	1393	44.884907
432	339	42.556538
432	2671	42.179367
432	708	41.507275
432	1641	40.9249
432	2424	40.114574
432	3255	39.639984
432	2291	39.238525
432	1784	39.20567
433	1079	33.08236
433	1265	31.332952
433	608	31.23447
433	1259	30.99903
433	1307	30.682497
433	2791	30.145193
433	2797	30.024416
433	3361	29.965689
433	1197	29.941336
433	2918	29.880272
434	1294	19.073477
434	910	19.057169
434	1247	18.992727
434	1084	18.931173
434	3363	18.759504
434	1276	18.462719
434	1136	18.440006
434	1278	18.30439
434	2300	18.22973
434	1207	18.044405
435	377	95.23507
435	2571	91.96429
435	1580	89.61035
435	110	86.31314
435	648	86.05138
435	1198	85.80315
435	2000	85.18987
435	1291	84.86186
435	474	84.83923
435	2028	84.39769
436	1580	80.01378
436	2571	79.59547
436	1	78.6812
436	480	77.16885
436	2797	77.03534
436	1240	76.81301
436	2987	76.22463
436	2916	73.67363
436	1200	73.63157
436	1265	73.48479
437	260	29.939835
437	1196	29.62239
437	595	28.542883
437	1214	28.33259
437	1210	27.96564
437	1198	27.613863
437	1029	27.500526
437	1200	27.44601
437	919	27.389887
437	588	27.362219
438	1198	245.55865
438	1291	241.46425
438	2716	239.98985
438	592	237.54164
438	377	233.04207
438	648	232.3127
438	1073	229.03627
438	788	226.93372
438	2985	226.38371
438	1036	224.40488
439	1270	68.85576
439	593	66.54716
439	527	66.248184
439	1265	64.81674
439	1197	64.48581
439	457	63.856853
439	2858	63.103237
439	1617	63.06682
439	589	62.920162
439	1259	62.90787
440	457	25.828274
440	589	24.788332
440	2571	24.615107
440	2916	24.577003
440	480	24.51994
440	377	23.977802
440	733	23.81614
440	1370	23.490192
440	1196	23.32282
440	380	22.96324
441	1200	43.498623
441	1210	43.372093
441	2916	42.260555
441	1214	42.060356
441	1198	41.85547
441	1374	41.62251
441	1197	40.030193
441	1291	38.777637
441	1036	38.549297
441	2628	38.52068
442	1259	277.06888
442	1	269.7629
442	1240	255.03145
442	1210	252.67195
442	527	248.65706
442	457	248.34747
442	1291	245.3726
442	592	243.15694
442	356	242.91254
442	480	239.69849
443	1196	31.029716
443	593	31.001125
443	318	30.344004
443	2028	29.862038
443	1198	29.80761
443	260	29.008131
443	1036	28.478373
443	457	28.437725
443	2858	28.153522
443	1240	27.804768
444	1225	77.99614
444	1265	76.246864
444	2289	76.21484
444	1617	75.55485
444	858	74.30933
444	1213	74.21822
444	923	73.406136
444	593	73.16445
444	111	72.71674
444	919	72.69571
445	1676	157.7669
445	2640	151.68394
445	2628	145.98415
445	2021	142.91139
445	2529	138.95679
445	442	133.1267
445	2455	132.8555
445	1215	130.88712
445	924	124.93464
445	379	123.6679
446	608	36.274532
446	1617	34.730385
446	2396	34.36618
446	2858	34.12162
446	296	33.97018
446	593	33.861313
446	527	33.5547
446	318	32.917057
446	2289	32.673107
446	1265	31.376244
447	1674	26.307215
447	1956	26.245144
447	1208	26.155445
447	1960	25.904522
447	2352	25.637482
447	1247	25.46215
447	2020	25.402874
447	3068	25.386673
447	2919	25.336918
447	2313	25.277761
448	2571	15.24383
448	2858	15.031754
448	2762	14.636817
448	2716	14.481226
448	110	14.176362
448	593	14.126306
448	2997	13.55632
448	1265	13.311101
448	2355	13.30431
448	1196	13.254419
449	1196	38.772697
449	1240	36.4688
449	1210	36.26201
449	1200	36.116455
449	1374	34.810123
449	1270	34.528603
449	2054	34.224766
449	1198	34.177513
449	2571	34.106884
449	2640	33.932175
450	858	50.56082
450	1196	50.16606
450	593	48.47802
450	296	47.970722
450	1617	47.860733
450	1213	47.229958
450	919	46.677326
450	1136	46.47299
450	1221	46.274956
450	2858	45.474056
451	858	149.60289
451	1247	148.48566
451	1617	138.97864
451	1208	136.12312
451	1221	134.74155
451	593	132.94986
451	1219	132.578
451	296	132.23032
451	924	128.79405
451	1394	125.60092
452	110	91.6861
452	1240	90.050095
452	1196	89.3454
452	1200	88.03128
452	2628	86.84063
452	1210	85.73719
452	1356	85.52362
452	733	85.105194
452	1676	84.89179
452	648	84.85004
453	1197	240.30377
453	1265	232.85866
453	1240	231.17229
453	457	223.75757
453	593	222.08304
453	1291	220.35028
453	2000	220.08057
453	1097	219.94711
453	1200	219.01875
453	2797	218.6003
454	296	131.42891
454	1265	128.91681
454	1	121.846985
454	2716	121.74815
454	1197	121.112785
454	2174	120.488365
454	1270	119.895
454	2571	119.4062
454	2396	117.462875
454	1580	117.45678
455	1197	22.051033
455	1210	21.3682
455	1291	21.240868
455	1136	21.096775
455	1221	20.820402
455	1265	20.712955
455	1304	20.611504
455	912	20.533194
455	1259	20.471117
455	1214	20.456873
456	2571	114.27153
456	1214	111.48347
456	593	106.017975
456	2858	105.296005
456	2916	104.29891
456	2987	103.79333
456	1265	103.6182
456	1036	103.34113
456	457	102.66282
456	527	102.30207
457	2916	179.6119
457	1265	178.20284
457	1197	176.68417
457	2000	169.32538
457	1291	167.07657
457	1	166.5535
457	592	163.24095
457	1222	162.97426
457	1127	162.34729
457	541	162.12245
458	858	22.245823
458	1196	22.151867
458	1198	22.09346
458	608	21.896023
458	1214	20.987154
458	260	20.778664
458	1617	20.748068
458	1221	20.587914
458	589	20.221828
458	1079	20.13779
459	2997	15.520615
459	223	15.28272
459	2716	15.145712
459	2355	15.090578
459	2710	14.883604
459	2599	14.247805
459	1127	13.830415
459	2770	13.79565
459	2028	13.6556
459	2699	13.578534
460	1079	28.581871
460	2174	28.0703
460	2918	27.605448
460	2716	27.264803
460	1197	27.02849
460	1278	26.997248
460	3421	26.88315
460	2797	26.77769
460	1259	26.66355
460	1	26.30653
461	457	204.00366
461	1610	203.79729
461	2916	199.51372
461	480	198.0373
461	589	195.51921
461	380	195.16283
461	1197	193.65373
461	780	191.14175
461	260	186.87358
461	590	182.8235
462	2916	123.4598
462	1200	119.159065
462	1214	116.48822
462	1374	112.67903
462	2000	111.32774
462	592	109.77362
462	541	109.32803
462	2797	109.01537
462	2985	108.92369
462	1127	108.150764
463	2174	83.86662
463	2396	80.79514
463	1196	78.22893
463	2804	77.356865
463	3421	76.79379
463	2000	76.78394
463	608	76.06162
463	1220	76.04214
463	1288	75.30917
463	39	75.303795
464	1617	49.59973
464	318	49.016888
464	1213	48.881546
464	593	48.469475
464	527	48.456364
464	858	46.504036
464	2396	44.977
464	1094	43.867115
464	2028	43.385185
464	1265	43.048035
465	296	20.841732
465	1213	20.616665
465	1617	20.588202
465	50	19.79341
465	541	19.389416
465	1196	19.359776
465	260	19.252619
465	858	19.2312
465	2858	18.832973
465	1214	18.701471
466	1288	114.810646
466	2396	110.31237
466	3361	110.06565
466	2797	109.89373
466	2997	109.43348
466	1	108.77829
466	1080	108.687965
466	608	106.968285
466	1259	106.960365
466	235	106.630905
467	1265	40.474
467	539	36.847263
467	357	36.630024
467	440	36.312126
467	39	36.09705
467	1580	35.82633
467	1569	35.542103
467	1784	35.40611
467	380	35.14927
467	2396	35.01504
468	1307	13.946634
468	357	13.857426
468	919	12.334918
468	1136	12.271993
468	2100	12.154642
468	608	12.081908
468	39	12.06945
468	2406	12.042379
468	1270	11.903653
468	1580	11.73033
469	541	38.976986
469	919	38.00934
469	608	37.971832
469	1252	37.693283
469	912	37.4666
469	1214	36.92387
469	923	36.406673
469	1294	36.04057
469	1221	35.944473
469	1247	35.5264
470	1	46.58781
470	1265	45.029213
470	1270	44.308544
470	2080	43.426037
470	2081	43.36099
470	260	41.729725
470	1307	41.71785
470	1136	41.16914
470	2174	40.98417
470	1198	40.195263
471	1196	68.582405
471	858	65.89936
471	608	65.5754
471	750	65.48614
471	1617	62.096786
471	923	60.026825
471	919	60.007893
471	1136	59.93929
471	908	59.47115
471	2858	58.867374
472	1210	42.055267
472	2916	42.029114
472	1374	40.93275
472	1270	40.889874
472	2985	39.399326
472	480	38.945255
472	1097	38.130314
472	2968	37.735935
472	2529	37.628437
472	1127	37.04587
473	2080	24.604328
473	899	23.181534
473	910	22.668697
473	1028	22.481138
473	1022	21.793674
473	2096	21.66137
473	2087	21.656885
473	951	21.089203
473	969	20.993097
473	595	20.914076
474	2916	161.50436
474	457	159.88637
474	1923	154.51544
474	32	153.6084
474	110	152.65196
474	2395	152.32498
474	1196	152.263
474	318	151.33691
474	377	151.09569
474	1617	149.55757
475	1374	165.1022
475	1200	161.29874
475	1356	160.20265
475	1376	156.37015
475	733	153.00092
475	1036	152.8291
475	1372	152.63318
475	1610	152.62799
475	2000	151.2047
475	457	150.40588
476	2571	230.1565
476	1127	223.71445
476	2011	217.7364
476	1036	216.96858
476	2407	216.60849
476	1372	214.77861
476	329	214.14554
476	2115	210.37117
476	2174	209.33688
476	1387	206.74959
477	1200	166.29599
477	592	165.39838
477	1214	162.70532
477	377	159.00757
477	2985	158.57214
477	1220	151.26463
477	1222	149.20264
477	380	143.65869
477	1527	143.03606
477	1573	142.92668
478	527	37.39097
478	858	37.319454
478	1196	36.012352
478	1265	35.037907
478	2028	34.585445
478	260	33.868736
478	2762	33.27349
478	1089	33.268105
478	1198	33.037224
478	1252	32.970997
479	2406	73.641464
479	1036	73.39145
479	1240	73.33184
479	589	73.02718
479	2571	72.51894
479	457	71.97826
479	1610	70.20023
479	380	69.20108
479	1200	68.86979
479	2028	68.59476
480	2916	72.799095
480	1198	66.9782
480	1270	64.965805
480	1610	64.598755
480	32	64.566055
480	1214	63.795856
480	2628	63.774975
480	1527	63.17565
480	377	62.877365
480	1036	62.849834
481	1197	121.69098
481	2406	119.38763
481	2797	118.87235
481	1291	117.270584
481	457	116.431694
481	1259	114.47335
481	1079	114.32635
481	2174	113.94346
481	2028	113.786385
481	2571	113.316986
482	527	311.25665
482	457	303.97357
482	1	303.94504
482	1923	302.31842
482	1036	300.17032
482	3361	298.7638
482	2571	291.39474
482	1240	288.8074
482	1136	288.19635
482	2291	286.59125
483	608	16.277706
483	1213	14.957673
483	50	14.847686
483	2858	14.546444
483	2028	14.494402
483	1617	14.398045
483	2762	13.587022
483	1196	13.466221
483	1704	13.411759
483	2571	13.021623
484	2858	19.347887
484	2716	18.690641
484	2355	18.670673
484	2699	18.392956
484	223	18.29359
484	2710	17.067242
484	2959	16.809772
484	2599	16.805397
484	2502	16.51382
484	1127	16.503035
485	1196	27.043379
485	2997	26.715975
485	2028	25.74384
485	260	25.732704
485	2987	25.554976
485	593	24.835793
485	1265	24.773888
485	2571	24.657017
485	1197	24.615623
485	2599	24.557686
486	608	36.960686
486	2858	35.04155
486	296	34.69395
486	593	34.39956
486	1265	32.681572
486	2396	32.586864
486	1213	31.691118
486	1617	31.670897
486	2997	31.327957
486	50	30.661291
487	608	25.456684
487	919	24.503288
487	527	24.062735
487	1196	23.822361
487	2396	23.644724
487	1617	23.513582
487	858	23.421766
487	912	23.371134
487	1247	23.296856
487	1198	23.253998
488	1196	13.970173
488	2571	13.10407
488	1197	12.282279
488	1198	12.162485
488	1240	12.043518
488	1270	12.039375
488	1580	12.002601
488	1127	11.934168
488	480	11.883279
488	589	11.815086
489	1196	16.424835
489	260	15.510327
489	608	14.912707
489	1221	14.344051
489	1240	14.133087
489	1270	13.905915
489	1214	13.864811
489	1136	13.790684
489	1213	13.662344
489	1291	13.635594
490	1097	58.18897
490	480	57.896896
490	1291	56.543655
490	1580	56.12624
490	1240	56.045033
490	1200	55.70416
490	2640	55.260696
490	589	54.213097
490	594	53.87944
490	592	53.72352
491	457	21.653793
491	1196	20.844194
491	2916	20.714132
491	608	20.513338
491	593	20.324553
491	296	20.197538
491	318	20.165224
491	1610	19.93985
491	480	19.902754
491	260	19.729977
492	2683	26.496668
492	223	25.686317
492	2599	25.103235
492	2959	24.748117
492	2762	23.662409
492	2716	23.485424
492	2355	23.193787
492	1127	22.490982
492	785	21.618309
492	2712	21.603205
493	296	95.72099
493	1704	94.137474
493	50	89.09575
493	2858	88.30389
493	2396	84.160385
493	36	82.6648
493	457	80.084366
493	3418	79.72278
493	25	79.57526
493	2291	79.42114
494	2797	106.5938
494	2470	106.055504
494	2918	102.49975
494	2124	101.791245
494	1	101.59977
494	1265	101.14753
494	3255	99.831795
494	588	99.686554
494	500	97.6836
494	1028	97.60091
495	2916	42.146072
495	1240	41.88077
495	1198	40.961437
495	1200	39.921757
495	1374	38.8469
495	457	38.822697
495	1270	38.742767
495	780	38.466675
495	1214	38.163414
495	1291	38.021908
496	2571	95.29179
496	260	90.646935
496	1265	89.404564
496	1210	89.339325
496	2916	87.37689
496	1200	83.92544
496	1036	82.69437
496	296	82.05206
496	608	81.72648
496	2000	81.08375
497	1580	9.4030285
497	2000	9.166823
497	2916	9.042233
497	480	8.9918
497	589	8.898941
497	1265	8.889911
497	2571	8.8223
497	2797	8.816221
497	2028	8.80691
497	377	8.784793
498	858	108.72125
498	1196	102.77928
498	111	98.41205
498	1247	98.24588
498	923	97.615105
498	1219	96.918686
498	924	96.63154
498	1198	96.11943
498	1193	95.66535
498	1208	94.32901
499	1265	116.74641
499	2100	114.387665
499	1270	108.59547
499	1196	107.67745
499	39	106.79292
499	11	104.79856
499	2987	104.1021
499	2918	102.71948
499	318	101.57235
499	2028	100.28317
500	2080	59.969
500	1	54.533318
500	1270	53.357185
500	2174	53.25061
500	2096	52.99725
500	2797	52.779263
500	2987	52.17588
500	1265	51.083614
500	1097	50.246525
500	1196	49.970814
501	1196	35.524696
501	2571	35.345367
501	1265	34.888214
501	2028	34.21487
501	260	33.655647
501	1	32.99824
501	1198	32.89845
501	1210	32.880627
501	457	32.78208
501	1240	32.72756
502	1265	18.46627
502	1196	17.38337
502	1	17.264744
502	2396	17.004843
502	2918	16.61962
502	1079	16.496862
502	1136	16.430283
502	1198	16.418083
502	260	16.390291
502	2791	16.385489
503	608	23.270609
503	858	21.254728
503	296	20.923828
503	904	20.582214
503	260	20.536097
503	912	20.311241
503	1219	20.281485
503	2987	20.230959
503	1213	20.132341
503	750	20.107174
504	1196	47.169296
504	2791	46.420578
504	1580	45.74244
504	1270	44.981335
504	2858	44.12496
504	1240	43.950485
504	1214	43.184086
504	1200	43.047894
504	541	42.97956
504	1198	42.903687
505	457	97.72829
505	377	96.196266
505	1196	93.438446
505	316	92.255844
505	1573	91.54159
505	1240	91.48735
505	1210	90.00327
505	1291	88.161285
505	1036	88.05782
505	349	87.216866
506	2762	45.145607
506	2502	41.854877
506	3081	41.48324
506	3175	39.95902
506	2572	38.73737
506	2396	38.147327
506	2028	37.976048
506	2700	37.620403
506	1513	37.462025
506	2722	37.43799
507	608	23.172203
507	1252	21.266813
507	858	21.257366
507	296	20.642826
507	923	20.629639
507	1213	19.827436
507	912	19.581945
507	750	19.468393
507	919	19.44669
507	593	19.213963
508	2916	104.312004
508	589	100.80379
508	2640	96.8452
508	480	94.56682
508	2529	92.68577
508	1375	89.04449
508	780	87.82646
508	2628	87.81953
508	924	86.173874
508	2641	85.665886
509	608	307.86612
509	480	304.27615
509	1270	301.58875
509	1197	296.22867
509	1198	288.61365
509	457	286.06592
509	110	283.6362
509	356	279.51477
509	50	278.5183
509	1500	276.5592
510	1240	86.96377
510	1200	83.650566
510	780	82.18964
510	1527	80.697975
510	1198	79.19041
510	316	79.099434
510	2985	78.54379
510	2640	77.9251
510	1291	77.56338
510	1214	77.42939
511	2858	16.800322
511	2987	15.641441
511	2396	15.546314
511	1196	15.243979
511	2599	15.110519
511	2762	14.42761
511	1127	14.352223
511	260	14.236082
511	2355	14.185968
511	2395	14.129936
512	608	16.913914
512	50	16.642298
512	1252	16.414932
512	593	15.863863
512	1196	15.348487
512	541	14.985133
512	2762	14.892178
512	1240	14.851514
512	1219	14.806923
512	260	14.72733
513	1196	80.455
513	1580	74.39692
513	2716	73.29483
513	260	72.8841
513	1198	72.86594
513	1240	72.85588
513	1265	72.42036
513	2000	72.37008
513	1259	72.17702
513	1197	71.96377
514	2716	51.395187
514	2599	50.80592
514	2395	49.245678
514	2706	48.918694
514	2571	48.548176
514	593	47.228577
514	608	46.480953
514	1	46.42779
514	1265	46.252357
514	296	45.8943
515	1213	100.729164
515	2858	100.70748
515	260	100.20747
515	1221	97.37876
515	1230	96.7311
515	923	95.42346
515	1225	94.42274
515	1270	93.059875
515	919	92.919365
515	1079	92.68682
516	1196	111.523415
516	1197	106.75187
516	2028	105.479515
516	1198	104.90919
516	1210	104.82563
516	260	102.832794
516	2918	101.44034
516	608	101.3043
516	2571	101.25262
516	457	100.7199
517	2918	77.02536
517	1307	74.211784
517	1	73.686874
517	1079	73.65286
517	1265	73.402504
517	1259	73.108185
517	1197	72.64695
517	1784	71.95873
517	2081	71.88221
517	3421	71.76632
518	1247	126.98803
518	1393	121.40589
518	1674	119.503395
518	296	119.3512
518	1196	118.431404
518	39	115.91216
518	34	115.0805
518	919	114.58327
518	858	113.675125
518	2762	113.01984
519	595	16.90262
519	1	16.677374
519	364	16.563625
519	2081	16.107456
519	1270	15.779809
519	2355	15.430724
519	1196	15.347233
519	2987	15.150704
519	2080	14.853536
519	1784	14.853468
520	1196	167.72934
520	1	166.25345
520	1198	158.63297
520	2716	158.60226
520	1580	156.43022
520	1210	155.89143
520	1270	155.4658
520	260	154.6307
520	1097	153.028
520	2571	152.6675
521	608	22.071676
521	1036	21.7874
521	858	21.773432
521	1617	21.620281
521	1196	21.559238
521	260	21.514194
521	1240	21.313238
521	1304	21.01095
521	1610	20.588844
521	541	20.571709
522	589	59.243015
522	1580	55.93755
522	1374	53.151962
522	1127	50.103073
522	592	49.76932
522	2985	49.68714
522	2000	49.636803
522	780	49.437737
522	2640	48.634327
522	1376	48.273384
523	1197	78.172585
523	1265	77.18349
523	608	76.88962
523	1259	74.04637
523	2797	72.74715
523	2918	72.72896
523	919	72.249176
523	1210	71.4544
523	2804	71.02839
523	296	70.90065
524	50	466.83652
524	589	446.92
524	1704	431.32343
524	480	430.17343
524	25	398.37762
524	1136	393.49066
524	1393	388.237
524	2700	388.1972
524	1517	384.1787
524	3039	370.63507
525	1196	33.279785
525	1214	30.1322
525	1136	29.982754
525	1294	29.722887
525	608	29.51874
525	1240	29.119661
525	1210	29.052362
525	1270	28.623169
525	1953	28.285013
525	1220	28.025904
526	1214	50.96866
526	1291	47.18441
526	457	47.05975
526	1210	46.960075
526	2916	46.297573
526	1387	46.031834
526	1197	45.616947
526	608	44.87363
526	480	44.356815
526	1610	43.95618
527	1079	20.073061
527	1259	19.721567
527	1197	19.220144
527	3361	19.152039
527	2791	18.988506
527	2858	18.89579
527	2248	18.660946
527	1270	18.54157
527	2716	18.42462
527	608	18.30019
528	480	253.06252
528	1923	243.93681
528	2291	229.37036
528	367	229.22406
528	2762	222.84358
528	1198	220.8487
528	296	219.34451
528	500	219.08408
528	1377	217.56773
528	2000	216.92049
529	1617	90.321556
529	1036	90.00971
529	1210	89.98684
529	318	89.62522
529	541	89.08334
529	924	87.248184
529	1270	86.20803
529	1136	86.03874
529	1291	85.989685
529	1222	85.69771
530	780	82.07804
530	2628	82.02247
530	924	80.01202
530	1036	79.75965
530	1291	79.72488
530	1375	79.37092
530	1197	79.327126
530	1372	78.25535
530	1676	77.40513
530	316	76.60343
531	2321	296.5444
531	1777	288.03766
531	377	267.82492
531	2424	259.04956
531	480	257.51398
531	457	257.23862
531	1196	256.3845
531	543	255.04478
531	2762	254.21698
531	2571	253.64722
532	1200	40.547287
532	2916	38.890285
532	1580	38.833015
532	480	38.331734
532	1270	37.360832
532	1198	36.686226
532	32	36.330708
532	1097	35.135845
532	2985	35.107338
532	1197	34.814636
533	1270	331.6699
533	2916	329.02335
533	608	320.45312
533	1259	313.98935
533	2797	309.77945
533	1	304.08008
533	2194	288.28986
533	1127	286.727
533	733	280.0883
533	380	279.26303
534	608	56.0802
534	527	51.926403
534	1196	51.718754
534	2858	51.619244
534	1247	51.267094
534	260	51.004646
534	1198	50.957977
534	593	50.86936
534	1079	50.781723
534	296	50.71776
535	1196	16.38269
535	260	15.383245
535	1198	14.622864
535	2571	14.615962
535	1580	14.500053
535	589	14.446123
535	2858	14.411937
535	1197	14.283695
535	2987	14.194554
535	2028	13.970463
536	2916	130.467
536	2194	128.13084
536	480	126.36915
536	1097	123.77605
536	1580	122.62297
536	2529	121.76387
536	2987	121.454834
536	2406	119.89952
536	2174	119.665085
536	110	119.54424
537	858	66.13156
537	923	65.90811
537	919	65.581825
537	1247	65.05053
537	908	64.00067
537	1294	62.013466
537	903	61.70634
537	111	61.10453
537	1230	60.7378
537	1221	60.273636
538	1196	47.485226
538	260	45.34498
538	2028	44.540394
538	1198	43.763264
538	1265	43.24827
538	589	43.046326
538	1580	42.815323
538	2858	42.796852
538	2571	42.75801
538	1	42.31882
539	1240	115.33226
539	1036	112.881195
539	589	110.85488
539	1580	109.78281
539	780	100.54803
539	1127	99.87851
539	1527	99.84839
539	733	99.65815
539	1376	99.25469
539	1573	98.16514
540	2858	23.894697
540	318	22.72661
540	50	22.549173
540	593	21.93877
540	2395	21.890274
540	1617	21.80121
540	2028	20.929838
540	2599	20.808533
540	2571	20.732391
540	1	20.674944
541	2571	111.541145
541	1197	109.57999
541	1240	105.42492
541	2628	104.865135
541	1198	104.59802
541	1374	103.735
541	2080	103.2757
541	1073	100.15269
541	1291	98.152405
541	2640	98.02393
542	608	15.53506
542	296	15.330355
542	2571	15.267014
542	480	14.786061
542	2028	14.718499
542	1580	14.714796
542	2997	14.694364
542	1196	14.273295
542	32	14.196377
542	593	14.118419
543	1240	431.98633
543	1527	415.834
543	1356	394.5524
543	1127	392.2673
543	349	380.11295
543	3256	377.48663
543	1372	377.36084
543	2699	359.4949
543	1222	357.9802
543	1690	355.85016
544	260	56.912827
544	858	51.829258
544	1028	51.757187
544	1197	51.679123
544	1214	50.97969
544	1270	50.778053
544	924	48.974644
544	1387	48.96826
544	541	48.740112
544	2987	48.61415
545	2716	17.382092
545	2396	16.525843
545	2762	16.296183
545	1196	16.052334
545	2028	15.908581
545	1	15.776499
545	223	15.758497
545	1265	15.512548
545	2599	15.4992485
545	1270	15.393105
546	1265	108.14025
546	39	101.976944
546	1641	95.69533
546	608	92.300674
546	296	89.13054
546	21	88.7154
546	2108	84.78561
546	2791	84.51691
546	318	84.26835
546	593	83.45313
547	1196	60.715855
547	2571	56.58633
547	1265	56.556152
547	1198	56.39172
547	2858	56.366165
547	1197	55.970352
547	593	54.947994
547	2028	54.904694
547	1210	54.82254
547	1270	54.399582
548	1196	47.81228
548	1240	47.49259
548	1200	47.069233
548	260	46.92944
548	296	46.51765
548	1219	45.96326
548	1089	45.811375
548	541	45.62496
548	608	45.42361
548	1617	45.349747
549	2028	435.4316
549	2858	425.5647
549	260	410.387
549	1198	408.74637
549	318	407.56268
549	592	406.6803
549	1291	392.6228
549	1653	392.02936
549	2987	389.4723
549	2699	377.53827
550	1036	434.65408
550	1610	429.04355
550	380	414.34125
550	1222	376.08972
550	1215	374.82465
550	349	372.3861
550	1136	365.99765
550	3256	363.60202
550	593	355.735
550	2396	353.90454
551	608	158.55545
551	296	147.02924
551	318	146.0749
551	1617	144.03677
551	858	140.9461
551	1094	137.10832
551	1259	134.6315
551	1704	132.48906
551	1394	132.32138
551	34	130.77917
552	2916	37.37486
552	480	36.389523
552	1240	36.281055
552	592	36.004936
552	589	35.640583
552	1917	35.613777
552	1580	35.386898
552	1573	34.986965
552	1270	34.941048
552	1610	34.91704
553	1641	47.403904
553	2997	45.0581
553	34	42.945198
553	1	42.246136
553	2321	42.039314
553	1500	41.594006
553	2289	40.127953
553	608	39.61963
553	440	39.253563
553	3108	39.075573
554	2997	26.221989
554	2599	24.517796
554	2762	24.41297
554	2355	24.055113
554	2710	23.961443
554	1127	22.8182
554	785	22.400461
554	2396	21.568718
554	2694	21.556938
554	2395	21.487206
555	1196	19.721663
555	260	19.070456
555	1265	18.972992
555	1580	18.755833
555	2858	18.693047
555	2396	18.631802
555	1197	18.603325
555	2571	18.574106
555	608	18.536144
555	1270	18.327106
556	1073	123.279205
556	2100	120.87131
556	2797	119.876
556	2987	108.5258
556	2396	107.17553
556	2918	106.962
556	1079	105.75103
556	34	105.2513
556	1278	103.74401
556	1196	101.130325
557	2571	60.022655
557	1376	51.5088
557	2640	51.36911
557	1527	50.259403
557	1356	50.156757
557	2529	50.10649
557	2628	49.467094
557	780	49.142857
557	1291	48.865078
557	1036	48.854633
558	1704	156.82187
558	296	153.7673
558	1213	153.75443
558	1617	148.09995
558	858	147.02022
558	1208	141.76414
558	1674	141.35509
558	34	140.21465
558	1265	135.01154
558	3418	134.54214
559	608	14.764078
559	1196	14.763234
559	318	14.42363
559	2571	14.066268
559	2028	14.063111
559	50	13.927196
559	1198	13.808531
559	260	13.80769
559	1617	13.757902
559	589	13.743988
560	1291	108.58901
560	1036	106.612885
560	592	103.56971
560	2640	101.80361
560	1376	101.53789
560	2000	101.230774
560	2529	98.16188
560	1197	97.70345
560	1527	97.68965
560	2105	97.5969
561	2858	14.060426
561	2028	14.018304
561	296	13.926827
561	593	13.825758
561	318	13.658279
561	2571	13.481412
561	480	13.424648
561	2762	13.137934
561	110	12.941427
561	527	12.792699
562	1036	32.876503
562	589	32.65316
562	2571	32.044323
562	1210	32.025013
562	1291	31.42477
562	457	30.083096
562	480	29.886654
562	2916	29.857111
562	1197	29.845625
562	2000	29.047506
563	1375	146.25389
563	1197	143.73074
563	1198	143.36894
563	1291	138.14192
563	2011	137.33743
563	592	135.34074
563	1371	134.69325
563	919	134.36993
563	329	132.77577
563	780	131.19778
564	260	34.476177
564	858	33.554897
564	608	32.72068
564	1198	32.663883
564	2028	32.602608
564	919	31.687721
564	1221	30.738785
564	1214	30.452057
564	296	29.989061
564	541	29.98604
565	1196	13.520857
565	1270	12.938526
565	1580	12.680232
565	480	12.628074
565	260	12.518586
565	2571	12.422993
565	296	12.362475
565	1210	12.360008
565	1198	12.27813
565	110	12.100411
566	1265	188.28616
566	480	184.72821
566	2918	184.27779
566	2716	184.19081
566	2407	182.69464
566	1291	177.60526
566	592	176.9797
566	1079	174.88586
566	1394	172.81667
566	367	171.74492
567	1240	73.10207
567	2916	72.71577
567	1580	72.49461
567	480	71.00913
567	2640	70.431694
567	1200	70.119804
567	2571	69.752144
567	589	68.892525
567	2985	68.717476
567	1214	68.53815
568	608	25.24727
568	2028	22.904459
568	296	22.061005
568	1213	21.790703
568	1196	21.463894
568	260	21.212814
568	50	21.205784
568	1221	21.084446
568	2858	20.937172
568	2762	20.527464
569	1569	60.40044
569	440	60.31185
569	339	58.332573
569	3255	57.648586
569	3253	57.52281
569	597	56.420357
569	708	55.246666
569	39	54.94333
569	231	54.283257
569	2302	53.885586
570	1	113.53307
570	1265	109.7933
570	364	105.2526
570	1580	102.207146
570	357	101.51632
570	1197	98.51463
570	2571	96.65698
570	480	96.42229
570	3255	95.993706
570	318	94.28067
571	1372	102.220634
571	2105	96.48892
571	1240	95.56395
571	2985	95.059105
571	1374	94.00868
571	1320	93.61276
571	1690	93.4435
571	32	93.08085
571	1376	92.59726
571	1200	92.35967
572	1196	3.7756977
572	1376	3.7005312
572	260	3.6164365
572	1240	3.616076
572	1200	3.4811125
572	1210	3.4793065
572	1270	3.4456968
572	2640	3.3508744
572	1375	3.3130884
572	2985	3.28364
573	296	27.459415
573	318	27.143845
573	50	27.133488
573	527	25.603947
573	1196	25.534344
573	1213	25.364872
573	2858	25.076998
573	457	24.850237
573	2028	24.795229
573	1265	23.835833
574	296	22.672731
574	1617	20.937603
574	1213	20.08917
574	1196	19.803772
574	1704	19.090252
574	2571	19.030165
574	2762	18.682667
574	2028	18.66218
574	589	18.628399
574	1089	18.42074
575	260	110.916756
575	457	109.47224
575	1676	107.98444
575	377	107.34067
575	1391	106.56848
575	1200	106.04941
575	2028	105.31449
575	648	104.984566
575	1197	104.96273
575	1127	104.417946
576	1210	48.619354
576	1240	47.86165
576	1198	46.920033
576	1197	46.25066
576	1200	45.687607
576	1374	43.96248
576	1214	43.45474
576	1291	42.625774
576	2028	41.84522
576	32	41.65066
577	296	151.57486
577	318	144.96347
577	457	142.98212
577	2028	142.8602
577	1580	141.13268
577	589	135.92178
577	1196	134.92021
577	110	132.78398
577	2762	132.77858
577	3418	132.23766
578	50	27.454252
578	2028	27.375294
578	1704	24.631136
578	1196	24.516605
578	2997	24.260498
578	2396	24.228758
578	1265	24.199608
578	1089	23.87179
578	1358	23.642138
578	457	23.588224
579	1196	61.546207
579	1580	58.297398
579	2571	57.853626
579	260	57.80766
579	1240	56.516174
579	480	56.13292
579	2916	55.7752
579	1197	55.71419
579	1200	53.379192
579	2028	53.06491
580	1208	19.362026
580	1221	19.32712
580	1222	18.985624
580	1225	18.945948
580	541	18.204578
580	1263	18.13221
580	1198	17.970299
580	1213	17.79151
580	608	17.745956
580	527	17.5291
581	2396	29.27415
581	377	29.031414
581	380	28.684002
581	1580	27.523418
581	1	26.967228
581	357	26.957344
581	587	26.890696
581	480	26.680513
581	2671	26.279783
581	2355	26.22964
582	223	47.35802
582	2699	45.25861
582	2770	44.26682
582	785	43.96935
582	2605	42.85807
582	2762	42.22231
582	2997	41.67926
582	2712	40.511765
582	2688	40.356518
582	2580	38.957
583	318	118.98586
583	1265	111.7909
583	110	110.792145
583	50	110.0014
583	2571	109.65502
583	1198	108.56579
583	480	108.53577
583	260	108.49324
583	1270	107.26577
583	1197	106.19326
584	608	33.79739
584	1270	33.201477
584	1210	33.178837
584	1197	32.84048
584	2028	32.682266
584	858	32.097473
584	1265	31.871729
584	1240	31.778357
584	2571	31.394573
584	589	31.37627
585	1196	85.90254
585	480	85.35465
585	608	84.423645
585	1265	82.83306
585	1240	80.34895
585	1617	79.68587
585	260	79.316956
585	1	79.023796
585	1210	78.62983
585	1653	78.49016
586	1198	39.327385
586	2916	38.845436
586	480	37.78996
586	1374	37.658955
586	1580	37.216133
586	1036	36.527374
586	1291	35.76502
586	2985	35.658035
586	1097	35.557125
586	1197	35.41593
587	2174	161.31519
587	2797	157.64154
587	1197	152.40424
587	1	148.97255
587	3361	146.59569
587	1641	146.58292
587	235	146.24272
587	2804	146.20659
587	2321	145.83429
587	2599	144.99286
588	1247	255.47548
588	2396	243.43814
588	1094	242.52019
588	1225	241.86366
588	34	234.22948
588	50	229.16185
588	750	227.14998
588	541	225.83243
588	235	224.81209
588	1278	222.61087
589	1	24.317537
589	2396	23.499895
589	608	23.068205
589	1197	22.934765
589	2716	22.430355
589	296	22.108776
589	1580	21.883797
589	260	21.736357
589	2028	21.713064
589	2571	21.71153
590	296	83.02846
590	318	77.767105
590	2997	75.08073
590	2599	73.78811
590	1673	72.1953
590	1358	71.88207
590	778	70.97891
590	2289	70.53969
590	2395	69.7537
590	1635	69.39656
591	296	109.514336
591	260	106.28315
591	1265	105.41915
591	1198	105.30454
591	1394	104.8014
591	541	102.92602
591	2396	102.14729
591	1259	100.39886
591	1197	99.639114
591	2028	99.28122
592	1196	6.471495
592	1198	6.4358106
592	2406	6.2603583
592	1500	6.2392216
592	1291	6.1067924
592	2470	6.0455284
592	434	6.038827
592	2278	6.0377645
592	474	6.01306
592	1220	6.0027905
593	318	63.993507
593	296	61.37749
593	1358	58.738636
593	1213	58.283382
593	337	54.952816
593	1393	54.01957
593	2291	53.3913
593	2268	53.21888
593	3418	53.04155
593	1635	52.724052
594	1265	88.41258
594	39	85.27559
594	1197	78.492485
594	1674	77.24279
594	2797	77.20353
594	1094	76.742386
594	919	76.56354
594	1393	76.3457
594	915	75.821594
594	17	75.57045
595	1265	69.96192
595	39	68.035126
595	1641	65.251816
595	2321	65.01234
595	1923	64.47464
595	3253	63.41609
595	1500	62.453316
595	296	60.832962
595	1747	60.304653
595	587	59.705162
596	480	22.64559
596	1196	21.969116
596	2571	21.347906
596	1270	21.20154
596	260	20.822687
596	1210	20.535707
596	1240	20.394474
596	2916	20.122494
596	1200	19.971043
596	1197	19.904293
597	2770	38.499058
597	2395	38.004963
597	2355	37.686466
597	785	36.28555
597	2580	36.164585
597	2699	35.865242
597	1093	35.780243
597	2762	35.716892
597	2396	35.524956
597	2700	34.198
598	2762	21.166883
598	2599	20.872894
598	2959	20.499327
598	2706	20.009388
598	223	19.568716
598	2396	19.456076
598	2355	19.295315
598	2712	18.96658
598	2987	18.758528
598	2028	18.589584
599	1617	19.23395
599	296	18.216475
599	527	18.20563
599	593	18.13219
599	1221	17.659187
599	50	17.228867
599	111	17.098394
599	1259	16.999102
599	1252	16.951977
599	1208	16.826174
600	2716	16.119898
600	2997	15.97675
600	2762	14.880182
600	2396	14.812348
600	593	14.129278
600	2599	14.018537
600	1265	13.929885
600	608	13.694607
600	2987	13.637007
600	2028	13.429162
601	1265	163.48845
601	1580	157.25865
601	2571	149.42375
601	2716	149.01305
601	1394	144.31651
601	39	143.61598
601	2000	143.10242
601	592	142.79922
601	589	142.14003
601	260	141.9375
602	1240	119.49453
602	2968	107.98244
602	316	101.56348
602	1676	99.539375
602	2641	98.9059
602	1371	98.58331
602	2662	98.47617
602	2393	96.88394
602	1199	93.439224
602	1198	93.09621
603	1265	36.420124
603	1580	34.22214
603	1	34.198414
603	318	33.757435
603	1704	33.065807
603	457	33.020473
603	377	32.71388
603	110	32.705036
603	1393	32.17175
603	39	31.59683
604	2699	131.04208
604	2028	126.99258
604	457	126.79415
604	1610	126.60421
604	377	123.66224
604	110	123.541405
604	2000	121.46023
604	1391	120.474625
604	733	120.45595
604	1396	118.81543
605	457	94.68404
605	2916	94.04806
605	589	93.93734
605	1610	91.05892
605	1370	88.0004
605	2353	87.24557
605	1552	84.39037
605	1210	84.04084
605	1527	83.82816
605	1196	83.386086
606	1265	23.808132
606	2918	23.559046
606	1580	22.758778
606	588	22.565153
606	1270	22.313347
606	2797	21.783895
606	356	21.744741
606	2321	21.490286
606	1196	21.420357
606	3253	21.215302
607	527	27.134233
607	1213	26.318022
607	1196	26.26255
607	1617	25.956371
607	50	25.771925
607	1704	25.566038
607	457	25.53987
607	2571	25.486763
607	589	25.424702
607	1265	24.6837
608	589	74.278694
608	480	74.225204
608	457	74.182686
608	1580	71.935844
608	377	71.484985
608	2916	71.11628
608	593	70.93505
608	608	69.51384
608	1	69.46102
608	2716	69.23294
609	2916	55.581223
609	260	53.078922
609	1240	51.788105
609	457	51.742935
609	1200	48.98011
609	1610	48.913563
609	1270	48.226124
609	377	47.32596
609	1197	47.081207
609	1573	46.911583
610	1198	102.795006
610	1265	93.47835
610	858	93.06926
610	296	92.991295
610	1036	92.41254
610	318	91.93518
610	1291	90.79729
610	110	90.53616
610	1617	90.515976
610	2716	90.375496
611	1196	96.72865
611	2916	91.43437
611	2028	91.3166
611	260	89.495605
611	1240	89.280556
611	1210	88.09536
611	1270	86.473625
611	457	86.47302
611	1198	85.99812
611	593	85.88704
612	1196	27.789963
612	608	27.152706
612	260	26.308542
612	1198	25.883083
612	1617	25.576513
612	1197	25.390085
612	2396	25.19308
612	858	25.02151
612	2987	24.281372
612	2997	24.26616
613	1079	64.33729
613	1097	62.97402
613	1307	62.836533
613	1259	62.833538
613	2797	61.61876
613	1240	59.634033
613	1197	59.34367
613	2174	58.925423
613	1674	58.714924
613	2352	58.351402
614	594	41.315475
614	2096	40.739574
614	588	39.62116
614	2081	38.05489
614	596	37.81961
614	2137	36.230976
614	1	35.936527
614	2987	33.708725
614	1907	33.40161
614	2294	33.134014
615	1196	89.78592
615	1387	79.96709
615	1197	79.4326
615	1210	78.275536
615	608	77.89703
615	2028	76.50235
615	589	76.297134
615	2000	74.9337
615	924	74.10468
615	1617	74.07294
616	608	28.872984
616	1196	27.344084
616	858	27.127605
616	593	26.993317
616	1617	26.330976
616	260	25.690308
616	1198	25.530718
616	296	25.51159
616	480	25.398642
616	1240	25.2046
617	1196	18.529583
617	1197	17.742548
617	1580	17.608871
617	1270	17.576733
617	480	17.491581
617	260	17.355503
617	2028	17.314484
617	1265	17.246975
617	2571	17.21982
617	858	16.918041
618	1580	23.068586
618	480	23.004549
618	1270	21.35161
618	2571	21.179977
618	260	21.061512
618	1197	20.905806
618	1200	20.6648
618	1240	20.662003
618	608	20.640543
618	1210	20.634916
619	1270	17.154257
619	1265	17.068445
619	1197	16.946474
619	1394	16.619953
619	1079	16.58725
619	260	16.508533
619	1198	16.459879
619	608	16.398134
619	2918	16.044487
619	1307	16.004948
620	1500	108.76673
620	1213	107.71668
620	593	103.424866
620	457	103.39419
620	2028	103.295
620	2571	102.84213
620	1580	102.1727
620	318	102.13003
620	589	102.10823
620	1196	98.723885
621	1196	86.5318
621	2571	86.08501
621	1200	85.99644
621	589	85.492455
621	260	83.78657
621	1240	83.45496
621	1645	81.39541
621	593	81.35605
621	480	80.65395
621	2916	80.63296
622	923	45.74962
622	1221	45.63927
622	111	45.270588
622	318	44.79662
622	593	44.703945
622	1196	44.438854
622	1225	43.79462
622	1208	43.028225
622	2858	42.63395
622	1198	42.526993
623	1580	139.36763
623	2916	138.75693
623	1197	130.58458
623	457	128.79068
623	1036	125.999626
623	32	125.32174
623	1291	124.148575
623	593	122.24577
623	50	121.53331
623	1374	120.18576
624	2918	217.71664
624	2571	217.17685
624	858	216.85379
624	457	215.0728
624	527	197.8645
624	1221	197.51614
624	2858	195.56393
624	1304	195.04463
624	50	192.68912
624	590	190.36095
625	318	31.911646
625	296	30.414011
625	527	30.07381
625	2291	29.621845
625	1265	29.45801
625	36	29.258415
625	2396	29.188515
625	1213	28.914892
625	34	28.326994
625	1358	27.96412
626	1198	57.18946
626	2987	55.680187
626	1197	55.524284
626	480	54.498264
626	1580	53.987198
626	1270	53.94821
626	595	53.881218
626	1240	52.73397
626	364	52.665375
626	1291	52.454002
627	1196	17.986313
627	260	17.381756
627	1197	17.160261
627	1270	17.036179
627	2193	16.730587
627	1210	16.714426
627	1200	16.554262
627	1240	16.485231
627	2105	16.444769
627	1073	16.292603
628	39	40.53427
628	2321	40.139507
628	1923	39.15487
628	1641	39.128345
628	1517	37.946064
628	2599	37.127445
628	2395	36.755127
628	2700	36.749374
628	1784	36.748966
628	1270	36.61668
629	2054	96.06916
629	2987	88.131096
629	2089	87.90638
629	616	84.33752
629	2090	84.27821
629	2141	84.241585
629	1033	82.81706
629	1210	79.6615
629	1197	79.38982
629	2048	78.52437
630	2396	83.22393
630	1265	79.72567
630	1094	76.81226
630	527	72.42758
630	608	72.250374
630	2291	71.66562
630	2248	69.58998
630	318	69.47294
630	919	69.41795
630	1259	69.18268
631	1196	214.68875
631	608	208.25327
631	2797	194.03833
631	1617	192.37697
631	1240	190.81148
631	1097	188.05093
631	1136	187.8035
631	1036	185.6446
631	2000	185.28989
631	1213	184.95732
632	2628	34.741882
632	1240	34.474667
632	1196	34.266388
632	1374	34.11169
632	1676	33.610138
632	260	33.158848
632	1210	32.883606
632	1200	32.63367
632	1376	32.086903
632	2393	31.741232
633	2599	21.539717
633	2762	20.401497
633	593	20.137554
633	608	19.865986
633	2716	19.729408
633	2028	19.677422
633	2395	19.295532
633	296	19.235853
633	1196	19.010632
633	318	18.66708
634	2087	55.28037
634	2096	54.30112
634	1029	54.184673
634	2078	52.391182
634	1282	51.0285
634	2018	50.344463
634	783	49.66303
634	2987	48.19818
634	1196	46.36841
634	2054	46.007385
635	923	93.86027
635	912	91.76739
635	527	89.91577
635	1084	88.85933
635	1094	88.77909
635	1213	88.19693
635	111	88.08085
635	1193	86.2128
635	1230	86.05024
635	318	86.03681
636	1214	61.30191
636	1200	59.62209
636	2985	57.751083
636	2916	57.42077
636	1580	54.611034
636	1387	54.284267
636	480	53.907425
636	1270	52.859783
636	1258	52.76777
636	2640	52.337166
637	1270	182.50519
637	1198	181.97577
637	260	180.21794
637	1240	172.51472
637	1036	171.45772
637	1220	170.97151
637	919	169.39006
637	1197	168.80417
637	1210	168.62752
637	2640	165.03534
638	260	93.56219
638	1220	89.76664
638	1214	89.4589
638	2174	89.24406
638	2797	88.43061
638	589	86.36367
638	2985	86.304565
638	1222	84.7933
638	2916	84.62771
638	480	84.48397
639	1291	182.8223
639	1197	170.14119
639	780	168.8639
639	1127	165.75319
639	1220	164.06784
639	2985	162.89912
639	110	161.34714
639	380	158.66321
639	648	157.74353
639	1097	156.86179
640	296	15.188644
640	1704	15.007366
640	1213	14.396174
640	608	13.818306
640	527	13.579321
640	2028	13.214798
640	1358	12.988993
640	36	12.932333
640	2268	12.913265
640	50	12.761158
641	1196	89.52988
641	919	84.371796
641	296	84.02645
641	1617	83.672844
641	1197	83.26248
641	1097	81.84797
641	1265	81.3425
641	2028	79.79396
641	1221	79.145294
641	34	79.00586
642	2571	16.696392
642	1210	16.491308
642	1240	16.435114
642	260	16.400969
642	589	16.226171
642	1198	16.02981
642	480	15.952787
642	1200	15.779145
642	2716	15.555796
642	1036	15.399157
643	2683	37.01423
643	2762	32.546326
643	2395	32.15637
643	2502	30.605207
643	2396	30.069355
643	2700	29.692251
643	2699	29.420973
643	593	28.740244
643	3174	28.364428
643	1513	28.133488
644	1214	59.68749
644	1580	58.027176
644	480	55.102608
644	2858	54.27032
644	2987	52.976067
644	2985	52.973984
644	1198	52.938126
644	3175	52.845646
644	1197	52.595543
644	1374	52.341297
645	858	40.966198
645	1617	38.457058
645	1196	38.193195
645	296	37.563282
645	1213	37.533745
645	541	36.60165
645	527	36.375576
645	912	36.335785
645	924	36.218052
645	923	36.14109
646	858	167.36427
646	608	162.60086
646	1387	158.6607
646	1610	157.91707
646	1580	156.98317
646	593	156.39949
646	1221	154.5904
646	1617	153.50584
646	1220	153.13438
646	1259	150.84589
647	480	128.76196
647	377	128.45166
647	165	128.13953
647	1917	123.50218
647	10	120.66847
647	736	116.26468
647	95	115.543495
647	1876	115.25686
647	1722	114.2057
647	2058	112.576164
648	296	100.12948
648	50	91.104095
648	318	89.92544
648	527	86.070435
648	2028	84.16335
648	32	83.8774
648	1196	83.09399
648	34	83.007095
648	2291	81.00924
648	1	80.97601
649	2916	53.43789
649	1374	52.551346
649	480	52.4596
649	1198	51.896873
649	1580	51.006626
649	2985	50.73082
649	1097	49.82274
649	1387	49.495724
649	1036	49.197834
649	2640	48.81316
650	1580	29.64561
650	480	29.524551
650	1196	28.832558
650	377	28.248274
650	1240	28.211231
650	1036	27.809057
650	733	27.389542
650	260	27.327034
650	1198	27.282408
650	1370	26.929476
651	1270	274.136
651	541	261.32413
651	1136	248.46545
651	1127	248.22664
651	2105	241.35257
651	1079	239.16336
651	1294	237.98003
651	1394	237.37616
651	1	236.32123
651	2791	236.1116
652	589	68.55757
652	480	66.28838
652	1580	64.986626
652	2353	64.2759
652	2028	62.0938
652	780	61.122902
652	110	61.079308
652	1527	60.63169
652	474	60.342335
652	1240	60.14649
653	2396	13.471436
653	2762	12.610228
653	2599	12.011687
653	593	11.855263
653	608	11.525024
653	1704	11.418744
653	1265	11.387023
653	356	11.22683
653	2336	11.170143
653	318	11.101536
654	733	123.95637
654	1580	122.37273
654	50	119.99115
654	1196	119.3535
654	1036	118.43209
654	3418	117.73301
654	474	116.792915
654	380	115.39192
654	1240	113.50559
654	1704	113.38288
655	608	142.60486
655	1094	136.80717
655	318	128.90361
655	1265	126.812386
655	2997	121.13801
655	1617	121.12098
655	25	120.048706
655	337	119.36346
655	1885	119.1336
655	39	119.055855
656	1294	110.876274
656	1136	107.956635
656	111	106.51556
656	1084	102.77549
656	1267	102.135475
656	1278	101.53093
656	1208	100.4404
656	1213	99.30858
656	1953	98.85061
656	2300	97.85612
657	2706	34.505146
657	2395	33.921722
657	2959	33.91765
657	2762	33.02406
657	2396	32.345146
657	2355	31.970766
657	2710	30.971722
657	2502	29.959524
657	3176	29.879072
657	2700	29.690893
658	1196	42.655674
658	1580	42.55494
658	2716	41.890656
658	1265	41.855705
658	1	41.209324
658	2174	40.813698
658	2571	40.470566
658	2797	40.38384
658	1197	39.7293
658	2918	39.410408
659	1307	60.807526
659	1246	60.50914
659	1302	59.040165
659	1225	58.36551
659	2797	57.299362
659	2918	56.720913
659	2915	55.882942
659	1079	55.868523
659	3361	54.747417
659	2406	54.60183
660	457	252.9671
660	2571	241.15877
660	593	233.45383
660	1370	225.47295
660	2353	223.10762
660	47	217.84106
660	2762	214.7488
660	1584	214.54216
660	587	211.39024
660	1036	208.14348
661	1036	67.81743
661	1210	66.68998
661	2571	65.510445
661	1291	64.1045
661	1270	64.03498
661	541	63.84186
661	1197	63.654858
661	480	63.475082
661	2916	63.070396
661	1580	62.83595
662	1022	68.802216
662	783	64.289894
662	1073	63.045914
662	2294	63.02674
662	2005	60.499832
662	1028	60.158398
662	2355	59.752026
662	1097	59.256557
662	1210	57.256058
662	1197	57.13477
663	1580	98.09861
663	377	91.98514
663	1552	86.676414
663	2353	85.4321
663	349	85.35721
663	1240	85.23314
663	1196	84.85083
663	1917	84.64963
663	1676	84.06388
663	1036	83.77123
664	608	104.85281
664	858	98.563354
664	318	93.13301
664	1270	92.20689
664	1214	91.13796
664	541	90.39219
664	1197	90.385155
664	1265	89.97553
664	1259	89.90521
664	1240	89.12924
665	1214	12.704193
665	2571	12.009716
665	1196	11.929729
665	480	11.8420315
665	1580	11.800353
665	2916	11.773951
665	589	11.762934
665	1407	11.649852
665	1200	11.641723
665	1240	11.602435
666	296	78.07385
666	593	75.5673
666	1704	71.66869
666	1213	70.59674
666	50	70.33058
666	34	68.97404
666	1	68.51375
666	2028	67.99281
666	2395	67.75178
666	1500	67.27938
667	2455	69.87155
667	2003	69.45942
667	1321	68.937996
667	1345	68.66779
667	1339	66.623276
667	2517	66.53523
667	366	66.45652
667	1342	65.01331
667	1130	64.46541
667	1261	63.310856
668	1580	31.759409
668	2571	31.213312
668	2916	31.1219
668	589	30.368023
668	1573	28.615583
668	1527	28.27859
668	377	28.122658
668	316	27.704021
668	1196	27.642902
668	1610	27.516068
669	3253	260.21475
669	1784	256.35696
669	2571	251.31798
669	3255	250.57468
669	2028	249.74417
669	457	247.56224
669	589	242.95714
669	593	242.3901
669	377	237.27063
669	2291	236.06328
670	1247	25.705715
670	908	25.41302
670	608	25.407213
670	919	24.84322
670	858	24.525913
670	1225	24.340353
670	750	24.133406
670	903	24.042711
670	111	24.031431
670	1193	23.645966
671	1221	93.950195
671	1136	90.17782
671	1252	89.32404
671	1265	88.746346
671	1259	88.683945
671	1270	87.88642
671	1394	87.72068
671	919	86.785675
671	2571	86.67513
671	1240	86.51977
672	1196	29.861698
672	1198	27.96014
672	480	27.860603
672	608	27.59141
672	260	27.383678
672	919	26.397339
672	858	26.314787
672	2028	26.292664
672	1617	26.10896
672	1270	26.046894
673	1358	107.639084
673	1682	106.913864
673	265	106.31091
673	1213	104.863235
673	17	103.31457
673	509	103.088356
673	3246	102.32485
673	1834	101.844246
673	272	101.03047
673	1639	100.93373
674	1196	73.705215
674	260	69.75068
674	1240	69.74968
674	1198	69.38047
674	1036	68.707565
674	1210	67.19025
674	608	66.53412
674	2000	66.33606
674	1200	66.1581
674	1197	65.570755
675	2706	26.817501
675	2716	26.571407
675	2599	24.224092
675	2762	23.225729
675	2699	23.19431
675	2959	22.713894
675	785	22.121538
675	3175	21.509216
675	2712	21.373182
675	2605	21.342371
676	457	187.06186
676	2321	183.33154
676	589	181.50406
676	377	180.64044
676	2571	180.5676
676	440	176.72278
676	1610	173.93748
676	2396	173.15636
676	2762	172.49155
676	21	171.73265
677	608	108.17066
677	1247	105.133965
677	1208	100.21356
677	111	100.15985
677	1617	98.01165
677	1136	97.99694
677	593	97.30864
677	1294	97.04625
677	1213	96.67993
677	296	95.024635
678	1079	384.24637
678	1394	374.56815
678	588	373.61478
678	1374	369.74643
678	39	363.45004
678	1500	362.8243
678	21	358.63797
678	2640	353.0648
678	3361	351.48846
678	1222	348.98077
679	608	69.992775
679	858	68.99442
679	1270	68.95804
679	1200	67.50768
679	318	66.47634
679	296	65.51822
679	1617	65.00549
679	1387	63.85341
679	2858	63.734695
679	1221	63.06132
680	1196	26.306252
680	2716	25.745594
680	2571	24.779669
680	1210	24.466337
680	1198	24.391222
680	2762	24.038471
680	2028	24.024164
680	589	23.493193
680	457	23.490417
680	2396	23.229916
681	364	34.3421
681	1282	32.233685
681	2081	31.593739
681	1029	31.484358
681	2096	31.23814
681	2080	31.122818
681	2087	31.036663
681	2078	30.52038
681	1032	30.130405
681	2018	29.653662
682	1617	68.86005
682	541	67.670654
682	924	67.667305
682	593	67.11454
682	1219	66.46785
682	1213	64.56319
682	1136	64.267685
682	1240	63.9403
682	1387	63.672447
682	1252	63.455307
683	589	24.707108
683	377	24.541782
683	2916	24.400768
683	480	23.961712
683	1370	23.868809
683	349	23.099474
683	2353	22.939758
683	1580	22.903599
683	380	22.474333
683	1036	22.295034
684	2762	24.01902
684	2997	23.998611
684	2355	23.767258
684	2716	23.607018
684	2959	22.93612
684	2599	22.926056
684	2770	22.44836
684	2710	21.542744
684	2694	21.146755
684	2712	20.785126
685	2916	89.65573
685	592	84.11391
685	1097	83.71181
685	2174	83.68231
685	1394	81.91788
685	2858	81.36563
685	377	81.055916
685	608	80.61693
685	593	79.88609
685	2987	79.3316
686	608	25.219193
686	2571	24.168434
686	1196	23.769997
686	110	23.58971
686	50	23.06
686	1213	22.839806
686	2762	22.705448
686	1617	22.677368
686	1265	22.467756
686	260	22.101465
687	1617	181.94301
687	1196	177.72226
687	380	176.43423
687	1213	175.06712
687	1	171.83388
687	6	170.21703
687	356	169.39175
687	648	168.14001
687	1198	167.21838
687	1210	164.1663
688	858	24.947498
688	1294	23.481539
688	1221	23.275412
688	923	22.544111
688	924	22.416044
688	919	22.316145
688	1252	22.183086
688	260	22.181583
688	111	22.171116
688	1247	21.892488
689	597	61.328175
689	357	60.400517
689	587	55.228073
689	708	54.8995
689	2424	54.246834
689	356	51.259003
689	377	48.576305
689	838	48.319237
689	509	47.99025
689	1680	47.85773
690	260	149.69409
690	1270	148.83656
690	1200	141.09264
690	2571	140.04204
690	1214	139.55508
690	2000	136.44374
690	1259	135.97609
690	2716	135.75705
690	1580	135.40395
690	480	133.68207
691	608	65.129906
691	260	65.09857
691	1198	63.878857
691	1265	62.44641
691	541	62.36324
691	296	60.75247
691	1210	60.275623
691	589	60.081055
691	1270	59.89166
691	858	58.99152
692	1265	356.5465
692	1270	347.4136
692	2000	341.7001
692	592	340.79218
692	590	318.53232
692	2396	318.47598
692	1220	316.81146
692	2194	313.17703
692	474	312.83328
692	1394	309.21503
693	1197	55.344387
693	1259	54.666893
693	1394	53.954697
693	1270	53.917034
693	608	52.630177
693	260	51.195553
693	858	50.993267
693	1097	50.907185
693	1036	50.098682
693	2797	49.96958
694	223	27.106157
694	2571	26.908077
694	2716	26.381424
694	2762	26.295048
694	2028	26.2188
694	608	25.953001
694	593	25.950123
694	2395	25.860971
694	296	25.794775
694	589	25.136492
695	2916	110.77308
695	589	110.626236
695	1610	104.9843
695	1036	104.46592
695	1240	102.88645
695	2000	101.18461
695	1370	99.78363
695	592	98.263214
695	260	97.1876
695	1200	95.66275
696	1265	231.11497
696	1200	230.51768
696	1394	230.17624
696	1214	228.5044
696	1259	228.22263
696	1580	218.09882
696	2987	218.03519
696	1	215.3257
696	2916	211.72104
696	1288	211.47318
697	2000	85.60001
697	2406	82.49062
697	2243	81.77845
697	1240	81.456535
697	1136	81.4367
697	1036	81.127625
697	1968	80.46468
697	1090	80.17681
697	858	79.84042
697	3210	79.80652
698	589	172.50876
698	1210	167.88959
698	608	162.53903
698	1617	155.54924
698	1265	152.52855
698	2174	152.23993
698	2968	151.23003
698	1036	150.89836
698	1387	150.42554
698	50	148.0654
699	377	225.7755
699	2571	216.25056
699	1610	213.21252
699	2353	212.52766
699	1370	211.95967
699	1377	210.004
699	110	206.668
699	474	200.73192
699	1485	200.58792
699	1777	199.84912
700	1196	22.047623
700	1580	21.821888
700	260	21.422607
700	1240	20.926872
700	480	20.505009
700	541	20.259476
700	1200	19.99111
700	1527	19.717556
700	1653	19.34082
700	1214	19.325184
701	608	60.67808
701	2396	56.51453
701	2028	55.20529
701	50	53.66116
701	457	52.132122
701	39	51.642735
701	110	51.332726
701	2762	51.233387
701	34	51.22216
701	1641	50.85805
702	1198	213.05893
702	3363	207.4891
702	260	205.9804
702	1252	202.73125
702	111	201.89018
702	1394	199.49219
702	1230	196.55919
702	541	196.30417
702	1288	192.70158
702	1214	191.67206
703	608	14.981085
703	593	13.677177
703	1221	13.500927
703	1617	13.404459
703	318	13.403731
703	1196	13.277745
703	527	13.248437
703	1225	13.215224
703	1193	13.097667
703	912	12.863231
704	2716	30.915796
704	2355	29.704933
704	2858	29.52851
704	2770	29.249624
704	1127	28.12685
704	2997	27.965223
704	1093	27.801739
704	2762	27.587368
704	2712	27.256975
704	2541	26.888708
705	1196	62.850277
705	260	62.474792
705	2571	62.133965
705	589	60.997353
705	1580	60.524155
705	480	59.788662
705	1240	59.757324
705	1210	59.442795
705	2987	59.213074
705	1198	58.427925
706	1094	70.002174
706	36	68.31686
706	608	67.97533
706	1635	67.04158
706	1704	66.97029
706	318	64.34458
706	994	64.30581
706	1358	63.757378
706	1213	63.113136
706	25	62.364895
707	1196	44.889767
707	2916	42.41506
707	260	42.283478
707	2028	42.00969
707	1240	41.95101
707	1580	41.920143
707	480	41.288536
707	1198	41.080418
707	110	41.05483
707	1270	40.604412
708	2028	13.042352
708	1196	12.993464
708	2571	12.960065
708	480	12.719103
708	1580	12.584711
708	1240	12.558793
708	1610	12.537791
708	457	12.429223
708	1198	12.36753
708	260	12.296776
709	2003	30.022066
709	1974	29.320755
709	1342	28.530474
709	1983	28.497452
709	2107	27.978626
709	1982	27.701443
709	724	27.631472
709	2513	27.536217
709	1991	27.462763
709	1975	27.028334
710	1197	386.16898
710	110	383.66327
710	780	372.45038
710	2174	361.55957
710	2628	356.74536
710	1097	355.61243
710	2396	351.587
710	1222	341.6153
710	39	341.3131
710	2406	341.27432
711	608	94.13422
711	1394	92.0255
711	1294	89.54195
711	1196	88.59719
711	1270	87.34142
711	1252	86.00878
711	1288	85.23261
711	3361	85.13884
711	1234	85.10341
711	111	84.46775
712	1240	190.62851
712	480	190.21013
712	1197	179.69006
712	457	176.3205
712	1610	171.84703
712	780	166.0087
712	1097	162.57382
712	1356	161.51912
712	733	157.35489
712	380	153.89749
713	1291	167.09283
713	1200	166.76895
713	2640	162.94138
713	592	161.5661
713	2000	160.97429
713	1036	160.6558
713	457	160.28477
713	2406	155.77277
713	1220	151.39113
713	377	150.16974
714	1265	233.36787
714	457	224.82657
714	1517	219.24976
714	2916	214.57439
714	780	212.40425
714	733	212.37918
714	1610	210.19107
714	1573	204.72882
714	2353	203.40065
714	1500	203.16994
715	260	61.5861
715	1617	60.244377
715	858	59.68824
715	1259	58.830296
715	1214	58.395863
715	1200	58.329556
715	2791	56.458126
715	1394	55.50056
715	2858	55.363857
715	296	55.201473
716	1370	278.766
716	2985	267.9596
716	2000	262.22598
716	1374	258.79138
716	1214	257.66678
716	349	257.03018
716	1391	254.90416
716	1584	253.67863
716	1377	250.03876
716	2115	242.66168
717	1580	13.8979225
717	1196	13.600218
717	608	13.422963
717	110	13.313598
717	260	13.060792
717	1240	12.90122
717	1617	12.8111515
717	2762	12.753761
717	1210	12.733661
717	593	12.665723
718	296	115.86625
718	1580	115.229416
718	593	113.834526
718	356	112.10895
718	2858	112.017136
718	2916	111.64717
718	2762	111.12149
718	50	110.022575
718	1196	108.30623
718	1704	107.91709
719	858	14.310731
719	1294	13.484392
719	608	13.469394
719	3421	13.380366
719	1196	13.33302
719	1221	13.255304
719	1208	13.049382
719	260	13.028791
719	1198	13.01655
719	1394	12.969867
720	589	121.1587
720	260	118.582535
720	1198	116.457344
720	1200	111.76859
720	2716	111.01509
720	593	107.10842
720	1270	105.97066
720	1214	105.84154
720	377	103.54479
720	2762	103.34199
721	1370	283.1758
721	165	268.01788
721	1196	258.3962
721	21	249.3154
721	1036	249.10518
721	2058	244.9674
721	1676	244.78601
721	2000	244.49539
721	353	244.13388
721	6	243.37904
722	318	41.845764
722	296	41.521473
722	1704	40.929256
722	2858	38.85912
722	1265	38.81704
722	1213	38.316383
722	2396	37.51559
722	457	37.019234
722	1393	36.993748
722	50	36.971817
723	2683	19.222708
723	2858	18.874952
723	2571	18.469746
723	785	17.921959
723	2716	17.876543
723	2699	17.746668
723	2599	17.704067
723	589	17.553381
723	2997	17.431658
723	2395	17.032562
724	11	81.851944
724	356	77.88269
724	1704	74.935295
724	1784	72.104004
724	1641	71.50739
724	2321	70.81173
724	318	70.62855
724	1500	70.21914
724	608	69.934875
724	3255	69.417
725	608	62.330566
725	296	58.707893
725	1094	52.055206
725	2289	51.686802
725	2599	50.982826
725	50	50.83631
725	34	50.644417
725	2395	49.982048
725	39	49.622
725	36	49.102863
726	357	53.372795
726	3255	50.65597
726	1641	49.39709
726	1500	49.052643
726	1923	48.957428
726	1569	48.03168
726	1777	47.90287
726	588	47.658154
726	318	46.072735
726	597	45.96808
727	2396	125.753555
727	2858	116.89512
727	1307	116.201775
727	296	115.453636
727	1617	114.219536
727	1	113.65572
727	1259	111.66865
727	1393	109.763336
727	2797	109.2431
727	1079	108.491615
728	1265	81.335815
728	1358	79.429665
728	2291	79.14609
728	2858	78.48487
728	50	75.58073
728	356	75.521126
728	1617	75.426186
728	39	75.33123
728	1183	75.082085
728	3386	74.94813
729	1210	115.064835
729	1200	113.84014
729	1270	110.90868
729	457	110.18654
729	2028	109.3245
729	1356	107.714874
729	1374	106.380196
729	110	106.24405
729	2985	105.74065
729	1036	105.2972
730	1196	39.780964
730	260	37.65316
730	2716	37.19431
730	1198	37.067543
730	1079	37.01145
730	1265	36.89053
730	1136	35.78767
730	1240	35.59872
730	2174	35.50003
730	2000	35.360504
731	608	265.22397
731	1196	261.1432
731	1288	252.54115
731	919	252.04315
731	1617	250.39476
731	2243	246.22261
731	296	243.0957
731	2108	242.24689
731	2987	240.28317
731	2804	239.72261
732	608	100.89227
732	2028	94.654495
732	1196	93.40007
732	457	91.02127
732	2858	88.13168
732	1265	87.37859
732	1729	86.809845
732	589	86.80717
732	1259	86.4238
732	1610	86.07735
733	1196	87.24805
733	260	85.25599
733	608	83.94017
733	1265	82.079636
733	1240	80.80531
733	457	80.70304
733	1270	80.66138
733	1210	80.00062
733	1097	78.755806
733	1197	78.32197
734	1036	25.718105
734	1196	25.482178
734	1240	24.549757
734	1610	24.543192
734	110	24.411684
734	260	24.263647
734	368	24.174618
734	1127	23.944054
734	2716	23.728111
734	589	23.413115
735	457	226.70934
735	2000	225.50217
735	780	224.26347
735	2174	219.82915
735	592	218.03523
735	1220	217.12555
735	2987	216.06224
735	1356	213.1208
735	296	212.6083
735	2406	208.0132
736	480	75.75933
736	2028	75.03804
736	457	72.136665
736	2916	72.03549
736	296	70.68187
736	1210	69.068954
736	608	68.7228
736	1240	67.73237
736	377	67.60671
736	1610	67.44697
737	1196	135.12694
737	260	124.79763
737	593	124.29515
737	1198	122.89015
737	1240	119.170525
737	318	119.07931
737	2571	118.94181
737	1259	117.10454
737	1214	115.785965
737	2028	115.71675
738	2571	7.06532
738	480	7.051697
738	1580	7.045647
738	589	6.993951
738	110	6.878933
738	1196	6.7367096
738	2916	6.6404924
738	1210	6.434971
738	780	6.3557215
738	733	6.3144693
739	589	117.45906
739	1240	116.80975
739	2571	116.23549
739	2000	116.11399
739	2916	115.570496
739	457	115.36989
739	1197	113.78782
739	1200	110.53945
739	2028	110.23815
739	110	109.421684
740	608	24.198795
740	1196	23.483685
740	1580	22.906408
740	480	22.771118
740	2571	22.392866
740	260	22.391293
740	1259	22.278625
740	593	22.208065
740	296	22.181227
740	1617	22.040514
741	1347	39.155094
741	1982	35.63581
741	1345	35.44478
741	1321	35.24624
741	1717	34.78932
741	724	34.267773
741	1974	34.21603
741	1350	33.750004
741	2455	33.623817
741	2517	33.559643
742	1240	39.44765
742	480	37.76992
742	1200	37.48712
742	1580	36.77386
742	1214	36.22451
742	1374	35.519367
742	1270	35.38356
742	1291	33.300003
742	2028	33.296772
742	32	33.17776
743	608	68.533066
743	34	66.43348
743	1617	65.650444
743	39	65.43987
743	1079	65.325264
743	2716	65.22886
743	1270	64.40686
743	2395	63.908447
743	1641	62.668888
743	2289	62.249634
744	1391	172.2461
744	457	168.50781
744	733	165.75963
744	648	163.09644
744	2115	162.55513
744	2094	160.5051
744	32	159.32236
744	380	159.19278
744	1220	158.16916
744	1584	156.51993
745	296	3.2695923
745	608	3.2046747
745	593	3.0722795
745	1584	3.0441105
745	318	3.0363314
745	1704	3.0216794
745	2291	3.0030577
745	1617	2.943117
745	1500	2.9040341
745	1748	2.8926997
746	296	176.99739
746	1036	173.51628
746	1240	172.1788
746	1210	169.51666
746	1265	169.32254
746	2000	166.4269
746	1200	162.72046
746	356	161.01726
746	1	156.97816
746	1608	156.90977
747	589	16.580048
747	1210	15.004187
747	480	14.985414
747	1214	14.861408
747	2916	14.482547
747	1198	14.442841
747	110	13.856556
747	1580	13.770414
747	1036	13.541942
747	1374	13.455888
748	1214	66.0778
748	541	65.782234
748	1197	64.779854
748	858	64.21742
748	1210	64.04521
748	1200	63.15483
748	1617	60.620346
748	1291	60.12654
748	924	60.11609
748	1387	60.056187
749	1270	204.48935
749	2797	196.42583
749	2174	196.17767
749	1291	193.66655
749	1079	192.91797
749	1197	189.55618
749	457	187.98354
749	1278	187.08838
749	589	186.58987
749	541	186.30551
750	1247	41.120506
750	111	40.808628
750	1252	38.620205
750	1193	38.420967
750	527	37.93718
750	318	37.659813
750	1207	37.282906
750	908	37.19502
750	1084	37.05272
750	750	36.65393
751	1196	17.113882
751	1580	16.030886
751	2571	15.981671
751	260	15.965458
751	1240	15.928853
751	1270	15.520966
751	2916	15.163487
751	1197	15.147812
751	1200	15.095853
751	110	15.090097
752	1265	314.34988
752	593	306.53326
752	2291	287.6408
752	2028	286.2623
752	2599	280.1846
752	2762	276.9098
752	1923	276.747
752	1393	276.74344
752	1682	275.25662
752	457	275.1079
753	380	114.533844
753	2571	106.29513
753	648	105.11007
753	316	102.73933
753	368	100.37479
753	2054	98.074196
753	1391	97.53052
753	2006	97.469055
753	1196	97.365166
753	1608	96.99889
754	296	97.69439
754	377	92.646194
754	1265	92.475296
754	2916	91.32466
754	1580	90.93517
754	1196	90.83968
754	2858	90.83277
754	50	90.35899
754	1213	89.03296
754	733	87.07649
755	593	102.174866
755	1617	101.40042
755	318	100.9049
755	2858	98.74882
755	2028	97.79932
755	2396	96.40126
755	1197	93.32274
755	1259	91.91743
755	2762	89.64451
755	919	89.32944
756	1036	30.630888
756	1200	30.428778
756	589	30.401287
756	2571	30.098867
756	1210	30.003304
756	1291	29.40492
756	1197	28.891432
756	457	28.807238
756	2000	28.254976
756	110	28.030869
757	457	232.21976
757	110	226.12624
757	377	225.41856
757	1610	224.4629
757	780	223.41516
757	733	222.91803
757	1377	221.33514
757	2987	218.21487
757	367	216.67834
757	3253	215.93066
758	1196	32.259644
758	2028	30.725796
758	608	30.644478
758	1265	30.271639
758	593	30.005756
758	1198	29.9215
758	1197	29.80396
758	260	29.736755
758	1	29.031569
758	2858	28.950539
759	1307	57.58827
759	2100	50.554527
759	1247	46.687
759	2797	46.425602
759	915	46.297707
759	11	46.28147
759	497	45.977512
759	1079	45.784668
759	1197	45.604256
759	2080	45.465904
760	296	41.950832
760	1213	41.800106
760	1196	41.58077
760	593	40.880142
760	318	40.65722
760	1617	39.77777
760	2028	39.663395
760	260	38.82137
760	1265	38.667656
760	50	38.611443
761	589	18.50805
761	1580	18.072016
761	480	17.926285
761	1196	17.497715
761	1240	17.138367
761	260	16.971529
761	1210	16.567257
761	1527	16.421137
761	1200	16.402987
761	457	16.354313
762	1580	43.980743
762	1240	43.94775
762	2571	43.335346
762	1200	42.8686
762	2916	42.47322
762	589	42.220345
762	1375	41.379684
762	2985	40.891045
762	2640	40.871273
762	1214	40.490692
763	1240	19.224281
763	1210	19.116787
763	2571	18.575613
763	1214	18.307768
763	589	18.247808
763	1200	18.224579
763	1197	17.98216
763	1580	17.590357
763	1291	17.585497
763	480	17.535162
764	2087	91.15876
764	2078	89.138214
764	1196	88.75875
764	1022	87.10454
764	1210	85.95295
764	1097	84.798584
764	1197	83.88974
764	1214	83.200455
764	2081	83.17486
764	1	82.56612
765	2174	236.60413
765	1214	236.54573
765	2918	223.77863
765	1610	220.75548
765	1387	216.00772
765	1079	214.61
765	377	211.7087
765	1372	209.34665
765	3033	207.83052
765	1073	207.5381
766	2918	41.576225
766	2174	39.80033
766	1394	38.64941
766	3039	38.044815
766	3361	37.97835
766	1259	37.773685
766	2915	37.607224
766	2144	36.556427
766	2716	36.369133
766	1663	36.184643
767	260	89.67153
767	919	81.55997
767	1580	81.49033
767	924	81.12391
767	1097	81.009315
767	1197	80.99232
767	480	79.63461
767	2571	79.51542
767	541	78.91274
767	858	76.93184
768	1580	30.542074
768	2028	30.238665
768	2571	30.140593
768	480	29.925661
768	296	29.409382
768	457	29.185703
768	318	29.048817
768	1265	28.96676
768	1	28.906034
768	356	28.837553
769	608	50.589314
769	1252	49.133656
769	1617	48.35375
769	923	47.393887
769	1219	47.267223
769	908	46.8718
769	541	46.86668
769	924	46.7479
769	1136	46.395412
769	1247	46.04449
770	2918	297.7452
770	3253	292.16663
770	2000	289.68118
770	1036	272.8512
770	377	271.24207
770	592	267.82892
770	1079	267.62524
770	2406	267.49484
770	1240	267.16238
770	1394	265.99503
771	1196	17.295546
771	858	17.095427
771	541	17.015144
771	924	16.93883
771	1214	16.4537
771	919	16.334429
771	750	16.248192
771	2791	16.229136
771	1252	16.138687
771	1219	16.058784
772	2571	68.40622
772	2916	64.34163
772	1127	62.800816
772	2716	62.126255
772	1196	61.76871
772	2699	61.69337
772	3175	59.046364
772	1210	58.830215
772	1240	58.803986
772	32	57.140858
773	2683	26.270884
773	2706	26.227781
773	2858	25.580347
773	2762	24.256191
773	223	24.144249
773	2997	23.36697
773	2355	23.344994
773	2028	22.292397
773	2694	22.169306
773	2541	21.903967
774	1580	141.6445
774	1265	139.71266
774	1240	134.32681
774	1610	130.2237
774	377	126.83686
774	2716	121.832825
774	356	120.514
774	1259	119.90193
774	1214	119.59843
774	592	119.51263
775	318	12.798238
775	2762	12.643798
775	296	12.625963
775	1265	12.351827
775	608	12.336502
775	2571	12.329593
775	593	12.293472
775	1	12.211271
775	110	12.182978
775	1580	12.097364
776	913	47.59619
776	2396	46.807655
776	1136	45.93077
776	2858	44.921494
776	2716	44.794205
776	912	44.66611
776	919	44.21432
776	908	44.159
776	1197	43.997543
776	260	43.48477
777	110	182.12526
777	349	176.13869
777	10	175.70462
777	1597	168.17989
777	21	165.5199
777	1396	164.77765
777	474	164.66263
777	95	164.29874
777	592	163.95135
777	587	163.7976
778	2571	147.18546
778	480	143.38062
778	592	139.79578
778	1200	138.33038
778	260	136.35704
778	1573	134.06966
778	2115	129.65399
778	1356	127.547806
778	2194	127.17872
778	1197	126.38559
779	2716	29.202549
779	2858	27.495365
779	1127	26.656256
779	2762	25.264074
779	2997	25.211748
779	2987	25.135675
779	2694	24.954588
779	2599	24.293642
779	2541	23.995565
779	1093	23.968668
780	733	277.63458
780	2012	244.11818
780	1037	236.04935
780	1387	232.27939
780	2699	228.44327
780	1073	224.27327
780	3033	222.47044
780	2005	221.55779
780	2642	221.36742
780	367	220.59729
781	457	148.92702
781	165	136.2754
781	1527	133.66579
781	1500	128.22714
781	1676	128.03647
781	1036	127.78708
781	2000	126.460754
781	1196	126.30891
781	1391	125.95546
781	1722	125.890495
782	2858	5.1159067
782	608	4.8780003
782	858	4.8299713
782	2396	4.751341
782	2997	4.665866
782	541	4.639038
782	296	4.5500717
782	593	4.529399
782	919	4.527898
782	1221	4.4791284
783	1610	79.04458
783	733	78.74636
783	1196	76.62764
783	1370	76.038315
783	1240	75.57558
783	780	74.685844
783	2353	73.688156
783	1036	73.50189
783	260	72.45508
783	380	72.215096
784	2858	19.392853
784	2699	17.462593
784	2541	17.197037
784	2599	16.760275
784	2694	16.733109
784	2770	16.57779
784	2997	16.472971
784	785	16.444372
784	2580	16.369955
784	2502	16.121134
785	1196	64.30646
785	1240	63.533287
785	480	63.147118
785	1610	63.035698
785	733	62.41435
785	780	60.055885
785	1210	60.03745
785	592	58.469467
785	648	57.329063
785	3256	56.075214
786	1580	58.923965
786	1200	57.753708
786	1214	56.6314
786	480	55.864788
786	1097	55.61773
786	1270	54.8707
786	2985	54.41302
786	2640	54.39383
786	1198	53.61107
786	1372	52.714966
787	2599	62.709343
787	2028	56.27179
787	593	56.08204
787	608	54.96003
787	296	54.169132
787	2580	53.97253
787	2770	53.843258
787	2699	53.18535
787	589	52.93316
787	2987	52.642414
788	1200	129.93657
788	1676	128.07008
788	2393	124.00931
788	2054	123.83301
788	1391	123.05746
788	1573	120.83371
788	2094	119.85983
788	1584	119.85258
788	1214	118.624886
788	592	118.48937
789	2355	49.174397
789	2762	45.669014
789	1513	43.012974
789	3175	42.269505
789	3081	41.17441
789	2987	41.02201
789	2700	40.44147
789	2598	40.116833
789	2395	39.899956
789	2841	39.465477
790	589	16.086369
790	480	16.012573
790	1580	15.242703
790	1240	14.960088
790	1210	14.611733
790	2571	14.565032
790	2916	14.028505
790	110	14.024058
790	1198	13.759407
790	1200	13.611153
791	589	230.61937
791	2174	227.9861
791	1291	227.12195
791	592	222.34352
791	1220	217.93059
791	2028	215.13902
791	2918	213.92712
791	110	208.24323
791	1079	207.83192
791	541	206.39557
792	2571	43.549088
792	2716	40.880737
792	480	40.866913
792	2028	40.157276
792	608	40.03795
792	296	39.271114
792	593	39.011543
792	1265	38.917053
792	260	38.195206
792	2916	38.109886
793	608	91.455185
793	1198	87.47791
793	296	86.49721
793	527	85.13718
793	50	82.81979
793	919	82.73002
793	589	82.209366
793	457	81.555275
793	480	80.84175
793	1240	80.4223
794	1079	38.123894
794	1259	34.10097
794	2174	34.057346
794	2352	33.832684
794	2791	33.60463
794	1270	33.281456
794	3210	33.25446
794	1288	32.406708
794	1663	32.189297
794	2248	31.881054
795	39	82.02939
795	608	81.43078
795	318	77.40336
795	1784	75.73459
795	593	74.59021
795	1704	74.15388
795	2321	73.71611
795	440	73.26945
795	527	72.23305
795	1307	72.06934
796	1580	202.98474
796	592	196.66306
796	2571	191.3378
796	1079	183.76225
796	919	180.97418
796	2716	180.32959
796	1	178.55713
796	924	175.06636
796	1127	174.8944
796	608	173.90695
797	357	57.697495
797	39	51.93248
797	1197	50.578102
797	356	48.985962
797	2797	48.718414
797	11	48.705063
797	597	47.173454
797	608	46.582935
797	440	46.31383
797	1079	46.287983
798	2797	147.81178
798	2470	139.5356
798	1580	134.15733
798	1374	132.4699
798	1220	132.0984
798	1036	130.98662
798	2918	130.23064
798	2405	128.34398
798	2640	126.628815
798	1200	126.28569
799	1196	10.190429
799	260	9.715688
799	457	9.642514
799	2571	9.63752
799	589	9.568152
799	1240	9.5541
799	608	9.307646
799	858	9.268775
799	50	9.249758
799	1291	9.137647
800	1029	134.37941
800	1032	129.45078
800	2054	128.8175
800	596	126.860405
800	1	122.162476
800	2137	122.12157
800	2640	118.29402
800	1270	117.785484
800	2797	115.584816
800	1374	115.4724
801	2858	133.72447
801	593	130.12129
801	527	129.09485
801	1197	127.90322
801	1136	126.91359
801	2797	125.75546
801	34	125.58079
801	39	125.19521
801	1288	124.19058
801	2174	124.075165
802	457	292.71866
802	377	282.4356
802	2797	278.62985
802	380	278.3378
802	260	275.6629
802	2174	273.90454
802	2918	271.43896
802	733	268.7227
802	1	262.96072
802	593	257.01382
803	2916	52.9831
803	480	51.877045
803	1580	51.334576
803	1197	49.303993
803	1374	48.969307
803	2028	48.437378
803	2985	46.824642
803	1387	46.6676
803	2115	46.101036
803	1220	45.880966
804	1265	17.275312
804	1617	17.258003
804	2858	17.141897
804	2396	17.052336
804	608	17.036587
804	2997	16.807999
804	296	16.520584
804	593	16.34424
804	1196	16.29008
804	858	16.143106
805	2396	34.72015
805	2355	33.05652
805	2706	32.94437
805	380	32.654705
805	39	32.3646
805	2581	32.247894
805	2683	32.02871
805	2987	31.74094
805	2858	31.584023
805	2571	31.509136
806	1252	36.073933
806	1244	35.535885
806	908	34.688576
806	923	34.349632
806	1294	33.87085
806	904	33.635635
806	912	33.589264
806	1247	32.882202
806	1267	32.578682
806	1235	32.545322
807	589	17.99423
807	1580	17.815327
807	1	16.802202
807	2571	16.586555
807	110	16.50157
807	1196	16.146507
807	364	16.096481
807	2355	15.599666
807	1210	15.37734
807	260	15.213458
808	1982	106.055244
808	1128	104.816826
808	2787	99.95096
808	1345	99.68914
808	1987	99.56063
808	1350	96.92255
808	2118	95.80247
808	2451	94.91919
808	968	92.49945
808	2459	91.51193
809	1210	62.696987
809	2916	62.59877
809	1240	61.385674
809	1197	61.212776
809	260	61.004368
809	2028	60.134155
809	780	59.726402
809	457	59.20075
809	1200	58.835835
809	1198	58.815483
810	480	100.45915
810	1240	94.14127
810	260	91.69035
810	1198	91.36849
810	110	90.494705
810	1036	89.883354
810	1291	88.825485
810	349	88.14695
810	3256	88.1124
810	1200	87.26095
811	858	53.60167
811	608	51.389244
811	1617	48.842777
811	912	48.796726
811	919	48.65106
811	1252	48.258587
811	1198	48.142296
811	1247	47.6319
811	1208	47.277096
811	1225	47.03643
812	2770	45.406578
812	2541	43.952827
812	2716	42.505676
812	2881	41.544956
812	2858	41.034805
812	2719	38.82963
812	2599	38.17048
812	2762	37.622066
812	1093	37.251408
812	2580	36.81697
813	39	44.377724
813	356	43.806835
813	1923	43.77471
813	1641	42.716225
813	440	42.667534
813	1500	40.97542
813	1517	40.961746
813	2858	40.8077
813	1270	39.760944
813	21	39.28115
814	1196	33.90787
814	1198	32.09332
814	1240	30.624474
814	1580	30.491192
814	589	29.941622
814	2571	29.89607
814	1270	29.801228
814	592	29.444971
814	1200	29.192772
814	1036	28.72415
815	2716	24.290976
815	2599	22.345333
815	2355	21.511343
815	2762	21.289268
815	2770	21.054533
815	785	20.872408
815	2699	20.57457
815	2700	20.32419
815	2395	19.952885
815	2580	19.775736
816	1198	128.33212
816	1197	126.802025
816	541	124.65042
816	858	124.2776
816	608	122.998116
816	1294	120.503044
816	1200	119.692986
816	1079	119.62125
816	1259	117.81551
816	2791	115.39178
817	1196	240.81195
817	592	235.98192
817	2571	230.47672
817	589	229.43988
817	1036	229.19656
817	1240	225.83665
817	780	216.68205
817	2100	216.39981
817	2987	215.75713
817	1377	213.73909
818	1196	113.45703
818	457	107.37134
818	1265	106.61676
818	260	105.25855
818	1240	105.05011
818	50	104.46999
818	1270	102.491295
818	1127	102.12217
818	1198	101.12166
818	1	101.03936
819	1370	50.547375
819	780	48.78602
819	3256	48.49475
819	648	48.145206
819	110	47.0171
819	1527	46.901543
819	1196	46.147614
819	1036	45.960114
819	1240	45.80092
819	1552	45.665283
820	1376	81.38329
820	780	81.08769
820	2640	79.886665
820	2105	78.13808
820	1198	76.7692
820	2968	76.13439
820	924	75.41969
820	1375	75.25584
820	329	75.00187
820	1129	74.043976
821	260	4.4221373
821	1	3.9996698
821	2028	3.98423
821	318	3.9635954
821	377	3.9139354
821	1196	3.9021885
821	780	3.8985062
821	1036	3.8582194
821	1610	3.8564992
821	2000	3.83269
822	1270	130.8594
822	356	130.58113
822	1196	130.01796
822	2987	129.21973
822	2174	129.08904
822	34	127.68487
822	1580	127.42066
822	1198	125.77474
822	357	123.77733
822	2716	120.42583
823	1265	88.20572
823	1079	86.4073
823	2918	85.65925
823	2797	82.59473
823	2791	80.52015
823	2396	76.22745
823	2395	76.10353
823	3210	76.06331
823	1285	75.8656
823	1288	75.434715
824	1196	158.0118
824	296	156.6176
824	1225	155.04565
824	527	153.84804
824	1247	152.59203
824	111	151.59409
824	1208	151.3437
824	318	149.93973
824	2396	149.87326
824	1394	149.7402
825	1252	29.111475
825	912	28.099483
825	908	27.848452
825	1247	26.186953
825	913	25.936401
825	1267	25.587534
825	750	25.128613
825	2300	24.867195
825	1136	24.335205
825	1294	24.241932
826	608	9.070066
826	111	8.512761
826	1252	8.433437
826	1617	8.396077
826	1213	8.375469
826	1189	8.209776
826	2289	8.156654
826	1230	8.077666
826	50	8.007193
826	296	7.9740252
827	1196	19.502562
827	608	19.48925
827	260	18.572208
827	1213	17.971458
827	1198	17.86006
827	1214	17.831158
827	296	17.779253
827	1617	17.719963
827	924	17.523844
827	1193	17.52268
828	2716	54.206585
828	2997	49.015347
828	1513	47.009205
828	2959	46.972862
828	2699	46.88523
828	1127	43.624542
828	2028	43.423027
828	2571	43.3269
828	3175	43.14341
828	1265	42.9479
829	1214	102.53093
829	1198	100.66163
829	593	97.96591
829	1240	97.74939
829	296	97.42365
829	589	96.12415
829	111	95.7904
829	1294	94.6925
829	1200	94.16563
829	1267	94.03978
830	1270	64.04216
830	1206	62.663692
830	1210	62.00467
830	858	60.858135
830	1219	60.806606
830	1374	59.93013
830	608	59.615643
830	2571	59.174255
830	1252	58.465714
830	2985	58.371986
831	608	42.084713
831	589	38.933052
831	1196	38.80712
831	1213	37.825035
831	260	36.9206
831	1270	36.5699
831	1265	36.018536
831	318	35.842266
831	1214	35.654366
831	1198	35.633743
832	2918	97.78454
832	2174	95.36368
832	2797	94.01383
832	1079	93.05906
832	2791	90.75574
832	2858	90.0773
832	1580	89.38271
832	2997	87.844734
832	1196	87.70705
832	34	86.898254
833	608	16.927612
833	2858	16.244532
833	110	15.417947
833	1704	15.066438
833	296	15.039555
833	457	15.038807
833	2762	14.919523
833	1196	14.815914
833	1617	14.727714
833	50	14.398068
834	1196	35.04373
834	1197	34.874607
834	1198	33.29224
834	2797	32.64814
834	2100	32.591663
834	1270	32.126106
834	858	31.862463
834	608	31.85162
834	1079	31.706413
834	356	31.69033
835	750	12.683257
835	2529	12.483603
835	541	12.450002
835	924	12.243033
835	1206	11.851205
835	1019	11.604705
835	1214	11.363621
835	1374	11.301229
835	1334	11.233117
835	2527	11.166344
836	1	25.022734
836	1282	23.672388
836	2987	23.457886
836	2087	23.33483
836	2355	22.19183
836	2716	21.8702
836	1270	21.816422
836	1197	21.311764
836	1097	21.177168
836	3114	21.047514
837	1196	45.532562
837	1198	45.395428
837	608	44.11747
837	260	43.45233
837	1240	42.066048
837	1214	42.0534
837	1953	41.991
837	593	40.42468
837	1610	39.91169
837	541	39.700695
838	2959	70.598885
838	2716	67.14699
838	2683	65.67835
838	2699	63.258408
838	2355	62.759262
838	1127	62.561054
838	2700	62.41355
838	2770	62.07394
838	3174	59.028954
838	593	57.939568
839	1097	417.1494
839	21	412.1932
839	1394	401.75137
839	1222	395.6894
839	2791	390.91248
839	2918	389.8106
839	1079	389.20465
839	1396	376.25705
839	39	367.2384
839	474	361.0286
840	2987	165.30206
840	1394	157.97124
840	1259	157.65227
840	1278	152.30658
840	1294	151.63617
840	1265	151.32446
840	2081	151.00351
840	858	148.06978
840	541	145.64662
840	608	145.08978
841	1247	5.2062044
841	608	5.0699935
841	1084	4.876963
841	111	4.746758
841	1945	4.687012
841	1213	4.6792746
841	1952	4.6678596
841	296	4.6323
841	1252	4.627091
841	858	4.5566854
842	608	29.925095
842	296	29.50881
842	593	28.282192
842	2762	28.0275
842	318	27.979778
842	2396	27.57843
842	1617	27.370987
842	1196	27.260544
842	2395	27.009615
842	527	26.718067
843	2918	93.88768
843	1079	87.84932
843	2716	87.713394
843	1197	87.432625
843	1307	87.167305
843	3039	85.136246
843	1663	83.688805
843	3210	82.909874
843	3361	81.227486
843	1500	80.109055
844	527	53.85426
844	858	53.547325
844	296	52.91657
844	1198	52.352924
844	2571	51.40053
844	2396	50.577305
844	1265	50.037434
844	541	49.863373
844	1213	49.636795
844	919	48.940533
845	296	48.518665
845	593	47.868984
845	2858	46.786892
845	50	45.031464
845	1617	44.889164
845	1213	44.85981
845	2396	41.874924
845	2571	41.684498
845	589	40.04755
845	1089	39.17336
846	1240	148.60489
846	1197	147.9975
846	1036	145.08539
846	1200	144.05385
846	2985	141.5934
846	1097	138.43625
846	1580	138.40367
846	2987	137.58827
846	2640	137.21574
846	1136	135.37242
847	1394	50.50828
847	1307	47.85125
847	1270	47.62151
847	1136	47.200504
847	1	46.691536
847	2797	46.476925
847	2791	46.360508
847	608	46.176838
847	3361	45.532516
847	1196	44.196712
848	1265	49.931145
848	608	49.726017
848	1	45.820984
848	1617	45.627613
848	2599	44.87045
848	1641	44.524384
848	527	43.671535
848	39	43.439117
848	2395	43.43008
848	34	42.88909
849	2797	69.06905
849	1270	68.07911
849	2716	66.94878
849	2174	66.919075
849	1197	65.65111
849	1580	65.40778
849	1079	65.2761
849	2791	64.74
849	1641	63.38922
849	1394	63.219612
850	111	209.85631
850	1084	202.14299
850	1294	199.0996
850	924	199.08018
850	1208	198.8894
850	541	193.46321
850	3363	192.19612
850	1304	186.10963
850	1244	184.41122
850	1953	184.18655
851	1580	49.433647
851	589	48.21904
851	1527	47.30782
851	316	45.49896
851	1200	43.863567
851	1210	43.486847
851	1356	43.33661
851	1544	43.31828
851	1573	43.255505
851	32	43.042416
852	1265	33.88712
852	2918	33.76906
852	1079	33.53138
852	1196	32.932724
852	1394	32.824932
852	1197	32.776752
852	2791	32.541126
852	2797	32.12264
852	2716	32.01073
852	1	31.975311
853	1240	98.90252
853	1036	95.869156
853	2000	95.04873
853	1200	92.37679
853	780	90.41296
853	110	90.25112
853	377	89.29135
853	2985	89.27568
853	1214	88.21176
853	1220	87.66404
854	1704	182.43617
854	318	182.30846
854	296	181.76038
854	2006	181.57939
854	2268	180.88438
854	1682	178.04814
854	708	176.57155
854	1196	172.9707
854	1584	172.17847
854	1197	172.123
855	1196	274.77835
855	235	270.9205
855	1136	264.89304
855	1198	259.59894
855	1968	258.95328
855	2028	254.29942
855	260	248.76938
855	3361	248.05716
855	2700	245.011
855	1210	243.89159
856	608	22.107132
856	1617	19.963917
856	296	19.858997
856	1213	19.72212
856	593	19.285795
856	318	18.631804
856	527	18.392118
856	2028	17.814655
856	50	17.800297
856	858	17.723051
857	1252	53.39812
857	923	52.49275
857	1294	51.23644
857	1247	50.839813
857	903	48.535473
857	1234	47.91548
857	913	47.910892
857	1267	47.734074
857	608	47.50421
857	1084	47.14046
858	1196	125.42632
858	1278	121.170006
858	1210	113.0828
858	1394	112.90825
858	2640	111.12797
858	1374	111.08214
858	1197	110.80349
858	1079	110.567665
858	2985	110.26919
858	608	109.121376
859	2167	68.42898
859	1391	65.3377
859	2617	64.38474
859	329	62.492645
859	1717	62.27356
859	1372	61.864525
859	2455	60.05416
859	1240	59.744053
859	1876	59.725365
859	1584	59.705322
860	1347	16.822817
860	1994	15.775255
860	1982	15.745996
860	1345	15.727053
860	1387	15.133701
860	1350	14.83127
860	1321	14.759757
860	2288	14.7298765
860	1215	14.726824
860	1407	14.712587
861	2174	70.77609
861	1079	68.96607
861	2100	66.811455
861	2915	65.911766
861	1259	65.06512
861	2371	63.551212
861	3087	63.09437
861	1197	62.894817
861	1285	61.770897
861	2407	61.087284
862	608	38.488068
862	296	36.047455
862	2289	35.43358
862	318	33.849728
862	111	33.01493
862	2395	32.577484
862	50	31.959106
862	1094	31.85137
862	1265	31.834377
862	36	31.563618
863	1198	48.771404
863	1036	48.09369
863	1214	45.76655
863	1200	45.614033
863	589	45.574394
863	1291	44.144768
863	2194	43.89707
863	1210	43.543957
863	608	43.085587
863	2000	42.707592
864	919	83.600464
864	1219	82.63345
864	923	80.22814
864	912	79.82435
864	858	79.676636
864	1294	78.6793
864	2300	76.46339
864	260	76.07264
864	1084	75.2489
864	3363	75.09843
865	1210	34.663013
865	589	34.383915
865	1200	33.348904
865	1214	32.844635
865	480	32.472317
865	2916	32.32896
865	1580	32.21335
865	1036	31.970798
865	1270	30.298538
865	592	30.277697
866	2571	21.249592
866	1580	21.11696
866	1265	20.839745
866	260	20.814604
866	589	20.541748
866	480	20.496788
866	2355	20.287968
866	2396	20.138277
866	1198	20.085365
866	1270	19.912796
867	541	23.78908
867	1097	23.673231
867	1198	23.670206
867	1197	23.45061
867	1270	23.447603
867	1136	23.227715
867	858	23.14144
867	1214	22.760338
867	593	22.661503
867	527	22.429064
868	1347	44.28186
868	1982	44.06511
868	1321	41.9513
868	1130	39.826416
868	2003	39.081512
868	2118	38.64201
868	968	38.625412
868	1974	37.949852
868	1128	37.09475
868	2513	36.388878
869	1270	308.4748
869	1391	290.92517
869	1917	289.85336
869	1377	288.29956
869	2640	287.2548
869	2353	282.83002
869	2406	279.74237
869	2012	274.5431
869	1073	273.3482
869	1876	272.8691
870	318	19.216177
870	608	18.844467
870	1259	18.395952
870	1196	18.338722
870	527	17.866497
870	2918	17.851711
870	1265	17.74434
870	593	17.424845
870	1097	17.423843
870	2716	17.410612
871	2688	27.388754
871	223	27.330704
871	2541	27.218872
871	785	26.102234
871	2858	25.938725
871	2959	25.22009
871	2433	24.611849
871	3113	24.526573
871	2762	24.386436
871	2572	24.232975
872	541	62.938168
872	1214	62.22086
872	1200	61.427345
872	1210	60.946487
872	608	60.59296
872	1617	59.927532
872	1197	59.900486
872	2028	59.159004
872	32	58.292263
872	1	57.63782
873	858	74.53393
873	924	74.30042
873	1247	74.08606
873	912	72.72157
873	919	72.00062
873	1230	71.2108
873	1208	71.15805
873	3363	69.6021
873	1294	69.22191
873	1214	69.21782
874	1252	15.209171
874	908	14.980764
874	924	14.808919
874	912	14.717984
874	1219	14.716316
874	1214	14.454038
874	750	14.329631
874	1196	14.328169
874	1221	14.179316
874	913	13.828758
875	608	32.47775
875	593	32.176315
875	2858	31.850864
875	296	31.700808
875	2997	31.164297
875	2028	31.038363
875	318	30.427423
875	2716	30.256512
875	50	30.202305
875	2571	29.509867
876	1270	98.29585
876	1370	96.85943
876	1573	96.02594
876	1222	95.96312
876	2628	95.9627
876	780	95.91736
876	1527	94.48102
876	608	94.349625
876	1356	93.75809
876	380	92.713165
877	457	337.84378
877	1240	329.82327
877	1036	325.51273
877	1200	314.71222
877	2985	314.0289
877	1220	313.46274
877	2353	301.73407
877	3256	294.8108
877	1876	288.96786
877	1722	288.38455
878	589	37.90288
878	2916	37.559734
878	1527	36.404896
878	1196	34.556835
878	1356	34.12175
878	1210	33.743443
878	1240	33.563335
878	1200	33.017803
878	260	32.988792
878	780	32.738235
879	2396	24.456476
879	2858	24.229168
879	1197	22.81452
879	1196	22.129204
879	1265	22.122211
879	1307	21.96268
879	1270	21.736763
879	2987	21.513865
879	608	21.223982
879	2599	21.12075
880	1676	80.13143
880	2628	76.52807
880	1240	74.9889
880	1917	73.426414
880	1200	72.95263
880	2985	72.36701
880	1374	71.93518
880	1196	71.32193
880	1127	71.11887
880	2094	69.70074
881	733	287.76093
881	353	257.181
881	2321	247.42563
881	1485	241.52092
881	47	237.7581
881	1196	237.29832
881	1682	236.04858
881	223	234.48434
881	788	232.6555
881	1036	231.95557
882	1240	74.827286
882	589	71.4241
882	2916	70.30561
882	1374	70.05823
882	2968	68.29381
882	2985	67.91037
882	1580	67.61239
882	480	65.883026
882	2529	64.265076
882	1127	63.667503
883	858	13.520503
883	1196	13.2055235
883	608	13.111248
883	1197	12.661836
883	260	12.569328
883	296	12.507203
883	1259	12.445995
883	1265	12.269893
883	1136	12.1604805
883	1240	11.969266
884	589	88.141525
884	1240	84.693726
884	1198	84.65139
884	457	82.41885
884	2028	81.85318
884	2916	81.818665
884	1200	80.63794
884	1	80.55056
884	1265	79.502686
884	1197	79.21225
885	2571	53.292873
885	1265	52.49895
885	1196	51.241505
885	608	51.19837
885	589	51.117928
885	2028	51.05733
885	2858	50.64781
885	318	50.33792
885	593	49.496372
885	110	48.975307
886	1206	2.8058913
886	1252	2.6893535
886	919	2.6435301
886	1196	2.5373294
886	1230	2.5194714
886	162	2.4840271
886	260	2.459235
886	1136	2.424042
886	750	2.420151
886	912	2.4084482
887	296	71.12739
887	2396	66.9357
887	1213	65.89433
887	2028	64.04691
887	1641	63.19462
887	2997	62.59083
887	1784	60.05932
887	21	59.809105
887	1	59.58096
887	2289	59.570183
888	588	49.186123
888	480	47.22831
888	1265	46.2524
888	589	46.161922
888	1198	45.82664
888	457	44.4826
888	1197	44.379597
888	2987	43.64507
888	110	43.283005
888	356	43.215534
889	608	347.29254
889	1198	337.74335
889	858	322.3405
889	296	319.11893
889	593	313.42014
889	2028	306.34708
889	1036	304.94098
889	457	304.38745
889	50	302.4552
889	527	302.1021
890	2571	135.2871
890	2916	129.93921
890	377	126.84022
890	457	125.81199
890	380	125.297554
890	733	121.84449
890	2028	120.722694
890	110	120.08429
890	1610	119.52221
890	648	118.77957
891	608	134.43205
891	593	129.16254
891	2028	128.9015
891	1580	128.35956
891	1197	127.95794
891	296	127.30544
891	1	126.5366
891	1198	125.54187
891	318	124.418015
891	223	124.09094
892	1200	29.123196
892	1210	28.215216
892	1374	26.99282
892	541	26.698519
892	1291	26.599314
892	589	26.436949
892	2571	26.429737
892	1197	25.82137
892	1036	25.780432
892	2985	25.672411
893	1213	42.08256
893	1580	41.541374
893	2571	41.261467
893	593	40.81555
893	32	40.659657
893	1196	40.12049
893	2762	39.158234
893	2916	39.08815
893	2291	39.04507
893	110	38.68881
894	589	59.485508
894	2916	58.220066
894	2028	57.79838
894	1580	57.25149
894	608	55.154064
894	47	54.559227
894	733	54.55254
894	1196	54.440453
894	1265	53.644547
894	1089	53.20247
895	2716	39.597908
895	2858	39.496635
895	2997	36.477505
895	2762	35.73746
895	2683	34.67169
895	2395	33.829174
895	2706	32.97708
895	1265	32.850643
895	2700	32.212837
895	1197	30.777058
896	2688	24.650671
896	2770	24.641481
896	2355	24.50628
896	3005	23.675568
896	223	22.928274
896	2433	22.358364
896	2707	22.288965
896	2581	21.93633
896	2502	21.59063
896	785	21.54293
897	377	134.52277
897	2396	130.80453
897	1196	125.879105
897	21	125.82189
897	1	125.02459
897	39	123.16512
897	2291	122.55259
897	1500	121.974945
897	733	120.97486
897	34	117.34765
898	1196	14.824463
898	1259	14.546579
898	608	14.5255165
898	2028	14.297949
898	1580	14.118781
898	1270	14.030533
898	457	13.979727
898	110	13.9253435
898	589	13.924566
898	1265	13.916314
899	2406	146.81065
899	2797	146.37408
899	2100	145.61624
899	588	145.05353
899	1198	143.59113
899	1393	139.73727
899	1259	137.90135
899	2987	137.07417
899	11	135.57591
899	1079	135.43169
900	2396	16.7688
900	608	16.141613
900	593	15.771688
900	2716	15.715422
900	2762	15.465289
900	318	15.171969
900	527	15.152341
900	1617	15.062439
900	296	14.968111
900	2395	14.750141
901	1270	13.043589
901	480	12.692455
901	589	12.391226
901	1196	11.852234
901	260	11.732504
901	2716	11.475537
901	1240	11.4265995
901	2916	11.426491
901	3421	11.200342
901	1214	11.157397
902	2858	13.538425
902	2716	13.454596
902	1127	13.101791
902	2699	12.806965
902	2987	12.436485
902	2355	12.353802
902	2762	12.257983
902	2683	12.144604
902	223	12.127242
902	1196	11.986849
903	593	30.338509
903	1617	30.305958
903	608	29.794277
903	2028	29.040024
903	2762	28.697895
903	50	28.573292
903	318	28.40246
903	296	27.320814
903	457	27.091648
903	1213	27.01852
904	2985	110.59054
904	1240	109.078224
904	2571	108.70539
904	1036	107.51993
904	1200	107.35474
904	2000	105.78871
904	457	105.712425
904	1573	104.90638
904	1196	104.14429
904	733	104.14335
905	1374	98.46374
905	1376	91.4345
905	1527	90.541595
905	1356	89.08793
905	1375	86.24273
905	316	85.91593
905	2628	85.89902
905	1676	84.086555
905	1198	83.75644
905	1372	83.696556
906	1196	17.354164
906	1580	17.334585
906	589	16.600788
906	260	16.404203
906	480	16.084534
906	1265	15.939158
906	1240	15.910751
906	2916	15.872661
906	1	15.646858
906	356	15.341754
907	608	19.367645
907	1198	18.508757
907	2028	17.453764
907	527	17.402248
907	2858	17.30096
907	50	17.02106
907	296	16.985138
907	541	16.913555
907	1197	16.89109
907	1240	16.805502
908	2571	33.622505
908	589	33.476
908	1196	33.19074
908	260	31.804054
908	296	31.292458
908	2028	31.282022
908	1240	30.949272
908	457	30.50565
908	1210	30.189337
908	318	29.975695
909	858	46.392056
909	750	43.86052
909	912	43.451714
909	1213	42.720837
909	1219	42.537525
909	296	42.055927
909	593	41.88772
909	527	41.72943
909	1196	41.723465
909	924	41.392113
910	2028	59.437515
910	1198	58.95034
910	1265	58.162853
910	1580	58.078007
910	592	57.938053
910	589	57.932785
910	2571	57.693626
910	1291	57.38841
910	1240	56.660694
910	608	56.22337
911	1240	284.1808
911	589	282.25104
911	593	270.25177
911	1200	269.2727
911	2406	265.23752
911	2797	256.67114
911	1	255.27985
911	2396	252.72813
911	1222	247.73375
911	2858	246.87811
912	608	28.21577
912	2858	27.190868
912	296	26.112907
912	1079	25.34121
912	1265	25.293043
912	1259	25.026314
912	318	24.904314
912	2396	24.770117
912	1617	24.69066
912	1213	24.688097
913	1196	33.239944
913	1580	33.05887
913	2640	33.02852
913	260	31.85776
913	1210	31.830797
913	780	31.7382
913	2571	31.679295
913	1200	31.299572
913	1291	30.875479
913	592	30.81313
914	50	50.858456
914	1196	49.36575
914	2858	49.0088
914	1221	48.93507
914	111	48.372883
914	1193	48.15085
914	2028	46.698185
914	2396	46.073162
914	1265	45.961212
914	260	45.908234
915	1196	55.276627
915	1610	54.864628
915	1240	52.82653
915	1210	52.472404
915	260	51.75957
915	780	51.502953
915	1370	51.19001
915	1265	51.109367
915	2858	50.659927
915	1036	50.61387
916	593	46.879486
916	2858	46.87066
916	1197	45.493397
916	1213	45.288696
916	260	45.012978
916	1270	45.00331
916	1265	44.776863
916	2028	44.589245
916	1259	44.544052
916	527	44.467167
917	1196	25.317858
917	2028	24.704365
917	608	24.234224
917	1198	23.454294
917	2858	23.28362
917	296	23.139126
917	1221	22.93735
917	589	22.683842
917	1617	22.547188
917	1213	22.260134
918	2571	80.8451
918	349	74.55855
918	1573	73.53488
918	2353	72.906235
918	1196	72.388504
918	1265	71.536156
918	474	70.82318
918	1704	70.3349
918	1552	69.93086
918	292	69.449814
919	1197	175.8983
919	1617	171.31415
919	1198	170.64644
919	2571	170.11653
919	1240	166.60197
919	527	164.74702
919	32	164.67848
919	1	164.14453
919	2797	162.58733
919	1394	161.93803
920	2858	42.193222
920	223	39.88362
920	2997	39.51883
920	2959	39.469387
920	2987	39.06038
920	2355	38.859074
920	2599	37.59467
920	3175	37.258633
920	2396	36.750984
920	2770	35.951675
921	457	122.61765
921	1	117.94124
921	260	115.11984
921	1210	114.49126
921	2762	113.766205
921	1097	108.95447
921	2000	105.88299
921	21	105.84713
921	2716	105.83447
921	1291	105.61315
922	1196	204.30757
922	1198	190.35919
922	260	187.96988
922	608	187.00711
922	1036	185.27931
922	1210	184.01282
922	1265	178.11394
922	1200	178.09898
922	592	177.86116
922	1197	177.50232
923	2997	31.045338
923	608	28.997488
923	2321	27.730589
923	1500	27.71129
923	296	27.519863
923	1923	27.3358
923	34	27.240711
923	1	27.183205
923	21	26.240059
923	1213	26.046957
924	2858	145.05826
924	50	138.27138
924	527	136.38493
924	2028	135.66354
924	1196	130.90108
924	110	127.24019
924	1641	126.7243
924	21	125.87467
924	2599	125.32792
924	39	125.04181
925	2081	33.013428
925	594	30.321787
925	364	30.148468
925	1028	29.923023
925	2087	29.544378
925	1022	29.311327
925	1282	28.930199
925	2018	28.380432
925	1197	28.012836
925	1032	27.915754
926	1196	78.576225
926	1210	76.77575
926	1197	75.86953
926	1270	75.68309
926	2987	74.17843
926	2916	72.839485
926	2628	72.80658
926	457	72.59959
926	588	72.549644
926	1240	71.6161
927	357	87.52626
927	1	86.69329
927	1517	84.81455
927	539	82.733185
927	587	79.38479
927	21	76.86231
927	2918	76.772125
927	141	76.386765
927	380	75.75757
927	1614	74.529015
928	296	144.67038
928	593	140.67953
928	318	136.97432
928	1094	135.31287
928	923	133.61452
928	912	131.25745
928	908	131.2482
928	1208	128.94658
928	904	125.20056
928	34	125.11388
929	260	256.6231
929	2571	247.33748
929	110	235.43874
929	2985	231.44443
929	1127	217.30794
929	1242	215.30325
929	780	214.7124
929	2174	208.59398
929	2797	207.68219
929	2628	205.2486
930	608	64.65922
930	110	57.73424
930	6	57.36734
930	1610	56.968872
930	2916	56.86782
930	480	55.157112
930	377	54.8551
930	527	54.644566
930	1265	54.537174
930	2762	54.155483
931	1028	91.02468
931	903	83.42439
931	1294	83.30916
931	1247	83.00359
931	904	82.78171
931	1230	81.50946
931	1278	81.07481
931	1136	80.78657
931	1234	80.02042
931	3334	79.991615
932	608	15.842188
932	318	14.486952
932	1617	13.726559
932	50	13.315153
932	296	13.16343
932	1213	12.478774
932	2028	12.431491
932	1704	12.244744
932	1094	11.835185
932	1358	11.725249
933	608	39.233723
933	296	37.02377
933	1196	36.546787
933	1704	36.264164
933	457	35.998577
933	1617	35.84513
933	1265	35.710068
933	110	35.053787
933	2571	35.048294
933	1213	34.49014
934	2321	169.18092
934	357	165.35919
934	2302	161.93425
934	1641	160.37648
934	1500	159.95297
934	588	157.5957
934	2858	154.55145
934	21	154.28915
934	296	148.06252
934	3418	145.51622
935	1610	165.07768
935	1196	153.7514
935	1036	151.99165
935	1573	150.499
935	1240	149.9461
935	349	148.50696
935	318	145.36214
935	1210	145.32999
935	296	144.41788
935	380	144.30351
936	380	38.91104
936	1580	38.90256
936	780	37.660545
936	1196	36.86561
936	1917	36.138767
936	589	36.03164
936	648	35.344242
936	2916	34.8125
936	457	34.8028
936	356	34.67425
937	1240	211.63008
937	1610	206.0455
937	1214	189.55061
937	1374	183.86963
937	1270	183.40048
937	1127	183.1017
937	1356	178.79869
937	2640	177.72949
937	3256	177.60545
937	1676	177.23526
938	1265	22.411308
938	1580	20.800941
938	1270	20.555408
938	2396	20.508352
938	1196	20.351017
938	1136	19.899181
938	260	19.257534
938	2997	19.10608
938	1198	19.035177
938	2918	19.032204
939	608	78.02336
939	2858	74.21407
939	1240	73.63363
939	296	73.250626
939	593	72.96564
939	541	71.61101
939	1213	71.02096
939	1270	70.96089
939	1200	70.892235
939	2571	70.39985
940	2858	69.62692
940	2571	67.74262
940	1265	66.91493
940	589	66.75024
940	480	66.247635
940	1580	65.225266
940	593	65.05907
940	457	64.07859
940	1196	63.750896
940	318	63.682056
941	2997	9.57477
941	223	8.569189
941	2683	8.52949
941	2716	8.123143
941	2959	8.097725
941	593	7.9802666
941	2599	7.9244475
941	1196	7.8866043
941	2028	7.885247
941	2571	7.8663883
942	296	19.883097
942	593	19.395388
942	1213	19.037584
942	527	18.836657
942	1704	18.02027
942	50	17.61637
942	2396	17.30464
942	2028	17.004368
942	1358	16.872795
942	1265	16.79251
943	1265	65.8743
943	318	65.64753
943	608	64.34496
943	593	60.748325
943	357	59.60074
943	2858	59.231354
943	296	59.077858
943	34	58.736492
943	39	58.240345
943	2028	57.68349
944	2395	28.072174
944	2762	28.004438
944	2683	27.21213
944	2396	27.177143
944	2706	26.983232
944	1196	26.602669
944	593	26.582026
944	2987	26.51669
944	1127	26.485514
944	608	26.431065
945	380	98.4919
945	480	97.00626
945	1	96.43848
945	2000	94.349594
945	110	93.4589
945	2916	93.44139
945	1610	91.94268
945	1784	91.02223
945	3255	90.99705
945	2918	90.76256
946	2858	22.839857
946	1196	22.674139
946	919	21.989756
946	1259	21.916065
946	608	21.903107
946	260	21.607677
946	589	21.501186
946	1580	21.362284
946	1270	21.336933
946	1198	21.285234
947	1265	11.288433
947	1079	11.273111
947	357	11.234015
947	2797	11.122031
947	1259	10.894911
947	1394	10.853667
947	1270	10.807132
947	2100	10.723194
947	3361	10.668411
947	2918	10.556269
948	1580	235.37349
948	2640	235.26987
948	919	233.58574
948	2985	231.89905
948	1376	225.26537
948	592	221.22255
948	1127	218.1842
948	1	216.09178
948	32	214.67447
948	2968	213.79816
949	2985	271.2196
949	1391	239.08553
949	1291	236.03293
949	592	228.76553
949	2000	223.31715
949	1544	220.45445
949	2987	216.07402
949	377	210.75165
949	2406	209.43031
949	610	205.32993
950	1356	46.212173
950	1240	45.357986
950	1196	45.12806
950	1573	44.76076
950	1584	44.09348
950	260	43.99126
950	1200	43.23943
950	329	42.938007
950	1372	42.699375
950	1374	42.213753
951	1	13.062636
951	1223	12.387134
951	1580	11.757275
951	1265	11.391995
951	457	11.252221
951	1196	11.0562725
951	2571	11.04231
951	589	10.843901
951	1197	10.730914
951	1198	10.509043
952	1	99.45805
952	608	98.67255
952	296	95.604
952	1617	90.92506
952	318	88.54497
952	593	88.161514
952	1394	87.882126
952	1079	86.93255
952	1517	86.26029
952	1213	85.989784
953	858	123.97099
953	1198	122.78809
953	593	122.032646
953	1270	120.004005
953	1210	119.65341
953	1197	118.8328
953	527	118.001465
953	32	116.49241
953	1097	116.22465
953	919	115.504684
954	296	91.58155
954	2858	90.47568
954	1617	89.79067
954	1213	87.02092
954	1394	85.78388
954	1197	84.103874
954	2997	83.538025
954	34	82.31331
954	2571	78.71503
954	1307	78.70914
955	1580	194.98518
955	2396	192.18327
955	2858	186.96832
955	1617	183.61617
955	457	182.43391
955	1641	180.17717
955	1213	176.31581
955	1198	175.21623
955	2321	174.0859
955	356	173.7757
956	296	76.685875
956	32	76.15587
956	2858	75.96084
956	1240	75.36366
956	1265	74.63727
956	1580	74.60192
956	1198	74.37432
956	2396	73.7811
956	480	73.46715
956	1197	71.719055
957	608	183.80278
957	1213	169.28578
957	25	153.87846
957	337	151.14125
957	3418	145.75337
957	2396	144.36632
957	1265	144.24521
957	34	143.7041
957	1834	142.61008
957	2997	138.10909
958	1213	94.30439
958	750	92.19279
958	912	91.64099
958	1247	90.09704
958	541	89.58232
958	1196	88.984436
958	1394	88.80441
958	919	88.42631
958	903	88.0882
958	2289	87.493286
959	1580	64.16362
959	1393	62.457584
959	110	60.55977
959	2028	60.430885
959	589	60.22242
959	2571	59.986427
959	380	59.577736
959	39	57.059013
959	357	56.951435
959	539	56.32964
960	1617	100.004234
960	318	96.73582
960	50	94.93005
960	1265	91.17502
960	1196	88.371254
960	1358	85.873215
960	2289	84.99473
960	1089	84.90423
960	2762	83.73907
960	32	83.4373
961	2706	12.138895
961	2762	12.075743
961	480	11.830383
961	2959	11.781595
961	589	11.691283
961	223	11.402773
961	1580	11.378655
961	2997	11.278298
961	2599	11.244733
961	2571	11.085911
962	296	41.283936
962	1213	38.844395
962	2028	37.70932
962	2997	37.104057
962	1265	36.49349
962	2762	35.80272
962	1089	34.87435
962	1196	34.32094
962	1358	34.187576
962	2571	33.657127
963	1036	261.1236
963	2985	246.26985
963	1220	238.09712
963	50	233.64583
963	2716	232.46439
963	1387	231.23976
963	2194	231.14656
963	2762	228.50113
963	1676	220.26816
963	2997	219.39702
964	1	54.270298
964	1580	52.72221
964	608	51.853523
964	2571	49.15525
964	39	49.04545
964	1197	48.99043
964	1196	48.858646
964	296	48.614826
964	1617	47.667423
964	593	46.787045
965	608	53.707108
965	1265	53.51807
965	2396	51.873405
965	34	51.32949
965	593	51.09044
965	1	51.055832
965	1704	50.637108
965	590	49.572357
965	2291	48.785362
965	1196	48.121647
966	296	66.55085
966	1094	64.98566
966	1358	62.78971
966	1617	59.785305
966	1719	58.223305
966	1635	56.85362
966	2997	56.157825
966	337	55.889927
966	2396	55.80074
966	2291	55.39967
967	253	46.488846
967	70	43.12793
967	1339	42.20929
967	2003	39.20777
967	799	38.553463
967	223	37.703537
967	3253	37.67916
967	1517	37.518467
967	1320	37.47349
967	2716	37.431095
968	1196	51.41378
968	1240	48.396507
968	1265	48.39356
968	260	48.10623
968	593	47.853153
968	1270	47.154045
968	2028	46.85482
968	1210	46.830975
968	318	46.57451
968	457	46.334835
969	593	25.777279
969	2028	24.496643
969	50	24.297745
969	1617	24.281662
969	1213	23.705925
969	1265	23.63715
969	1196	23.280674
969	2997	22.894617
969	2571	22.574036
969	1704	22.435818
970	1270	251.14226
970	1265	247.55281
970	260	244.76454
970	1259	233.63016
970	1307	232.40015
970	318	228.98517
970	1	228.82608
970	2174	227.1793
970	2628	226.75586
970	296	225.89122
971	1580	149.15955
971	589	145.78374
971	1356	136.65346
971	2640	130.88466
971	1198	128.61784
971	1376	127.737915
971	592	127.26806
971	1291	126.313576
971	1036	124.81538
971	457	124.33317
972	608	20.429653
972	858	20.411621
972	2791	20.179914
972	1617	19.9247
972	1196	19.227482
972	1136	19.203957
972	1270	19.136448
972	1221	18.655941
972	1580	18.638168
972	541	18.629974
973	1265	122.97294
973	1394	115.98831
973	1196	115.80807
973	1079	115.80483
973	1259	113.74746
973	1617	112.034485
973	34	110.33921
973	1704	109.52083
973	2997	107.597015
973	2248	107.21579
974	1036	46.039543
974	1200	45.63203
974	2571	45.23992
974	2916	45.01017
974	480	44.33857
974	1610	43.297737
974	592	42.47878
974	1580	41.941334
974	2194	40.86628
974	1374	40.85082
975	1270	173.56941
975	1	156.67517
975	1097	155.8902
975	2100	155.44894
975	2918	154.45946
975	1610	152.67143
975	608	152.51112
975	21	152.22916
975	593	150.3449
975	1617	149.89928
976	2716	31.010216
976	2770	29.995035
976	223	29.818201
976	2858	28.944584
976	1127	28.427416
976	2694	26.99481
976	2762	26.932272
976	2997	26.667362
976	2541	26.474508
976	1093	25.559261
977	1240	161.78625
977	1214	161.18102
977	2174	153.60167
977	1220	149.4737
977	589	149.20854
977	1580	146.63284
977	1291	145.82463
977	608	143.69824
977	592	143.25092
977	2987	142.60115
978	296	28.169304
978	1196	26.686075
978	608	26.247719
978	50	26.105343
978	32	25.993393
978	593	25.745163
978	2716	25.230162
978	1213	25.16926
978	1089	25.127506
978	2762	24.954092
979	480	57.790436
979	2916	57.624226
979	589	57.31672
979	733	57.250862
979	1291	55.96262
979	1370	55.86708
979	380	55.834618
979	1036	55.315132
979	1210	54.60632
979	2000	54.4209
980	919	66.242615
980	1198	63.90622
980	858	61.31513
980	608	60.76773
980	750	59.72662
980	1617	59.708168
980	1097	59.643272
980	1197	59.20319
980	541	59.11369
980	1270	58.815304
981	260	131.93204
981	318	126.85439
981	111	126.39975
981	527	125.48761
981	1214	124.20464
981	1270	123.34243
981	2028	121.581795
981	1252	120.1423
981	1200	119.92434
981	919	119.07955
982	1307	33.155045
982	2396	32.975132
982	357	31.637604
982	1094	29.335793
982	2291	28.781816
982	608	28.574501
982	1674	28.338224
982	919	28.21277
982	2100	28.016014
982	1617	27.964718
983	1196	47.229057
983	1580	45.650585
983	1210	45.295376
983	2000	44.051674
983	380	43.764175
983	480	42.97444
983	260	42.946735
983	356	42.600063
983	1036	42.527863
983	2797	42.467747
984	260	307.24017
984	2000	302.6891
984	527	296.3198
984	2797	286.07874
984	3418	281.8454
984	592	281.71045
984	1079	280.70682
984	1097	278.86636
984	1307	277.7188
984	1136	277.42377
985	2985	121.89857
985	592	121.41563
985	2000	119.36486
985	377	119.015366
985	32	116.036865
985	780	115.734406
985	1356	113.15312
985	1222	112.69207
985	296	112.26039
985	1370	112.02813
986	1690	2.510822
986	1391	1.778271
986	1037	1.7562258
986	316	1.7515454
986	196	1.7342086
986	780	1.7318488
986	1676	1.7301512
986	1831	1.7299521
986	1200	1.7252749
986	329	1.7162011
987	1196	109.70216
987	1197	106.857285
987	1	103.87212
987	357	103.06152
987	2396	102.93397
987	2174	101.76218
987	39	101.50826
987	1259	99.89433
987	2100	99.75442
987	440	98.3483
988	1196	55.42659
988	1079	52.72021
988	2000	52.369774
988	2797	52.107384
988	1197	50.381317
988	2174	50.123165
988	1036	49.758114
988	3361	49.621696
988	1240	49.467087
988	2716	49.275253
989	910	24.860006
989	904	23.672308
989	2300	23.59164
989	903	23.506813
989	2186	23.318312
989	1247	23.14457
989	913	23.135649
989	969	23.11727
989	922	22.9873
989	1230	22.245026
990	2571	83.21946
990	377	80.08151
990	1527	74.82521
990	21	73.132065
990	648	73.08215
990	780	72.8024
990	1036	71.692024
990	165	71.00095
990	10	70.89001
990	1196	70.7961
991	1307	37.572525
991	1247	35.767975
991	919	35.148655
991	1265	34.697765
991	357	34.312614
991	1674	33.70528
991	2406	32.54932
991	2100	31.752094
991	1028	31.550238
991	1225	31.405611
992	2858	10.593249
992	318	9.654401
992	608	9.613404
992	2762	9.384566
992	2396	9.300856
992	296	9.238444
992	2997	9.17437
992	527	9.164707
992	1704	9.049298
992	1393	9.007246
993	2028	26.844082
993	608	26.16264
993	589	25.853142
993	260	25.733112
993	1198	25.718771
993	2571	25.678574
993	593	25.399393
993	1580	25.08122
993	457	24.999222
993	480	24.952711
994	589	33.986187
994	1240	33.833954
994	2571	33.139362
994	1214	33.010254
994	1210	32.397736
994	2028	32.236588
994	1036	31.869978
994	1200	31.813051
994	1197	31.510056
994	2916	30.69454
995	1197	30.639109
995	1393	30.226032
995	440	29.21878
995	356	29.21621
995	2671	28.562174
995	2291	28.555847
995	17	28.398462
995	1	28.15021
995	1183	28.142328
995	2108	27.792389
996	1197	215.22316
996	1220	203.15219
996	2987	197.75241
996	1265	196.70259
996	1387	196.69975
996	858	191.65749
996	2174	190.74408
996	380	189.84726
996	21	189.00876
996	1242	185.46216
997	608	25.50874
997	296	25.205107
997	1580	24.989765
997	457	24.960747
997	480	24.87501
997	2858	24.72723
997	110	24.655449
997	356	24.64646
997	527	24.565573
997	1704	24.54484
998	1358	64.39785
998	34	63.508575
998	50	62.41199
998	1265	61.950325
998	994	61.628094
998	1673	61.154816
998	2395	60.32738
998	3418	60.157406
998	2762	59.65595
998	3006	59.306118
999	480	225.66386
999	377	224.95432
999	1240	218.4879
999	1291	215.2712
999	10	206.09995
999	1200	204.94533
999	2115	204.6223
999	1356	195.24081
999	3107	195.09955
999	2278	190.9348
1000	1580	80.29773
1000	592	79.73163
1000	2028	79.55398
1000	1197	76.503525
1000	2985	76.11848
1000	1954	75.222885
1000	2640	73.104645
1000	1270	73.07162
1000	1370	73.0522
1000	1127	72.54538
1001	608	130.70518
1001	296	128.07434
1001	318	127.118416
1001	2395	124.86939
1001	593	122.73427
1001	39	121.91977
1001	1641	121.29852
1001	50	118.06918
1001	36	117.85341
1001	34	116.35593
1002	318	61.97547
1002	593	59.531387
1002	527	58.33526
1002	1617	57.686123
1002	50	55.43458
1002	1265	54.958157
1002	1358	53.94117
1002	2291	52.994152
1002	2599	51.090706
1002	34	50.748226
1003	1198	30.929077
1003	608	29.809212
1003	318	28.840899
1003	1240	28.51944
1003	1270	28.46987
1003	2571	28.17304
1003	296	28.156416
1003	589	27.93656
1003	1197	27.894823
1003	1214	27.196758
1004	1240	264.92947
1004	2985	252.84247
1004	1544	223.90295
1004	1097	220.96689
1004	368	218.73036
1004	2174	217.7166
1004	1129	216.8846
1004	2011	214.9325
1004	2797	214.60117
1004	2393	212.80093
1005	1196	72.03651
1005	608	70.61406
1005	1	66.17521
1005	1270	65.93972
1005	1197	65.8379
1005	2028	64.73673
1005	593	63.811436
1005	296	63.57315
1005	1210	63.219357
1005	1136	62.920723
1006	1196	19.624846
1006	2571	19.251015
1006	589	18.769953
1006	480	18.539999
1006	1240	17.76649
1006	1580	17.521538
1006	1214	17.508324
1006	2916	17.443659
1006	2028	17.294401
1006	1210	17.225634
1007	1079	25.643997
1007	260	25.524494
1007	1197	25.229881
1007	2918	25.110538
1007	1394	24.823288
1007	2174	24.790941
1007	1220	24.65253
1007	2797	24.555376
1007	1259	24.198902
1007	2000	24.147593
1008	2396	29.26913
1008	2987	29.097025
1008	2599	28.981289
1008	1196	28.6418
1008	1270	27.682531
1008	608	27.35873
1008	1265	27.104555
1008	260	27.07644
1008	1198	26.521286
1008	1210	26.43993
1009	2858	12.485083
1009	1270	12.211645
1009	2396	11.645524
1009	1196	11.432957
1009	1580	11.25439
1009	2355	11.24452
1009	2997	11.093758
1009	260	10.968032
1009	1127	10.95688
1009	1	10.836956
1010	1923	243.40237
1010	1500	238.49588
1010	39	223.56425
1010	1784	220.96843
1010	2321	219.83537
1010	1196	217.69609
1010	1393	211.35493
1010	1036	206.9738
1010	1240	206.44626
1010	2396	205.60115
1011	1198	26.871687
1011	1240	26.157873
1011	1200	25.721169
1011	1270	25.575737
1011	1197	25.458303
1011	1214	25.346846
1011	2571	24.963974
1011	1097	24.961866
1011	1580	24.450583
1011	589	24.441628
1012	2081	27.787554
1012	1197	26.977943
1012	1196	26.91243
1012	1097	26.332584
1012	2396	25.874512
1012	1198	25.85481
1012	2987	25.813421
1012	2797	25.69545
1012	1270	25.501953
1012	2716	24.991108
1013	1265	30.703617
1013	1079	30.117697
1013	2396	29.364864
1013	2918	29.292727
1013	2797	29.222155
1013	1270	28.83802
1013	1136	28.766987
1013	1197	28.676111
1013	3361	28.253122
1013	1259	27.597942
1014	260	29.440594
1014	1291	26.895863
1014	1210	26.88528
1014	1240	26.837627
1014	1580	26.564106
1014	1214	25.981405
1014	480	25.687067
1014	2571	25.480186
1014	1200	25.404829
1014	1374	25.271912
1015	1136	479.7729
1015	1220	452.5274
1015	235	440.06433
1015	1610	416.23102
1015	3363	410.778
1015	1953	404.96173
1015	1500	404.918
1015	1276	402.1066
1015	1674	398.9171
1015	1641	392.80695
1016	1265	103.76432
1016	296	100.53525
1016	593	97.34486
1016	34	96.00052
1016	1641	95.69911
1016	2291	93.084625
1016	1	91.096436
1016	1213	90.89065
1016	50	90.71225
1016	1393	90.38008
1017	1196	242.5715
1017	1210	219.06012
1017	1097	217.2869
1017	2916	213.52612
1017	1036	211.20883
1017	1291	208.06033
1017	1374	207.51915
1017	1220	205.03992
1017	592	204.91418
1017	608	203.80547
1018	2916	113.77367
1018	457	112.97671
1018	1610	112.43175
1018	1291	110.386986
1018	2000	109.24931
1018	1200	106.86398
1018	733	104.16992
1018	780	102.76654
1018	1374	101.17562
1018	2194	98.96942
1019	750	312.37537
1019	34	290.5595
1019	1387	290.48264
1019	1263	287.95883
1019	1200	287.57346
1019	1	279.419
1019	1206	278.79712
1019	1250	276.5334
1019	3037	276.49243
1019	1500	272.09085
1020	2916	88.26823
1020	457	86.89793
1020	1610	86.0057
1020	480	83.355125
1020	3256	80.66306
1020	780	78.802635
1020	648	78.56073
1020	165	77.25929
1020	1552	76.42054
1020	1036	75.72567
1021	1252	94.625305
1021	923	93.3998
1021	908	89.49744
1021	1193	87.693794
1021	750	86.8755
1021	1617	86.64767
1021	924	84.14533
1021	1304	83.616394
1021	1213	83.234024
1021	1250	82.89317
1022	2858	64.846886
1022	2762	57.90652
1022	2997	57.621925
1022	1704	55.281517
1022	608	54.95051
1022	3176	54.672943
1022	318	54.527073
1022	296	52.467045
1022	2395	52.000786
1022	2716	51.75496
1023	1196	28.56774
1023	260	28.075476
1023	541	27.343193
1023	908	26.766201
1023	919	26.603556
1023	858	26.523367
1023	1198	26.366526
1023	750	26.199318
1023	608	26.123594
1023	1219	25.728456
1024	608	31.431322
1024	919	29.94488
1024	1617	29.534494
1024	1307	29.228058
1024	527	28.308256
1024	858	27.870365
1024	908	27.596285
1024	920	27.411968
1024	1225	27.362164
1024	1252	27.15027
1025	2716	24.686403
1025	2997	23.846529
1025	2699	23.332617
1025	2355	23.026384
1025	2599	23.013432
1025	785	22.80437
1025	2762	22.611431
1025	1127	22.571722
1025	2502	21.87137
1025	2028	21.707216
1026	922	22.993778
1026	3334	22.95314
1026	930	22.823702
1026	1617	19.945175
1026	1260	19.817167
1026	908	19.04147
1026	1212	18.932968
1026	904	18.699755
1026	903	18.36115
1026	912	18.304592
1027	608	30.973108
1027	296	30.355124
1027	2028	30.273903
1027	1196	29.06697
1027	1617	27.633526
1027	1265	27.488014
1027	1198	27.474577
1027	480	27.372982
1027	50	27.36852
1027	260	27.211044
1028	858	30.374796
1028	527	29.810814
1028	1247	29.26924
1028	318	28.917038
1028	111	28.140808
1028	1617	27.86856
1028	1193	27.548052
1028	1252	27.154371
1028	919	27.038414
1028	1225	27.004286
1029	1265	119.93387
1029	1270	113.801636
1029	2997	111.31843
1029	296	109.49424
1029	34	108.853485
1029	1079	108.80268
1029	2174	108.61008
1029	1617	108.31018
1029	2797	107.41406
1029	1288	106.99732
1030	589	149.96979
1030	1036	149.16397
1030	780	146.09473
1030	1210	142.1408
1030	3256	135.46776
1030	2115	134.83626
1030	349	134.35811
1030	316	134.35497
1030	1127	132.61308
1030	2194	131.6548
1031	457	133.30106
1031	780	132.7579
1031	1200	130.39732
1031	1527	121.59899
1031	1573	120.53642
1031	2353	118.45808
1031	1676	116.49402
1031	1387	116.19916
1031	2001	116.08667
1031	329	115.54534
1032	1265	69.12067
1032	296	68.26724
1032	2858	67.911446
1032	1617	67.18726
1032	593	66.72475
1032	527	66.28166
1032	50	62.37256
1032	2028	62.225998
1032	1094	61.907364
1032	1213	61.482384
1033	1200	80.143036
1033	1214	80.120865
1033	1240	78.20322
1033	1196	77.33229
1033	2985	76.03456
1033	2916	74.39111
1033	1210	73.22095
1033	1215	73.05597
1033	2571	72.62861
1033	1198	72.208275
1034	919	143.55922
1034	858	128.55363
1034	1304	127.389275
1034	1294	127.201355
1034	1247	127.181435
1034	910	123.93622
1034	913	122.790215
1034	1136	121.905075
1034	1270	121.80482
1034	923	121.632034
1035	608	75.047775
1035	296	72.67783
1035	1617	65.75992
1035	1221	64.49406
1035	260	63.73089
1035	50	63.647533
1035	457	60.797432
1035	1222	60.584255
1035	1036	59.934135
1035	1225	59.899467
1036	1196	43.64173
1036	1221	41.90373
1036	296	41.79185
1036	1252	41.48266
1036	1213	41.273075
1036	527	41.248158
1036	318	41.070488
1036	912	40.397243
1036	541	40.087425
1036	111	40.055058
1037	1610	4.217653
1037	1036	4.1379633
1037	110	4.0825567
1037	2410	4.078469
1037	1221	4.0655594
1037	377	4.026462
1037	589	3.9957664
1037	457	3.949801
1037	2411	3.8907344
1037	733	3.8815563
1038	608	83.77697
1038	1617	78.26306
1038	296	75.3222
1038	2997	74.89705
1038	1213	74.13091
1038	1247	72.90528
1038	1225	72.05519
1038	1221	71.41246
1038	1198	70.58788
1038	1704	69.8997
1039	2858	12.440456
1039	2706	11.920521
1039	2712	11.382685
1039	2716	11.349946
1039	2599	11.017582
1039	2355	11.015879
1039	2605	10.826151
1039	2762	10.740437
1039	2688	10.735534
1039	2770	10.669164
1040	593	193.34605
1040	2028	185.51105
1040	1704	181.49579
1040	1	179.4403
1040	2174	177.54382
1040	2571	173.14902
1040	1580	173.11421
1040	1784	170.60811
1040	21	170.51413
1040	1097	170.3329
1041	1252	56.337124
1041	923	51.841896
1041	111	50.983147
1041	904	50.542248
1041	1084	50.229794
1041	908	49.800446
1041	1230	49.50002
1041	912	49.45538
1041	1219	49.411278
1041	1221	47.732056
1042	2161	25.243906
1042	1073	24.342398
1042	2193	23.954239
1042	2105	21.51677
1042	1580	21.428959
1042	1196	21.31111
1042	1270	21.228867
1042	2628	21.02905
1042	1210	20.758648
1042	2640	20.46942
1043	1259	22.003454
1043	1617	21.098417
1043	908	20.184044
1043	1270	19.941227
1043	1265	19.81204
1043	296	19.801678
1043	1580	19.59577
1043	1394	19.436869
1043	1196	19.29821
1043	858	19.27732
1044	1394	97.02961
1044	2000	94.58948
1044	2797	94.52598
1044	2174	93.35957
1044	2194	92.00031
1044	1220	91.87034
1044	2716	91.84729
1044	2918	90.6915
1044	1210	90.115456
1044	1288	89.59596
1045	39	15.115391
1045	1265	14.981324
1045	356	14.033979
1045	440	13.931427
1045	1580	13.916897
1045	2355	13.822374
1045	1784	13.618887
1045	357	13.50872
1045	1923	13.333681
1045	3253	12.921206
1046	589	24.145523
1046	780	23.925467
1046	2571	23.780396
1046	1196	23.01784
1046	260	23.014364
1046	1356	22.807781
1046	1527	22.525665
1046	1210	22.272785
1046	1240	22.24659
1046	1291	21.693325
1047	480	63.529854
1047	1200	60.998867
1047	780	58.717632
1047	1214	56.65913
1047	2640	55.291832
1047	1291	55.27262
1047	316	55.059883
1047	1036	54.783028
1047	1197	53.958138
1047	329	53.690117
1048	2858	35.839825
1048	593	33.861126
1048	50	33.372105
1048	1265	32.71821
1048	1704	30.484053
1048	2028	30.344082
1048	1089	30.114723
1048	34	29.523348
1048	1358	29.475838
1048	2762	29.42889
1049	589	29.34572
1049	480	29.204311
1049	32	27.420137
1049	780	27.36794
1049	1196	26.810078
1049	316	26.71431
1049	329	26.522177
1049	1573	26.12847
1049	1240	26.111563
1049	1374	25.73361
1050	1777	208.4805
1050	1196	190.01353
1050	2355	188.46542
1050	1210	186.36536
1050	1270	185.97044
1050	104	185.65694
1050	1197	185.20018
1050	1747	184.88487
1050	32	184.75082
1050	2997	184.09442
1051	296	355.6642
1051	260	354.27634
1051	1777	335.0538
1051	32	334.99954
1051	2001	331.91714
1051	590	328.4572
1051	2395	323.72388
1051	1396	323.0237
1051	1704	318.80206
1051	1073	317.76816
1052	1230	40.814854
1052	1247	38.416607
1052	904	37.460686
1052	2300	36.44825
1052	913	36.425728
1052	858	35.900158
1052	111	35.674297
1052	903	35.31593
1052	2289	34.494556
1052	1294	34.47495
1053	2858	93.134964
1053	2762	91.72647
1053	608	91.28753
1053	1196	91.09566
1053	1127	89.55133
1053	2716	89.34247
1053	1214	87.80754
1053	2997	87.56797
1053	50	87.31621
1053	1240	86.00601
1054	380	89.55466
1054	377	87.2642
1054	2916	87.15148
1054	733	84.45612
1054	316	84.05059
1054	1917	83.61831
1054	1573	82.79569
1054	1391	81.69024
1054	1552	81.38053
1054	1265	80.81291
1055	223	42.222927
1055	2355	40.675488
1055	2987	39.57056
1055	2700	38.126083
1055	2710	37.303898
1055	1196	36.989506
1055	2712	36.78347
1055	1127	36.287792
1055	2699	35.896343
1055	608	35.56828
1056	2571	46.69956
1056	2003	45.881313
1056	2916	45.331142
1056	1200	44.83144
1056	1994	44.804863
1056	480	44.787865
1056	1196	44.39625
1056	1258	43.402725
1056	2455	43.36126
1056	1321	42.58163
1057	1214	111.79208
1057	1198	103.19366
1057	1206	97.675
1057	1527	95.549286
1057	1197	95.51556
1057	780	95.06038
1057	608	95.00058
1057	1375	94.2182
1057	1036	92.44871
1057	1291	91.97376
1058	457	224.52577
1058	2000	221.81323
1058	2987	209.22096
1058	1	202.90698
1058	2174	201.25302
1058	2406	198.84079
1058	318	197.31357
1058	527	194.57114
1058	1215	192.40929
1058	2797	191.12605
1059	608	223.82288
1059	296	215.1784
1059	1500	196.9262
1059	3108	195.09091
1059	1285	188.6297
1059	50	186.41014
1059	21	182.84885
1059	2028	180.33844
1059	337	178.274
1059	1393	176.20293
1060	316	46.722782
1060	1527	46.244484
1060	1917	45.033566
1060	1676	44.58671
1060	1370	43.43608
1060	1876	43.37405
1060	1356	42.89136
1060	380	42.859264
1060	1610	42.110367
1060	165	41.467903
1061	858	25.536318
1061	919	25.497713
1061	1270	25.315426
1061	2716	25.161335
1061	1136	24.927513
1061	1294	24.78434
1061	1197	24.717701
1061	2797	24.613821
1061	2174	24.317883
1061	2791	24.31582
1062	912	137.09737
1062	1221	131.2767
1062	924	129.61594
1062	1225	129.3931
1062	904	129.0453
1062	3363	126.6279
1062	1136	126.07412
1062	1953	124.42286
1062	1196	123.886566
1062	1213	123.07232
1063	1580	94.097824
1063	1200	92.34946
1063	1198	88.504456
1063	1036	85.063835
1063	780	83.23827
1063	1527	83.21958
1063	2985	82.49614
1063	1197	81.62607
1063	1291	80.926476
1063	1127	80.06977
1064	2028	66.30163
1064	593	65.43146
1064	1265	65.2953
1064	1213	64.059425
1064	457	64.04995
1064	527	63.204636
1064	2571	62.92661
1064	589	62.548122
1064	50	61.41797
1064	356	60.62796
1065	1641	49.234035
1065	3108	47.982952
1065	608	47.51648
1065	1183	46.404766
1065	318	46.038383
1065	1704	45.37395
1065	25	45.217556
1065	2997	44.972878
1065	296	44.815258
1065	34	44.4524
1066	1270	69.122
1066	919	66.68755
1066	1240	65.87633
1066	2571	65.138176
1066	1097	64.8854
1066	1214	64.35584
1066	457	63.75464
1066	2406	63.42576
1066	858	62.502224
1066	1036	62.353283
1067	1196	66.03634
1067	1213	62.84735
1067	260	61.943127
1067	50	61.32246
1067	589	61.15618
1067	2396	59.41598
1067	858	59.308765
1067	2028	58.42758
1067	1214	57.877052
1067	1198	57.711678
1068	1580	241.04303
1068	3255	237.9598
1068	377	235.09879
1068	1	234.66008
1068	587	233.22388
1068	1784	230.31197
1068	1196	228.7423
1068	2396	228.65063
1068	380	228.49623
1068	1270	227.02455
1069	527	155.20015
1069	50	152.29297
1069	2395	151.66096
1069	1617	151.6118
1069	2997	150.88364
1069	2028	150.48363
1069	1265	149.73576
1069	1089	146.86311
1069	2599	146.41454
1069	2396	146.09865
1070	589	14.19467
1070	2571	14.14287
1070	1580	13.668978
1070	480	13.656355
1070	457	12.875887
1070	1196	12.765977
1070	1210	12.647006
1070	780	12.521865
1070	1240	12.353797
1070	1610	12.200154
1071	2916	79.624115
1071	1240	78.68799
1071	2571	78.27814
1071	592	77.748245
1071	480	77.202866
1071	1200	76.3974
1071	589	76.34818
1071	1036	75.86295
1071	1580	75.63832
1071	457	74.39016
1072	608	79.734634
1072	858	73.10524
1072	260	71.7501
1072	296	70.20731
1072	2997	69.52254
1072	1265	68.24449
1072	1213	67.756966
1072	1252	67.202866
1072	1136	66.29182
1072	1221	65.55962
1073	1094	68.10101
1073	1230	67.31888
1073	608	66.95935
1073	919	65.30528
1073	908	62.608437
1073	2243	62.43856
1073	527	62.41475
1073	1225	61.52055
1073	904	61.044365
1073	858	60.54653
1074	1197	110.59809
1074	608	109.78025
1074	1097	109.0987
1074	1259	107.59381
1074	1214	106.16955
1074	1240	105.18638
1074	1265	104.91421
1074	1307	104.61799
1074	1036	103.33765
1074	2000	103.23772
1075	608	36.844185
1075	1617	35.180946
1075	111	34.656036
1075	1247	33.6958
1075	919	33.43537
1075	1196	32.98871
1075	1193	32.95157
1075	1213	32.806065
1075	593	32.715878
1075	260	32.445652
1076	1265	30.721827
1076	1580	29.490376
1076	1923	27.474154
1076	2321	26.78149
1076	1270	26.773108
1076	3255	26.728563
1076	39	26.680992
1076	2396	26.333889
1076	1517	26.331675
1076	440	26.219074
1077	1617	194.29259
1077	1252	191.2696
1077	1247	180.66243
1077	924	172.18774
1077	1225	170.22603
1077	260	168.75056
1077	1228	162.81879
1077	1206	160.54439
1077	1263	160.40593
1077	1222	159.64992
1078	1393	70.5501
1078	39	67.24339
1078	1265	66.570244
1078	539	63.95431
1078	1094	61.816597
1078	318	59.878372
1078	1704	59.50875
1078	25	59.343403
1078	587	58.573826
1078	34	57.769993
1079	1	73.368324
1079	2762	72.58724
1079	457	72.55802
1079	1580	71.762856
1079	589	71.33094
1079	1500	69.674324
1079	34	68.3937
1079	2599	68.318275
1079	21	67.79232
1079	110	67.56413
1080	589	25.499458
1080	1196	24.942606
1080	2455	24.150335
1080	260	24.075817
1080	1214	23.666864
1080	1270	23.114386
1080	1200	22.84552
1080	2916	22.83359
1080	2571	22.67172
1080	1240	22.481575
1081	296	31.365168
1081	2858	30.264587
1081	1265	30.225868
1081	593	29.838326
1081	318	29.57484
1081	2028	29.434256
1081	457	29.043722
1081	1617	28.957176
1081	50	28.916828
1081	2571	28.8523
1082	457	42.781853
1082	1580	42.677902
1082	1610	40.990993
1082	2571	40.980312
1082	589	40.82647
1082	380	40.731712
1082	780	39.446236
1082	648	38.64485
1082	1393	38.474213
1082	1704	38.314384
1083	1196	9.450426
1083	260	9.187624
1083	919	8.97092
1083	2406	8.860153
1083	2396	8.7865305
1083	1210	8.7489
1083	1307	8.623047
1083	1291	8.574445
1083	1197	8.49614
1083	1270	8.413653
1084	318	111.67844
1084	110	110.252884
1084	1196	108.50775
1084	1610	107.413124
1084	2858	106.87021
1084	480	105.0972
1084	1198	104.90406
1084	2916	104.529564
1084	1580	103.32864
1084	1036	103.25253
1085	2028	24.865246
1085	2571	24.31999
1085	377	24.22187
1085	480	24.20018
1085	1196	24.033785
1085	1036	23.831476
1085	2916	23.763233
1085	110	23.622633
1085	260	23.003939
1085	2762	22.919447
1086	296	230.3006
1086	608	229.61128
1086	2716	210.70348
1086	1394	204.94041
1086	1220	203.85222
1086	2791	202.21983
1086	1079	199.2937
1086	780	198.9145
1086	34	197.82341
1086	1784	195.49838
1087	1265	237.02039
1087	110	230.12503
1087	2000	229.9062
1087	2797	228.60349
1087	1220	227.20915
1087	2406	219.17497
1087	1394	215.4741
1087	2791	214.54875
1087	1079	214.16495
1087	2529	213.76468
1088	1	394.25497
1088	2396	394.2208
1088	593	393.02417
1088	2571	388.61465
1088	2762	370.06378
1088	39	358.18414
1088	1387	349.65222
1088	2406	349.45364
1088	380	348.88464
1088	924	345.53473
1089	1240	60.953247
1089	1200	60.538136
1089	260	58.84601
1089	1196	58.155964
1089	480	58.046158
1089	1374	56.01655
1089	2455	55.870415
1089	541	55.617786
1089	2985	55.600796
1089	1210	53.82556
1090	527	56.6805
1090	1617	54.406654
1090	1196	53.40041
1090	457	52.932457
1090	2858	52.413864
1090	2571	51.88826
1090	858	51.165493
1090	1198	50.797024
1090	1265	50.132538
1090	260	50.00199
1091	589	15.629667
1091	380	15.425873
1091	780	15.338626
1091	2571	15.262526
1091	377	15.237368
1091	648	15.155156
1091	2916	15.048101
1091	733	14.686082
1091	457	14.602711
1091	1917	14.255027
1092	1029	30.075968
1092	2087	30.07327
1092	1282	29.67364
1092	588	29.650047
1092	1032	27.308117
1092	1	26.599655
1092	1196	26.454758
1092	260	26.314558
1092	2987	25.99818
1092	1197	25.83336
1093	1036	51.125603
1093	1200	49.94106
1093	1210	48.81296
1093	1610	48.115814
1093	480	47.46056
1093	2000	47.021843
1093	592	46.325817
1093	2194	45.072453
1093	1374	44.907085
1093	1580	44.896126
1094	608	95.5146
1094	1198	90.5786
1094	260	90.095825
1094	2028	88.77418
1094	2858	87.714455
1094	1270	87.38003
1094	1097	84.686844
1094	1213	83.79985
1094	1259	83.59307
1094	1210	82.12004
1095	2396	22.434122
1095	1704	22.365463
1095	593	22.056877
1095	590	21.891054
1095	608	21.34126
1095	1393	20.996235
1095	150	20.915161
1095	296	20.670107
1095	1094	20.471298
1095	1225	20.457561
1096	1580	126.66829
1096	457	119.60978
1096	1265	118.69346
1096	377	116.44439
1096	356	113.93027
1096	1923	113.80113
1096	733	112.11585
1096	780	110.82877
1096	110	110.62181
1096	1610	110.188255
1097	589	106.55403
1097	356	103.83733
1097	1500	103.51026
1097	110	103.03068
1097	377	102.95119
1097	21	102.46566
1097	1610	100.74988
1097	39	99.26616
1097	2762	98.38835
1097	50	98.18733
1098	1196	18.742981
1098	1198	18.170753
1098	1136	17.342802
1098	1197	17.214668
1098	1210	17.011463
1098	2716	16.732239
1098	1278	16.673859
1098	1214	16.657347
1098	1294	16.633701
1098	858	16.503717
1099	318	154.11711
1099	858	143.11658
1099	1196	138.44414
1099	2289	136.14969
1099	1094	133.42206
1099	111	132.544
1099	1259	132.2486
1099	34	132.1952
1099	260	129.26643
1099	1394	128.42986
1100	3253	144.216
1100	1259	143.65851
1100	2396	140.60347
1100	2100	139.72551
1100	1196	138.2562
1100	2599	137.29312
1100	2144	136.79807
1100	2746	135.39224
1100	3361	135.34477
1100	296	132.8466
1101	924	244.86601
1101	2000	238.32089
1101	457	237.85872
1101	1617	235.09016
1101	1610	231.39146
1101	1259	231.24251
1101	1394	227.15968
1101	1079	222.12247
1101	2791	220.65767
1101	1213	218.6955
1102	1343	8.554551
1102	608	8.474175
1102	593	8.148082
1102	1094	8.000717
1102	296	7.999317
1102	2858	7.981299
1102	1213	7.8635807
1102	1617	7.821881
1102	454	7.82065
1102	25	7.777109
1103	1094	24.88486
1103	2396	24.748335
1103	1265	24.647291
1103	608	24.568089
1103	318	23.758532
1103	1183	23.653315
1103	1704	23.588121
1103	296	23.37741
1103	2291	23.28853
1103	39	23.258064
1104	1617	43.451687
1104	50	40.93775
1104	1358	40.736618
1104	1094	40.2588
1104	2396	39.467857
1104	25	37.925583
1104	1265	37.81364
1104	2291	37.36109
1104	1089	37.348843
1104	1673	37.234505
1105	1240	128.17477
1105	1200	122.83286
1105	1036	122.30614
1105	1210	119.08945
1105	541	116.49722
1105	1291	114.58692
1105	1197	114.10209
1105	1259	112.606865
1105	1097	112.255486
1105	1222	111.903366
1106	2571	34.913734
1106	260	33.82007
1106	1240	33.817528
1106	2916	33.498013
1106	1270	33.079105
1106	2455	32.783176
1106	1210	32.5119
1106	1200	32.435226
1106	1198	31.384918
1106	1214	31.14432
1107	1265	54.38348
1107	39	53.384075
1107	440	53.079273
1107	2321	50.8288
1107	11	49.70424
1107	3255	48.238373
1107	339	48.122696
1107	3253	47.808273
1107	1923	46.388172
1107	2671	46.31814
1108	1196	25.28702
1108	260	25.015192
1108	608	24.362934
1108	1580	23.400917
1108	1214	23.260014
1108	1198	23.121014
1108	2571	22.935265
1108	1617	22.789972
1108	858	22.737513
1108	1240	22.60728
1109	296	108.23173
1109	2858	100.55567
1109	2571	99.13177
1109	1213	98.72845
1109	1704	97.84384
1109	2762	96.69307
1109	50	96.58059
1109	2716	96.4248
1109	1270	96.394295
1109	589	95.82156
1110	2599	30.263744
1110	2762	29.401136
1110	608	28.53034
1110	223	28.407326
1110	2396	27.879713
1110	3176	26.698767
1110	296	26.407112
1110	318	26.37754
1110	2683	26.21326
1110	1617	25.95945
1111	2018	12.009229
1111	2080	11.795784
1111	1032	11.762224
1111	2087	11.749731
1111	1022	11.465071
1111	1028	11.409922
1111	2096	11.2467785
1111	594	11.063358
1111	1031	11.010631
1111	1029	10.974766
1112	1198	291.61603
1112	260	290.22998
1112	1	286.06778
1112	2028	283.56744
1112	1197	281.6643
1112	1240	281.58865
1112	2987	277.87003
1112	2916	276.03806
1112	593	275.8963
1112	318	272.5751
1113	1	196.27142
1113	1923	195.66177
1113	593	195.25786
1113	110	195.01738
1113	1240	194.3351
1113	1198	193.47522
1113	260	193.34981
1113	2716	189.6383
1113	1610	188.88693
1113	2997	188.7165
1114	1	56.077766
1114	2858	55.703594
1114	2081	53.4064
1114	2762	52.625996
1114	11	52.540585
1114	440	52.481823
1114	1270	51.7718
1114	377	51.51355
1114	588	51.510624
1114	1580	51.492622
1115	1347	50.52833
1115	2003	49.737846
1115	2455	47.948498
1115	1321	46.964436
1115	1407	46.893562
1115	1258	46.607258
1115	968	46.152103
1115	1339	45.686928
1115	2288	44.95691
1115	253	44.05933
1116	2918	95.57644
1116	1288	94.98058
1116	2174	91.44624
1116	2858	90.11053
1116	34	89.65782
1116	2797	89.513985
1116	608	89.28738
1116	3361	89.21764
1116	1080	89.01548
1116	1278	88.49583
1117	2571	356.44376
1117	296	350.28516
1117	377	341.39517
1117	380	334.51874
1117	1197	328.40927
1117	1923	324.44464
1117	32	322.73364
1117	1573	317.78494
1117	3418	317.71698
1117	2321	315.60745
1118	1196	22.847614
1118	260	22.245989
1118	1580	22.100132
1118	1240	21.214092
1118	1270	21.015902
1118	1210	20.317528
1118	1200	20.278782
1118	110	20.234646
1118	2571	19.894388
1118	457	19.830334
1119	924	202.98933
1119	1198	190.81668
1119	1291	183.74481
1119	592	181.44933
1119	1197	181.37897
1119	1036	176.02515
1119	1396	175.30043
1119	1909	172.83513
1119	1220	170.76466
1119	2000	169.41225
1120	1210	334.7925
1120	457	331.0323
1120	377	324.59897
1120	2628	323.84418
1120	592	323.8001
1120	260	319.6262
1120	1500	318.87494
1120	2406	307.19052
1120	2302	306.00424
1120	1777	304.19946
1121	318	189.45341
1121	1196	186.21686
1121	1197	176.70139
1121	2571	174.22864
1121	260	173.89818
1121	1	172.49275
1121	589	172.49266
1121	1704	169.96782
1121	2000	169.49828
1121	2997	166.05379
1122	2571	67.55361
1122	2640	66.90543
1122	1580	65.044785
1122	924	65.03183
1122	2105	62.062836
1122	1198	60.088593
1122	1129	59.119663
1122	750	58.66071
1122	1527	58.275
1122	1197	56.557632
1123	480	10.449449
1123	2028	10.156043
1123	110	9.523138
1123	589	9.475891
1123	2858	9.114245
1123	457	8.893133
1123	260	8.597167
1123	1196	8.432773
1123	648	8.260659
1123	1210	8.193102
1124	1240	216.6041
1124	1270	216.47221
1124	1036	211.9745
1124	1197	211.18996
1124	1200	208.16098
1124	1220	206.74376
1124	480	205.44089
1124	2174	204.32266
1124	1259	200.87697
1124	2716	199.57411
1125	377	242.43805
1125	1265	230.65233
1125	1610	226.50334
1125	110	224.6986
1125	780	223.42761
1125	356	222.73308
1125	1573	221.37172
1125	2858	220.25238
1125	2353	215.3122
1125	593	214.56831
1126	2028	15.222382
1126	1580	14.897132
1126	589	14.557717
1126	1196	14.48678
1126	2571	14.260978
1126	457	14.251126
1126	356	13.9903755
1126	1265	13.913136
1126	1610	13.889959
1126	608	13.859832
1127	1291	78.37819
1127	260	71.144806
1127	2640	70.3625
1127	2916	68.717514
1127	1214	67.10987
1127	1375	66.52834
1127	1610	66.29574
1127	589	65.51441
1127	1580	65.40434
1127	2571	65.02019
1128	1247	225.47241
1128	1617	218.46733
1128	1084	210.26344
1128	1294	206.41957
1128	318	205.55057
1128	919	204.7242
1128	2289	199.47559
1128	1207	196.1426
1128	1234	194.52544
1128	50	194.028
1129	2571	78.8984
1129	480	78.67404
1129	1198	77.87813
1129	1270	75.84888
1129	2028	74.644264
1129	2916	74.61418
1129	1036	71.23686
1129	457	70.11725
1129	1291	68.97317
1129	593	68.137474
1130	2987	169.96164
1130	1270	168.0379
1130	1200	166.89267
1130	2716	166.2499
1130	318	162.6783
1130	919	162.46594
1130	1097	160.43073
1130	1136	160.19574
1130	1580	159.47421
1130	1213	159.45454
1131	608	89.287254
1131	858	88.173904
1131	1247	80.349594
1131	1208	79.71662
1131	904	79.06248
1131	908	78.84104
1131	750	78.80607
1131	1193	77.56835
1131	924	77.36303
1131	1196	77.04663
1132	1580	149.99004
1132	1036	144.80585
1132	1527	132.96262
1132	1127	132.31557
1132	2628	131.9016
1132	1097	131.37668
1132	780	131.1181
1132	2640	129.97728
1132	1356	128.88412
1132	377	125.97258
1133	260	112.78067
1133	1198	111.43911
1133	2571	110.30358
1133	1240	109.5952
1133	1214	105.91765
1133	457	105.483185
1133	1036	105.02772
1133	2916	104.08092
1133	1270	103.516594
1133	1197	103.37212
1134	527	112.799065
1134	260	111.43209
1134	1198	110.43931
1134	50	109.91962
1134	2571	100.697716
1134	1259	100.44488
1134	1136	100.403465
1134	1240	100.29625
1134	919	100.21539
1134	589	100.2015
1135	1240	127.589676
1135	780	123.349075
1135	1375	122.46061
1135	1372	120.6581
1135	1127	116.02026
1135	2529	115.113434
1135	32	111.40095
1135	1129	109.97238
1135	1573	107.50152
1135	2094	107.3413
1136	296	36.353355
1136	457	33.729343
1136	1213	33.6921
1136	318	33.67991
1136	2858	33.362583
1136	480	31.70078
1136	110	31.150446
1136	2916	30.973864
1136	1196	30.562532
1136	1610	30.410086
1137	1265	220.61356
1137	1097	213.50188
1137	541	206.94225
1137	1394	204.43507
1137	1580	203.27434
1137	2797	201.03268
1137	111	195.82759
1137	2174	194.83746
1137	2000	194.32864
1137	1208	194.02805
1138	2571	43.819855
1138	1196	42.436836
1138	589	41.97429
1138	1265	41.648907
1138	2028	41.524117
1138	608	41.02644
1138	318	40.906513
1138	2762	40.807507
1138	457	40.804344
1138	110	40.62038
1139	1213	137.99852
1139	2858	136.85457
1139	457	131.9792
1139	3418	127.036354
1139	356	125.51811
1139	1	123.97001
1139	34	123.357925
1139	25	122.9152
1139	1641	122.59783
1139	21	122.43289
1140	1252	178.74825
1140	912	175.09409
1140	858	163.99493
1140	924	159.05702
1140	1267	157.70575
1140	1945	155.08821
1140	1136	152.86572
1140	1234	151.98167
1140	1221	149.5751
1140	1617	148.37105
1141	1197	160.6421
1141	1	160.10153
1141	2396	154.65198
1141	260	152.8162
1141	2797	149.40137
1141	2174	148.60417
1141	2918	148.13486
1141	2858	147.80432
1141	39	146.51265
1141	1210	145.78589
1142	377	122.42078
1142	1580	121.84984
1142	2571	118.743576
1142	3253	115.334404
1142	587	114.902916
1142	1610	114.58396
1142	733	114.45253
1142	39	114.34334
1142	608	113.39002
1142	1704	113.24355
1143	1196	45.085163
1143	1197	40.11787
1143	1240	39.54753
1143	1036	39.515068
1143	1291	39.298122
1143	2000	39.218555
1143	2797	38.749176
1143	1259	38.37874
1143	2028	38.175316
1143	608	37.999893
1144	2571	15.476715
1144	480	15.36574
1144	1196	15.295113
1144	1580	15.041899
1144	608	14.963808
1144	457	14.765418
1144	260	14.416049
1144	593	14.325023
1144	2916	14.190071
1144	1198	14.185992
1145	1196	25.69819
1145	608	25.198751
1145	1197	23.668447
1145	589	23.319382
1145	541	23.282024
1145	1580	23.200108
1145	1097	23.02525
1145	2571	22.982876
1145	1617	22.915213
1145	593	22.69652
1146	1645	145.12035
1146	1991	138.67963
1146	1997	137.01143
1146	2121	132.85818
1146	968	132.18686
1146	1320	131.7589
1146	1200	131.57764
1146	2571	129.53412
1146	1128	125.691696
1146	1975	125.14961
1147	1247	90.9462
1147	930	90.689445
1147	1945	88.70439
1147	3334	88.45726
1147	2300	87.46404
1147	608	87.08439
1147	919	86.096565
1147	1617	85.98838
1147	1256	83.793785
1147	1294	83.15075
1148	1079	45.167473
1148	1265	44.464375
1148	1394	44.21753
1148	2797	43.771988
1148	1136	43.24582
1148	1259	43.0173
1148	2174	42.691547
1148	1196	41.685184
1148	1	40.73623
1148	2396	40.45784
1149	2571	59.41959
1149	1210	58.553856
1149	2028	56.247627
1149	589	56.2138
1149	1580	55.72383
1149	1240	55.420673
1149	480	55.1785
1149	3175	53.84587
1149	110	53.7306
1149	2916	53.535645
1150	318	241.3025
1150	1	234.01875
1150	2321	233.11188
1150	527	232.65923
1150	1747	230.42264
1150	2064	225.0352
1150	1294	223.22276
1150	858	221.51906
1150	1196	219.61967
1150	994	213.34071
1151	380	175.68108
1151	1196	170.82478
1151	1210	167.17448
1151	1676	166.02937
1151	316	164.64662
1151	608	164.18057
1151	648	164.17175
1151	50	162.11356
1151	1200	160.71172
1151	1197	160.47086
1152	780	45.286545
1152	1527	42.76629
1152	589	41.89661
1152	2571	41.885906
1152	380	41.501846
1152	648	41.26371
1152	1356	41.113697
1152	173	41.03993
1152	329	40.681564
1152	1573	40.490147
1153	2706	35.842205
1153	223	33.049595
1153	2997	32.11234
1153	2716	30.967123
1153	2355	29.715755
1153	2762	29.658447
1153	2699	29.259537
1153	2502	28.440948
1153	2707	28.27698
1153	2433	27.905567
1154	1	7.144319
1154	588	6.6731577
1154	2987	6.637288
1154	2080	6.6240153
1154	1196	6.622148
1154	594	6.616
1154	1270	6.613378
1154	2081	6.595842
1154	1097	6.566737
1154	1282	6.530221
1155	1580	123.47436
1155	1370	117.9098
1155	380	114.1909
1155	1527	108.44851
1155	349	108.206
1155	2353	107.45131
1155	2628	106.63519
1155	474	106.08758
1155	2985	106.02781
1155	1552	105.32319
1156	587	34.199287
1156	11	34.157078
1156	339	33.680298
1156	2424	33.304726
1156	356	32.947136
1156	1393	32.707874
1156	2396	31.338036
1156	377	30.24667
1156	380	29.368774
1156	7	29.322357
1157	1580	17.26286
1157	1196	17.030025
1157	608	16.724907
1157	589	16.713387
1157	1270	16.493816
1157	1197	16.015127
1157	2791	15.8839245
1157	1198	15.859743
1157	2571	15.854043
1157	1265	15.801659
1158	539	44.7431
1158	597	43.07127
1158	1569	42.755726
1158	440	42.182396
1158	2671	41.469486
1158	1784	39.522408
1158	3255	38.12939
1158	1704	38.105984
1158	377	37.864017
1158	318	37.484226
1159	1374	79.83924
1159	1210	78.62937
1159	1214	77.45885
1159	1527	75.64295
1159	780	73.12281
1159	1584	70.32307
1159	1198	69.518234
1159	2529	67.89763
1159	1291	67.69658
1159	2011	67.394554
1160	2770	41.05635
1160	2599	37.434532
1160	2688	36.83137
1160	2762	36.458527
1160	2502	36.187737
1160	3081	35.93165
1160	2433	35.634907
1160	1093	35.45268
1160	2881	35.382954
1160	2572	34.98231
1161	608	40.628963
1161	1196	38.43084
1161	260	38.233818
1161	1617	36.5751
1161	1270	36.393845
1161	1265	36.261837
1161	541	35.9314
1161	1214	35.814205
1161	2571	35.802177
1161	1213	35.633827
1162	296	93.53313
1162	2858	85.04629
1162	1221	84.36207
1162	50	83.80509
1162	2396	82.10637
1162	2289	81.373184
1162	2028	80.84544
1162	904	78.605156
1162	1265	77.567635
1162	1207	77.456924
1163	377	44.244743
1163	1552	43.312847
1163	2353	41.69512
1163	2916	41.680595
1163	457	41.34893
1163	736	40.489964
1163	1610	40.132233
1163	349	39.989685
1163	1722	39.935326
1163	589	39.77502
1164	1704	157.8994
1164	17	149.63382
1164	1213	142.13156
1164	34	141.9094
1164	1641	137.99835
1164	1358	137.52423
1164	2324	137.13222
1164	265	136.4843
1164	3108	130.8122
1164	1639	130.61565
1165	480	85.05179
1165	1198	77.5287
1165	1127	77.39479
1165	1374	77.38704
1165	1097	76.54865
1165	1527	76.35604
1165	608	76.26715
1165	1584	75.87302
1165	2985	75.72687
1165	924	75.220924
1166	608	16.160128
1166	1196	16.07545
1166	1617	15.156289
1166	1259	15.010022
1166	2997	14.888832
1166	260	14.758236
1166	480	14.735047
1166	2291	14.595667
1166	2571	14.590196
1166	110	14.511948
1167	318	52.989388
1167	1704	49.717014
1167	2028	48.405037
1167	2858	47.987373
1167	457	46.00549
1167	1580	45.63419
1167	1213	45.458527
1167	2571	45.363434
1167	1196	45.32355
1167	50	45.24527
1168	1	138.68884
1168	589	132.74323
1168	2916	129.98764
1168	296	129.93393
1168	608	129.03026
1168	1196	128.55301
1168	380	122.81508
1168	34	122.62279
1168	1732	122.09525
1168	356	122.064835
1169	2918	58.50013
1169	2174	58.12415
1169	1079	58.044785
1169	2791	57.593624
1169	1270	57.294796
1169	1394	56.54415
1169	1136	55.63969
1169	3210	54.403084
1169	1307	53.456562
1169	2100	52.854435
1170	1294	125.9704
1170	608	116.47754
1170	1953	115.87184
1170	1221	114.2215
1170	912	113.55861
1170	1276	111.994934
1170	908	111.60438
1170	919	109.84105
1170	1225	109.32327
1170	3421	108.91491
1171	318	8.362584
1171	2028	8.28845
1171	608	8.21842
1171	480	8.080105
1171	2571	8.041551
1171	589	8.005932
1171	1580	7.975436
1171	457	7.8709784
1171	527	7.8639107
1171	2762	7.84115
1172	39	238.73068
1172	1	224.40898
1172	380	217.5965
1172	3253	217.45895
1172	1270	214.50938
1172	1517	204.79907
1172	1569	204.0298
1172	2000	203.45654
1172	480	203.39655
1172	34	203.12766
1173	1265	138.33311
1173	296	133.18886
1173	318	133.08511
1173	608	131.98811
1173	1393	129.46992
1173	2395	128.34427
1173	1682	123.991196
1173	2716	123.83177
1173	1	122.99799
1173	2355	121.66225
1174	608	7.055115
1174	912	6.3420734
1174	904	6.3322
1174	593	6.3215723
1174	1247	6.2919755
1174	1617	6.2894797
1174	858	6.273417
1174	1219	6.178397
1174	923	6.1506295
1174	111	6.0906944
1175	357	50.202347
1175	1569	49.85994
1175	708	45.748203
1175	7	44.921078
1175	1265	44.57248
1175	1721	42.16403
1175	2396	42.09873
1175	1777	41.81707
1175	1183	40.732887
1175	3255	40.592506
1176	1270	117.767136
1176	1197	108.19642
1176	1580	105.60222
1176	2000	104.86689
1176	1220	102.415
1176	589	101.12405
1176	1136	100.48083
1176	2716	99.92751
1176	2407	99.24331
1176	2571	99.24087
1177	2571	55.26792
1177	608	54.294727
1177	1196	54.032234
1177	457	53.6902
1177	1197	53.35299
1177	2028	52.983593
1177	1270	52.471184
1177	593	52.175472
1177	34	52.13646
1177	296	52.08258
1178	1617	21.34888
1178	608	19.915277
1178	593	19.30229
1178	50	19.263277
1178	924	18.999638
1178	1219	18.985897
1178	908	18.985762
1178	912	18.731417
1178	1247	18.589813
1178	750	17.885933
1179	1376	131.1687
1179	1136	131.05383
1179	1198	128.97397
1179	1265	126.88457
1179	1356	124.78677
1179	2174	123.53188
1179	2987	120.09904
1179	608	119.56226
1179	2797	119.54721
1179	1036	119.499504
1180	608	36.71472
1180	2571	36.036106
1180	1240	35.364048
1180	589	35.337486
1180	2858	34.348106
1180	1197	33.980255
1180	1200	33.62747
1180	1214	33.61135
1180	457	33.346016
1180	541	33.28461
1181	318	398.06866
1181	3418	394.0778
1181	1304	393.0595
1181	912	381.62387
1181	1089	361.21616
1181	316	361.16223
1181	2804	360.377
1181	1129	358.05774
1181	1073	340.32858
1181	1084	337.8439
1182	1210	188.12172
1182	1270	186.08588
1182	1197	184.13126
1182	1213	175.74982
1182	541	173.92589
1182	1097	173.53294
1182	377	171.88054
1182	21	169.03038
1182	1259	168.99326
1182	2000	167.33034
1183	858	123.30657
1183	919	121.14458
1183	1136	120.86036
1183	912	120.67012
1183	1196	117.52484
1183	923	115.58924
1183	1225	115.04069
1183	260	114.953545
1183	541	114.72452
1183	1198	112.19477
1184	377	166.149
1184	457	155.70837
1184	733	155.33862
1184	1370	145.69771
1184	587	141.75166
1184	368	137.88513
1184	39	137.26611
1184	21	135.64671
1184	1356	134.81334
1184	165	133.5062
1185	1270	33.41803
1185	1196	31.470707
1185	1	31.348154
1185	595	30.482212
1185	2797	30.309984
1185	2174	30.009575
1185	2081	29.71517
1185	592	29.662094
1185	1210	29.50361
1185	2716	29.173489
1186	1374	107.32439
1186	2657	106.659035
1186	1994	106.26275
1186	1982	105.99442
1186	2571	105.705444
1186	1270	105.686424
1186	2640	105.66497
1186	1278	103.602715
1186	1347	102.88458
1186	1258	102.47839
1187	1	24.936165
1187	1265	24.685007
1187	480	23.277693
1187	2571	23.041618
1187	318	22.92974
1187	1196	22.697153
1187	2396	22.482685
1187	1270	22.471128
1187	2028	22.396223
1187	589	22.328005
1188	1240	38.268127
1188	1291	36.81065
1188	1200	35.990803
1188	2571	35.50961
1188	858	35.061546
1188	1387	34.962887
1188	2000	34.881493
1188	457	34.424477
1188	2028	33.84988
1188	480	33.778587
1189	608	14.392108
1189	2289	14.109383
1189	1617	13.744353
1189	2997	13.461858
1189	2396	13.416936
1189	1265	12.887432
1189	1247	12.85606
1189	2858	12.829496
1189	1288	12.668673
1189	1179	12.609843
1190	2406	21.658312
1190	1307	20.571661
1190	1196	19.843014
1190	2797	19.158115
1190	1197	18.957106
1190	1097	18.884926
1190	1198	18.787838
1190	2716	18.399544
1190	2174	18.349659
1190	1270	18.290956
1191	1260	62.36499
1191	903	58.50977
1191	904	58.288662
1191	908	56.155785
1191	750	53.940754
1191	910	53.025997
1191	924	52.961975
1191	912	52.244797
1191	928	51.802113
1191	923	51.041073
1192	608	17.080984
1192	318	16.65748
1192	527	16.632051
1192	1094	16.268929
1192	1225	15.392228
1192	296	15.207788
1192	1704	15.05269
1192	1213	14.898719
1192	1617	14.869809
1192	593	14.81703
1193	1210	121.46557
1193	1196	120.69563
1193	1036	120.321014
1193	3256	119.51075
1193	1240	115.8237
1193	1291	113.930626
1193	1197	113.78605
1193	592	113.5137
1193	1198	113.20427
1193	260	111.90469
1194	1265	265.2666
1194	1610	262.265
1194	1393	251.68355
1194	21	246.96867
1194	2762	244.13264
1194	380	237.37619
1194	1682	235.20972
1194	1	234.74352
1194	32	229.87758
1194	1089	229.66145
1195	2355	52.16394
1195	223	49.52056
1195	2959	48.05657
1195	2599	45.88651
1195	2770	45.760452
1195	2502	45.339703
1195	785	45.323868
1195	2541	44.831005
1195	2605	44.66762
1195	1127	44.507072
1196	296	86.567055
1196	1213	80.96369
1196	1704	77.71021
1196	2762	77.21348
1196	34	76.98162
1196	1259	76.81591
1196	1097	75.907196
1196	457	74.82329
1196	1307	74.6959
1196	2997	74.44146
1197	608	17.571926
1197	296	16.039177
1197	1213	15.374317
1197	318	14.779268
1197	858	14.404058
1197	2858	14.318451
1197	527	14.11745
1197	2762	13.543057
1197	111	13.443422
1197	1196	13.443325
1198	2571	46.4879
1198	480	46.178772
1198	1580	45.68312
1198	457	45.348095
1198	2916	44.536957
1198	1196	44.46865
1198	260	42.39297
1198	1270	42.381416
1198	1240	41.232296
1198	1198	41.194893
1199	1265	107.197365
1199	480	104.55447
1199	2028	103.41118
1199	593	101.43751
1199	110	100.72308
1199	608	100.41657
1199	1	99.86066
1199	3418	98.78018
1199	39	95.546135
1199	3256	95.45779
1200	2959	19.322521
1200	2710	18.950745
1200	3081	17.99475
1200	223	17.729248
1200	2605	17.66987
1200	2762	17.40876
1200	2683	17.026703
1200	2502	16.994373
1200	2707	16.950281
1200	2841	16.792046
1201	2599	39.332867
1201	2762	37.84697
1201	2700	36.567677
1201	2571	36.440067
1201	2987	35.75032
1201	2395	35.56202
1201	1580	34.730843
1201	2396	34.504166
1201	1196	34.454826
1201	2028	34.320534
1202	1610	286.0552
1202	1036	284.1537
1202	21	279.09433
1202	1097	274.70242
1202	593	273.89
1202	2396	269.51004
1202	2858	262.88492
1202	1527	260.32565
1202	1370	251.78938
1202	2194	249.4231
1203	1747	306.42383
1203	1259	304.6797
1203	1060	304.4305
1203	3255	301.12134
1203	1270	300.4865
1203	293	292.62277
1203	1396	291.868
1203	1466	290.62885
1203	2918	287.27133
1203	2716	285.19257
1204	2762	62.68769
1204	2502	60.784786
1204	2987	59.437923
1204	2700	55.492203
1204	2707	54.811684
1204	2580	54.64859
1204	2571	52.86466
1204	2028	50.755352
1204	1210	50.145462
1204	3176	49.81252
1205	1094	45.97927
1205	1393	45.961174
1205	150	45.533573
1205	17	44.550213
1205	337	44.22381
1205	36	44.099648
1205	318	43.689087
1205	2268	42.942593
1205	2291	42.4877
1205	25	42.349693
1206	1374	122.92441
1206	541	117.5892
1206	2640	112.166466
1206	2105	109.53756
1206	316	102.75009
1206	329	101.512634
1206	2407	98.68284
1206	1198	96.54777
1206	1371	96.148964
1206	2393	95.69833
1207	733	195.41373
1207	648	192.16411
1207	1196	187.98978
1207	1923	184.67828
1207	2353	184.66222
1207	316	182.6407
1207	3256	177.26323
1207	349	176.57047
1207	1396	176.01294
1207	1270	175.82117
1208	608	20.114227
1208	1617	18.409056
1208	1213	18.238174
1208	858	17.434057
1208	296	17.360708
1208	2997	16.798878
1208	1252	16.6991
1208	111	16.443264
1208	2289	16.313187
1208	1196	16.251297
1209	2000	108.27594
1209	1240	103.707825
1209	1036	102.36066
1209	2797	97.79382
1209	858	97.32581
1209	1220	96.860016
1209	2406	95.66233
1209	1374	94.78853
1209	1200	94.76393
1209	2174	93.53055
1210	1580	36.323643
1210	2916	36.306305
1210	1196	33.11123
1210	1240	32.792862
1210	2628	32.627625
1210	1210	31.415907
1210	1200	31.087816
1210	1374	30.969923
1210	1584	30.920307
1210	1372	30.888897
1211	2396	196.7109
1211	912	194.7816
1211	1136	194.55855
1211	235	191.70927
1211	1198	191.35457
1211	260	191.34433
1211	1079	187.93936
1211	2762	186.46817
1211	3424	184.06786
1211	800	182.02956
1212	593	39.108696
1212	2858	38.280132
1212	47	37.453506
1212	2762	37.420376
1212	2571	37.38467
1212	32	36.036915
1212	1219	35.554985
1212	1387	35.415024
1212	1214	35.34324
1212	2716	35.15826
1213	1265	14.0286875
1213	608	13.829213
1213	34	13.628717
1213	2396	13.58828
1213	590	13.133775
1213	1617	13.062369
1213	1304	13.037498
1213	1270	13.022293
1213	2858	13.011838
1213	858	12.980297
1214	2922	13.335077
1214	599	13.111889
1214	1209	12.754293
1214	969	12.622088
1214	1201	12.06088
1214	2951	12.048733
1214	2401	11.83243
1214	1294	11.700814
1214	750	11.691439
1214	1252	11.6558695
1215	589	94.75415
1215	1210	91.26156
1215	924	89.861534
1215	480	88.72791
1215	1127	85.00227
1215	1198	82.87532
1215	1376	82.8488
1215	1527	80.40266
1215	2105	79.26859
1215	608	78.069725
1216	858	128.57756
1216	1221	120.50204
1216	1294	117.880135
1216	608	116.81568
1216	1136	115.222946
1216	1252	114.89248
1216	1198	113.87095
1216	1240	112.62341
1216	1234	109.656075
1216	3363	106.98597
1217	1196	36.753906
1217	608	36.22529
1217	1265	35.455658
1217	260	35.19913
1217	1270	34.95019
1217	1136	34.762516
1217	1	34.444912
1217	1198	34.37671
1217	1259	34.12196
1217	2791	33.964294
1218	296	106.02787
1218	593	102.40429
1218	2858	102.18196
1218	1213	101.77227
1218	50	94.80368
1218	1704	92.85865
1218	2028	92.47326
1218	260	91.917755
1218	1225	91.57028
1218	1358	91.39194
1219	2916	160.90138
1219	1580	155.21213
1219	1573	149.97432
1219	780	149.05246
1219	2353	144.0059
1219	1036	143.95334
1219	1527	143.41743
1219	380	140.78056
1219	648	140.10683
1219	349	137.1502
1220	589	109.57713
1220	2916	107.96811
1220	110	103.47446
1220	1240	103.34602
1220	1291	103.103294
1220	1036	102.49743
1220	380	102.15283
1220	592	99.846146
1220	2628	99.676445
1220	1370	97.051735
1221	2985	162.61975
1221	2407	159.51926
1221	316	159.29117
1221	1372	156.31271
1221	1527	156.17621
1221	1197	153.40288
1221	592	152.82538
1221	1291	152.37822
1221	1676	152.19345
1221	1198	151.64072
1222	1196	54.105934
1222	260	51.412975
1222	1198	48.472797
1222	1580	47.723404
1222	480	47.481472
1222	1200	47.29155
1222	2716	46.304657
1222	2028	46.134422
1222	1617	46.011024
1222	1265	45.727024
1223	858	87.28659
1223	608	85.5433
1223	919	84.970566
1223	1617	84.25429
1223	903	84.08411
1223	1247	83.67361
1223	2300	79.8005
1223	1196	79.41412
1223	1234	78.50292
1223	1276	78.01282
1224	1247	283.30255
1224	1617	279.2375
1224	1252	276.0193
1224	1294	272.69632
1224	1225	266.87305
1224	2858	260.2669
1224	910	258.64087
1224	1094	258.16327
1224	296	257.4698
1224	318	255.12254
1225	318	28.124746
1225	593	27.710817
1225	2028	26.221123
1225	50	25.650846
1225	1265	25.144705
1225	1704	24.439117
1225	1196	24.138184
1225	110	23.477863
1225	2396	23.476538
1225	2997	23.25512
1226	2090	1.8197948
1226	2048	1.4624274
1226	616	1.4216647
1226	709	1.4075009
1226	1025	1.4019274
1226	2092	1.3984531
1226	783	1.3823345
1226	1033	1.3048332
1226	586	1.249279
1226	1566	1.2485381
1227	2289	74.43065
1227	25	71.48188
1227	1673	70.18036
1227	778	67.75401
1227	337	67.04617
1227	1095	66.36574
1227	3418	65.79978
1227	1719	65.23641
1227	34	65.21962
1227	2395	64.54061
1228	2289	140.13132
1228	1094	138.11145
1228	1197	137.61104
1228	2762	136.68811
1228	2571	136.39719
1228	1136	134.58884
1228	2599	134.24277
1228	1221	133.33894
1228	1089	133.12396
1228	1097	133.0335
1229	608	14.839741
1229	593	13.752036
1229	318	13.613298
1229	2858	13.509472
1229	296	13.139331
1229	1704	12.320877
1229	1213	12.080706
1229	1617	11.849108
1229	2028	11.806252
1229	2571	11.458354
1230	1200	203.905
1230	2628	190.02971
1230	1610	185.04822
1230	377	179.03893
1230	733	178.67363
1230	380	175.45634
1230	110	175.37831
1230	1220	174.235
1230	1584	174.00279
1230	2641	173.12474
1231	1213	92.40675
1231	50	91.549934
1231	2028	91.228325
1231	1265	85.93352
1231	2762	83.03414
1231	457	82.68673
1231	2396	82.09624
1231	1197	80.712425
1231	1210	80.21016
1231	32	79.72434
1232	296	108.94635
1232	527	102.23438
1232	1213	101.10066
1232	1617	98.49268
1232	50	95.0255
1232	1358	93.90111
1232	2289	93.69256
1232	39	91.57854
1232	1641	89.8443
1232	2762	88.15681
1233	1196	32.48536
1233	260	32.115368
1233	1240	31.036383
1233	1198	30.046488
1233	1270	29.791712
1233	480	29.30299
1233	541	28.97239
1233	592	27.590027
1233	589	27.45349
1233	1580	27.408949
1234	260	17.423006
1234	541	16.947548
1234	1214	16.761665
1234	1617	16.47802
1234	858	16.072964
1234	1219	16.003021
1234	1196	15.643617
1234	2987	15.526755
1234	1267	15.518957
1234	608	15.344465
1235	2858	37.886734
1235	150	37.005352
1235	1213	36.943478
1235	2268	36.83103
1235	1265	36.811863
1235	1682	36.779415
1235	1358	36.53917
1235	25	36.395348
1235	3418	36.3057
1235	2396	35.914936
1236	1198	17.732622
1236	1036	17.666052
1236	260	17.136816
1236	1291	16.831097
1236	1210	16.693699
1236	1200	16.600592
1236	592	16.401405
1236	1197	16.316551
1236	2571	16.02637
1236	457	15.94537
1237	2716	20.356274
1237	2797	20.207466
1237	2791	19.620298
1237	1580	19.61882
1237	1196	19.602264
1237	1197	19.406374
1237	2000	19.321041
1237	2174	19.25814
1237	1259	19.149466
1237	2571	18.7739
1238	2997	28.138344
1238	2396	25.087273
1238	223	24.334042
1238	2762	23.741058
1238	2395	23.719547
1238	2959	23.420736
1238	2355	22.459204
1238	608	22.371311
1238	3176	22.318836
1238	593	21.803432
1239	50	65.520744
1239	1265	62.612316
1239	1094	60.13772
1239	2396	59.88771
1239	2289	59.398983
1239	2997	59.36637
1239	1673	59.05484
1239	1089	58.634083
1239	32	57.66162
1239	2291	57.38307
1240	260	4.920533
1240	1210	4.7435675
1240	1198	4.728399
1240	1197	4.391676
1240	1270	4.2916017
1240	1214	4.2786903
1240	1097	4.271738
1240	541	3.9599423
1240	1240	3.9289904
1240	858	3.893169
1241	1265	126.550835
1241	1	121.102486
1241	318	118.3614
1241	1923	116.52015
1241	1213	115.00211
1241	593	114.91959
1241	2291	108.775314
1241	1580	108.43842
1241	3253	107.27023
1241	1089	106.6756
1242	1617	194.68323
1242	1094	193.8962
1242	1213	191.14719
1242	2395	185.58362
1242	1641	183.39767
1242	593	182.81128
1242	318	181.40054
1242	235	180.21474
1242	2291	179.3188
1242	527	178.45709
1243	1200	199.81148
1243	541	195.57776
1243	1198	192.36986
1243	2916	192.23001
1243	1197	189.7739
1243	2987	184.84471
1243	1036	181.24213
1243	858	178.04591
1243	608	176.4561
1243	2028	175.82715
1244	608	284.6055
1244	296	277.82788
1244	1617	260.86664
1244	593	260.03693
1244	50	253.45215
1244	1	252.02872
1244	1704	246.75565
1244	2762	234.8025
1244	377	232.55403
1244	1089	232.17209
1245	1210	35.060055
1245	2916	33.74787
1245	1198	33.478813
1245	1374	33.381832
1245	1270	33.15255
1245	1580	32.817337
1245	480	32.60069
1245	2985	31.76312
1245	1127	31.215416
1245	1036	31.011757
1246	1370	315.87292
1246	2406	312.6469
1246	1220	310.69177
1246	1372	301.49844
1246	2699	286.96686
1246	2001	285.32962
1246	2641	284.25357
1246	1259	284.25226
1246	1375	282.89493
1246	353	282.0169
1247	2858	8.228029
1247	2028	6.8952274
1247	913	6.643002
1247	919	6.5037003
1247	593	6.4550734
1247	110	6.422396
1247	1196	6.3878913
1247	260	6.343818
1247	923	6.255776
1247	750	6.251519
1248	318	67.39044
1248	2858	65.08463
1248	858	64.36471
1248	527	64.29495
1248	1196	64.0896
1248	2396	61.600567
1248	2028	61.1678
1248	1197	60.94082
1248	1136	60.693832
1248	2997	60.54696
1249	1214	21.5067
1249	260	21.338057
1249	1200	21.014038
1249	1240	20.630205
1249	1210	18.818336
1249	1374	18.541828
1249	2571	18.467464
1249	2529	18.114614
1249	1097	17.852806
1249	2985	17.615824
1250	608	10.561378
1250	1617	10.209251
1250	2858	10.18618
1250	2997	9.660186
1250	296	9.532282
1250	1213	9.505738
1250	593	9.213507
1250	50	8.985173
1250	2289	8.879529
1250	1094	8.624202
1251	2716	24.960703
1251	2710	24.064472
1251	2395	23.706284
1251	2355	22.57595
1251	2762	22.543509
1251	2580	22.189947
1251	2396	22.189388
1251	785	22.1345
1251	608	22.015724
1251	2700	21.889814
1252	608	62.814816
1252	858	59.560318
1252	1193	56.465866
1252	1196	56.411396
1252	111	56.375942
1252	1213	55.83761
1252	1221	55.35247
1252	1252	55.07552
1252	923	54.61631
1252	750	54.372566
1253	608	44.691166
1253	2020	42.001083
1253	1394	41.342987
1253	1247	41.28508
1253	1674	40.981163
1253	2243	40.862686
1253	1293	40.5049
1253	527	40.07368
1253	111	40.041256
1253	1230	39.852543
1254	1265	72.51486
1254	17	70.09615
1254	2291	67.36879
1254	527	63.343487
1254	608	63.295773
1254	318	61.378
1254	2100	61.34729
1254	11	61.13825
1254	356	59.813248
1254	497	59.4619
1255	527	132.51387
1255	1213	132.19571
1255	1617	132.02525
1255	50	124.049835
1255	2599	123.96128
1255	1094	121.40355
1255	2289	116.6593
1255	150	113.721924
1255	39	113.49703
1255	1641	112.77987
1256	296	25.78599
1256	903	25.754652
1256	1196	25.438974
1256	1213	25.172249
1256	912	24.995813
1256	1219	24.954573
1256	923	24.90574
1256	1267	24.814045
1256	924	24.590878
1256	527	24.56053
1257	1291	37.12176
1257	1210	35.410187
1257	260	35.280746
1257	1197	35.00321
1257	2000	34.25801
1257	457	33.81554
1257	1036	33.739452
1257	1240	33.72853
1257	2571	33.55241
1257	589	33.426304
1258	2186	15.45244
1258	942	15.301338
1258	922	14.464358
1258	1248	14.281505
1258	1252	13.677275
1258	1267	13.662012
1258	1260	12.908974
1258	3364	12.795137
1258	1344	12.316538
1258	1068	11.997703
1259	2571	33.26224
1259	1196	32.32437
1259	1240	31.839514
1259	2916	31.645916
1259	1200	31.301744
1259	2028	30.962141
1259	260	30.520061
1259	457	30.202202
1259	1214	30.063866
1259	1610	29.262516
1260	593	289.08423
1260	1265	263.86688
1260	1221	260.9274
1260	3418	256.62515
1260	1097	255.57016
1260	1079	249.94736
1260	1136	243.21756
1260	2716	240.89508
1260	2797	240.29318
1260	2174	237.78702
1261	1196	74.296875
1261	2571	74.115295
1261	589	73.40334
1261	110	71.80725
1261	1210	71.64371
1261	1580	71.124855
1261	1240	71.03345
1261	260	70.78624
1261	2916	70.13151
1261	3175	69.89727
1262	2797	95.980225
1262	2000	90.69568
1262	1220	88.35476
1262	2406	87.95908
1262	3361	85.12157
1262	1265	79.15602
1262	1196	79.023895
1262	2248	77.379295
1262	1257	76.69805
1262	1198	75.96194
1263	1270	144.39774
1263	1197	141.66052
1263	1079	138.75299
1263	1259	132.76619
1263	1136	132.30592
1263	296	130.3065
1263	608	130.13884
1263	2000	129.76698
1263	1968	128.92838
1263	2571	128.46742
1264	296	366.11237
1264	2797	349.24637
1264	2858	346.525
1264	380	345.57373
1264	648	341.89603
1264	1213	340.46994
1264	2762	336.77798
1264	318	334.64783
1264	2791	331.93826
1264	1079	330.14557
1265	1196	149.05742
1265	1213	146.47008
1265	527	146.15176
1265	1270	144.66457
1265	2028	143.26842
1265	235	141.02481
1265	3253	139.72192
1265	2716	138.47385
1265	2291	138.44295
1265	1259	137.25304
1266	593	285.06876
1266	1307	268.52548
1266	1198	268.2582
1266	1079	263.4682
1266	1580	257.74484
1266	1500	254.95093
1266	858	254.54938
1266	3418	253.54411
1266	1136	253.10056
1266	1094	250.64198
1267	858	109.72452
1267	2571	105.42504
1267	1197	100.66484
1267	1617	98.078865
1267	1387	97.79638
1267	2985	97.43147
1267	2028	97.021065
1267	1036	96.63352
1267	1136	95.58531
1267	1222	94.87208
1268	924	117.33362
1268	1294	114.9034
1268	750	114.16239
1268	912	113.43875
1268	1304	113.02742
1268	1617	112.015656
1268	1219	111.19892
1268	1136	110.57796
1268	260	110.492424
1268	3363	110.33294
1269	2396	28.26166
1269	1196	27.929314
1269	608	27.584822
1269	593	27.345625
1269	296	27.299402
1269	2762	27.067808
1269	1265	26.949778
1269	223	26.7444
1269	318	26.62512
1269	1270	26.184673
1270	2858	4.248534
1270	1213	4.003994
1270	3408	3.9144125
1270	2396	3.863277
1270	527	3.8145318
1270	1617	3.7902052
1270	318	3.7865834
1270	296	3.7438884
1270	2997	3.7229972
1270	3176	3.6728697
1271	1265	140.12845
1271	39	125.07371
1271	2918	119.267624
1271	608	118.428055
1271	1079	118.13147
1271	1641	117.75072
1271	34	117.546326
1271	1394	114.29279
1271	2997	112.55384
1271	1580	111.80231
1272	589	169.79562
1272	2916	166.69586
1272	380	163.35266
1272	2797	162.7104
1272	2000	161.76773
1272	377	160.71133
1272	2716	159.6529
1272	1240	158.14346
1272	1036	157.26027
1272	2406	156.8229
1273	1213	184.50662
1273	913	182.19194
1273	903	181.30394
1273	1221	180.3616
1273	296	178.48537
1273	1196	176.2684
1273	1952	176.19185
1273	1244	172.32411
1273	1234	171.2623
1273	1276	169.95322
1274	1221	263.63013
1274	1136	246.75293
1274	2987	237.5558
1274	1394	235.81516
1274	2985	234.7102
1274	903	231.91331
1274	1230	231.50063
1274	1193	231.21024
1274	318	230.4619
1274	1288	226.75816
1275	1196	30.848185
1275	858	27.937464
1275	1198	27.87778
1275	919	27.264698
1275	608	26.963484
1275	541	26.869875
1275	1214	26.62967
1275	1240	25.78139
1275	1097	25.762602
1275	1617	25.74258
1276	2918	63.357132
1276	1197	61.4221
1276	1270	60.788425
1276	1294	59.352814
1276	1278	59.25874
1276	2797	58.852894
1276	2174	58.22029
1276	1196	56.62141
1276	608	55.551132
1276	2858	55.18525
1277	1321	22.767084
1277	1339	22.563416
1277	1258	22.464493
1277	1350	22.257315
1277	1974	21.855852
1277	1387	21.845646
1277	2118	20.808819
1277	1214	20.370295
1277	1645	20.36396
1277	1130	20.363111
1278	1240	63.626167
1278	1270	62.58401
1278	1580	61.23122
1278	2571	60.341866
1278	480	60.26423
1278	589	59.77958
1278	2000	59.328617
1278	2916	59.196888
1278	592	58.96321
1278	1214	57.643337
1279	296	143.8759
1279	1265	141.93413
1279	527	141.56882
1279	593	140.14627
1279	2028	136.4616
1279	1213	134.77599
1279	32	131.30699
1279	3418	131.21944
1279	34	129.78357
1279	1	125.39507
1280	296	42.78057
1280	593	41.597195
1280	318	41.52308
1280	1265	40.140274
1280	1196	39.439667
1280	50	39.00976
1280	110	38.917446
1280	1617	38.675537
1280	2396	38.29232
1280	457	37.403248
1281	296	79.286606
1281	1213	77.18212
1281	527	71.86846
1281	1617	71.672874
1281	36	71.420555
1281	2997	68.202255
1281	50	67.84011
1281	25	67.59671
1281	778	66.86433
1281	2396	65.591705
1282	1580	14.446764
1282	480	14.359177
1282	589	14.174191
1282	1196	13.899655
1282	608	13.872451
1282	2028	13.645135
1282	1265	13.585754
1282	2571	13.527671
1282	296	13.514593
1282	318	13.456376
1283	1265	35.897663
1283	1580	35.08713
1283	1	34.642685
1283	1196	33.984325
1283	589	33.431633
1283	457	33.165253
1283	2028	32.97181
1283	1197	32.737724
1283	1210	32.381294
1283	39	32.03283
1284	1358	219.84987
1284	47	214.32278
1284	1500	211.48595
1284	110	210.59262
1284	480	205.17859
1284	474	201.03236
1284	1196	199.12479
1284	1673	197.73946
1284	1625	197.37302
1284	2599	196.2462
1285	2797	405.48248
1285	2000	395.9231
1285	2987	390.284
1285	1466	388.22363
1285	1885	381.0875
1285	2064	373.4416
1285	592	372.62347
1285	1285	370.3432
1285	2194	367.45358
1285	924	364.4641
1286	2959	35.739254
1286	2716	34.85964
1286	2762	33.928684
1286	2580	32.60537
1286	3176	32.430454
1286	2770	32.394672
1286	2355	32.14601
1286	2336	31.900646
1286	2700	31.868769
1286	296	30.652132
1287	608	50.606415
1287	2289	41.17825
1287	2395	38.505875
1287	1358	38.416874
1287	1704	38.34722
1287	2396	37.8538
1287	2028	37.641346
1287	36	37.597713
1287	34	37.457317
1287	1265	37.23636
1288	318	71.279434
1288	527	71.170204
1288	1213	70.578285
1288	1225	69.888565
1288	1617	68.38935
1288	1193	66.97478
1288	1196	65.88209
1288	1247	65.76047
1288	1208	64.16182
1288	912	64.03897
1289	1240	45.01125
1289	1214	43.970036
1289	2571	41.83922
1289	589	41.62268
1289	592	41.364384
1289	1036	41.221878
1289	1580	41.11671
1289	1374	40.86392
1289	858	40.786793
1289	1387	40.63045
1290	2997	35.228897
1290	2599	34.789253
1290	2987	34.335896
1290	2683	34.138462
1290	2762	33.99928
1290	2355	33.488396
1290	2706	32.460762
1290	1196	32.1488
1290	1127	31.94564
1290	2770	31.16083
1291	2858	139.81805
1291	1617	139.0958
1291	1213	133.16492
1291	1259	129.97697
1291	1394	128.59615
1291	1196	128.28192
1291	1197	123.8255
1291	858	123.822845
1291	2028	123.36369
1291	1704	123.04442
1292	1196	26.948298
1292	1580	25.728504
1292	260	25.545204
1292	480	25.403212
1292	2571	25.023155
1292	608	24.821287
1292	1240	24.315329
1292	1214	24.224394
1292	2028	24.073275
1292	1198	23.995455
1293	296	47.68076
1293	593	46.30024
1293	1213	44.856503
1293	1265	43.840935
1293	50	43.809757
1293	2028	42.53068
1293	1259	41.987747
1293	2396	41.389473
1293	2762	40.907383
1293	1	40.47262
1294	2300	123.14194
1294	1278	122.43637
1294	2918	121.05542
1294	608	120.32543
1294	2064	112.99133
1294	3421	112.83747
1294	3072	112.3301
1294	1617	111.26103
1294	2108	109.323875
1294	2804	108.16006
1295	2186	20.83797
1295	922	20.30599
1295	3334	19.996
1295	608	19.53695
1295	912	19.43195
1295	908	19.33571
1295	904	19.12858
1295	923	18.479979
1295	903	18.357203
1295	858	18.145887
1296	608	40.081543
1296	1704	38.340008
1296	2858	37.872723
1296	527	37.230675
1296	2028	36.18264
1296	1213	36.054096
1296	50	35.372242
1296	1784	34.993076
1296	2762	34.331886
1296	1641	34.031517
1297	2571	222.8122
1297	1500	215.51006
1297	318	211.61487
1297	50	210.94151
1297	2321	200.89755
1297	3253	200.79518
1297	1641	200.26846
1297	457	199.76877
1297	1089	198.71951
1297	2762	196.64539
1298	589	259.8432
1298	1198	258.6204
1298	260	258.47446
1298	2916	257.3082
1298	1240	255.80865
1298	1265	252.45427
1298	2028	252.3336
1298	1197	251.36485
1298	2000	249.55101
1298	1	245.12112
1299	1580	158.12996
1299	1198	154.4727
1299	1197	145.42267
1299	1036	144.61414
1299	457	141.53157
1299	1127	141.07622
1299	1291	140.7075
1299	2987	139.01926
1299	50	138.39044
1299	1527	138.35289
1300	1407	82.253586
1300	1974	73.20501
1300	2279	70.42346
1300	1339	70.15997
1300	2513	69.55935
1300	1983	69.296196
1300	253	68.8078
1300	1970	67.870804
1300	70	67.60911
1300	177	66.35414
1301	608	199.95073
1301	1036	199.50545
1301	1270	198.31595
1301	296	191.19656
1301	1617	189.48962
1301	2797	182.80266
1301	1220	181.18582
1301	2716	180.63419
1301	2987	179.21059
1301	2194	178.04544
1302	2916	53.18884
1302	1580	51.35205
1302	1527	49.971172
1302	480	49.495407
1302	377	47.844124
1302	1676	46.714035
1302	733	46.189945
1302	1610	45.185238
1302	1240	44.741215
1302	1396	44.221806
1303	1200	340.76343
1303	1265	332.51532
1303	2028	318.41272
1303	1220	309.94437
1303	1387	304.08044
1303	318	296.69757
1303	2640	291.5811
1303	1500	288.32996
1303	3418	281.55768
1303	235	276.57483
1304	2571	90.24861
1304	1580	85.70611
1304	2985	83.653656
1304	2640	79.912766
1304	1387	79.76077
1304	110	79.20956
1304	1270	77.76467
1304	780	76.36908
1304	377	75.98793
1304	2628	75.56587
1305	2064	11.071788
1305	1230	10.975192
1305	246	10.927494
1305	1228	10.4958935
1305	1213	10.381304
1305	1225	10.354473
1305	1252	10.329033
1305	608	10.208536
1305	1952	10.202423
1305	111	10.199112
1306	457	276.41107
1306	2628	266.8509
1306	2640	265.0939
1306	110	264.7714
1306	50	256.8618
1306	2716	254.35172
1306	1259	251.41893
1306	1221	237.53957
1306	2011	236.6031
1306	2791	233.65576
1307	1196	15.077963
1307	1240	13.426693
1307	1198	13.371998
1307	1270	13.10133
1307	2571	13.056567
1307	1197	12.761076
1307	1214	12.626547
1307	480	12.588967
1307	1097	12.561905
1307	1200	12.539572
1308	1240	74.70178
1308	1197	73.88184
1308	589	73.46326
1308	1265	71.859566
1308	480	71.562256
1308	2916	70.10749
1308	1036	70.02323
1308	457	69.917015
1308	2858	69.61888
1308	593	69.31653
1309	1580	12.442988
1309	480	11.676945
1309	2571	11.5258875
1309	377	11.182306
1309	589	11.158406
1309	2916	11.157059
1309	380	11.114536
1309	780	11.10736
1309	1265	10.784319
1309	457	10.783576
1310	608	14.807845
1310	1259	14.262585
1310	318	14.185957
1310	527	13.91964
1310	1225	13.842895
1310	593	13.735973
1310	296	13.729869
1310	1674	13.486936
1310	1270	13.399021
1310	1198	13.382171
1311	2916	104.98009
1311	1374	104.33607
1311	1376	103.626434
1311	316	103.481834
1311	589	100.37605
1311	1291	100.02725
1311	1356	99.91009
1311	1375	99.03809
1311	2985	97.97191
1311	329	97.633514
1312	480	96.86786
1312	594	96.3894
1312	1282	96.154724
1312	2054	93.89539
1312	592	92.46204
1312	1375	91.78485
1312	1197	91.738914
1312	1291	91.32578
1312	1198	90.90475
1312	2641	90.603516
1313	110	13.63693
1313	480	13.506837
1313	260	13.0622
1313	2571	13.040359
1313	1240	12.811122
1313	2858	12.754099
1313	1198	12.742565
1313	457	12.600884
1313	1214	12.575937
1313	858	12.498789
1314	2571	88.86203
1314	589	87.23895
1314	1270	86.90461
1314	1198	86.35131
1314	377	86.30588
1314	380	83.6933
1314	2916	83.04657
1314	1291	82.044945
1314	1240	80.69656
1314	2028	80.66219
1315	608	68.57413
1315	1247	64.50656
1315	919	62.97754
1315	1230	62.743904
1315	750	61.631733
1315	111	60.884632
1315	527	60.511784
1315	1196	60.48188
1315	296	59.41915
1315	1221	59.284187
1316	2716	16.515944
1316	2858	16.505566
1316	2355	15.721477
1316	1580	15.5280285
1316	1127	15.449749
1316	2987	15.428233
1316	2762	15.1528845
1316	589	15.085509
1316	2571	14.998577
1316	2396	14.973234
1317	1259	348.08273
1317	2174	346.89636
1317	2797	346.38647
1317	110	346.0835
1317	1394	334.8626
1317	1213	333.6031
1317	32	330.48605
1317	1222	318.78928
1317	919	314.7835
1317	2194	311.86816
1318	1393	1.8556933
1318	1784	1.7973709
1318	539	1.7746749
1318	2501	1.7587762
1318	62	1.7280918
1318	318	1.6887147
1318	34	1.6872228
1318	597	1.6840155
1318	339	1.6832299
1318	593	1.6798186
1319	1196	10.431122
1319	1580	9.996703
1319	1240	9.987238
1319	1198	9.907813
1319	1036	9.796796
1319	1197	9.782904
1319	2406	9.758337
1319	260	9.755071
1319	457	9.738977
1319	2571	9.686937
1320	592	105.572685
1320	480	104.87562
1320	1580	101.61951
1320	1197	98.09244
1320	733	95.417946
1320	2640	93.73444
1320	1573	93.332344
1320	780	92.85242
1320	2115	92.529205
1320	349	91.02872
1321	2000	90.463326
1321	2915	89.60258
1321	1288	86.14218
1321	1674	86.029144
1321	1220	84.75121
1321	2100	83.82965
1321	1225	83.57099
1321	1663	82.837906
1321	2248	81.771835
1321	1136	81.51556
1322	1294	197.78027
1322	2797	197.56535
1322	2174	194.6381
1322	1265	192.137
1322	1278	190.32518
1322	2791	188.506
1322	2100	184.12611
1322	2716	181.49269
1322	1259	178.25105
1322	1230	175.73735
1323	1247	75.0919
1323	912	72.884285
1323	2243	70.08292
1323	1230	68.63856
1323	919	66.69822
1323	920	65.08992
1323	608	63.03686
1323	1079	62.71777
1323	910	62.072685
1323	899	61.319447
1324	1196	77.72532
1324	296	76.59467
1324	858	75.36451
1324	2028	75.345825
1324	2571	69.469894
1324	2987	69.35701
1324	1240	68.26804
1324	589	68.01882
1324	1270	67.45156
1324	1210	67.32837
1325	480	186.87605
1325	1220	169.68312
1325	2174	168.37532
1325	2105	166.71799
1325	2716	162.94174
1325	1265	161.8316
1325	1527	160.98462
1325	2797	160.48535
1325	2115	158.98038
1325	780	157.94955
1326	296	32.61561
1326	1196	30.719807
1326	1265	30.609684
1326	1617	30.507328
1326	2028	30.462206
1326	50	29.786728
1326	1213	29.643707
1326	2762	28.98838
1326	589	28.666101
1326	1198	27.989641
1327	260	48.422123
1327	1198	46.719566
1327	858	46.286602
1327	1214	45.374485
1327	1240	45.108917
1327	589	44.267063
1327	2571	43.703484
1327	1036	43.590588
1327	1242	43.414112
1327	1090	42.92394
1328	1610	111.59394
1328	2571	110.74601
1328	592	108.68529
1328	1214	104.63402
1328	780	102.403015
1328	733	101.25624
1328	2640	100.37311
1328	1387	97.0657
1328	1356	96.26404
1328	1527	94.82672
1329	2916	228.94754
1329	457	222.77058
1329	1197	219.8413
1329	2000	217.8612
1329	377	216.0653
1329	1240	211.75954
1329	2918	209.60019
1329	1036	206.94098
1329	2321	203.14748
1329	2406	202.61981
1330	1196	26.76942
1330	608	26.65662
1330	919	25.736622
1330	1617	25.41055
1330	1252	25.042484
1330	1221	24.814089
1330	750	24.262243
1330	527	24.120909
1330	2858	23.87376
1330	541	23.870424
1331	608	90.61068
1331	1225	80.339294
1331	1230	79.57199
1331	1196	78.8013
1331	903	78.38206
1331	750	78.14821
1331	111	77.65431
1331	318	77.07632
1331	1213	76.34844
1331	913	75.94213
1332	1265	21.189064
1332	2858	20.26335
1332	1270	19.913809
1332	1196	19.881666
1332	608	19.645557
1332	1394	19.367723
1332	2716	19.352665
1332	2791	19.020811
1332	1198	18.983334
1332	34	18.847467
1333	1356	281.1133
1333	1376	280.39893
1333	1136	276.77057
1333	2406	276.1532
1333	1219	265.7652
1333	1394	264.20068
1333	1370	263.84045
1333	1294	263.6191
1333	2716	261.7206
1333	1265	261.5941
1334	1196	37.76026
1334	2858	36.879658
1334	1240	35.571747
1334	2997	35.179165
1334	2571	34.71743
1334	593	34.41533
1334	1617	34.257946
1334	1214	34.179234
1334	1210	33.6897
1334	50	33.67551
1335	527	120.367874
1335	1259	119.777
1335	3424	118.76739
1335	50	118.69472
1335	1136	116.90198
1335	1247	116.69396
1335	1094	116.47897
1335	1208	114.25263
1335	1221	114.217896
1335	923	113.8711
1336	318	16.65247
1336	608	16.315166
1336	296	16.26045
1336	2571	15.817371
1336	1617	15.7426
1336	1	15.667335
1336	50	15.609997
1336	2858	15.58432
1336	1213	15.4687195
1336	1196	15.448277
1337	1032	47.62133
1337	588	47.29429
1337	2081	46.097015
1337	2137	43.654335
1337	1	42.783627
1337	1025	41.682884
1337	3034	40.242542
1337	2987	40.192577
1337	1907	39.01075
1337	783	38.960243
1338	1240	114.990456
1338	1610	110.00815
1338	480	107.28702
1338	1210	106.920975
1338	1580	105.91367
1338	592	103.99047
1338	1197	102.03125
1338	377	101.35008
1338	1374	98.03333
1338	1270	96.4391
1339	457	109.17217
1339	2000	107.161316
1339	589	106.20578
1339	1196	104.15578
1339	1036	102.94073
1339	1198	101.46501
1339	1291	100.6195
1339	1270	100.49108
1339	1	100.06818
1339	592	99.51756
1340	2000	299.5705
1340	356	249.97363
1340	1129	249.28024
1340	2968	248.13947
1340	2396	248.08316
1340	2001	245.29156
1340	2947	242.55167
1340	2353	240.92719
1340	1073	239.70544
1340	2804	239.1171
1341	1717	43.28094
1341	724	41.146534
1341	799	38.484814
1341	2120	37.605328
1341	1347	37.298687
1341	1690	37.18954
1341	2026	36.751892
1341	2617	35.931614
1341	1320	35.79314
1341	382	35.532867
1342	177	43.44581
1342	2279	42.94619
1342	2004	40.997643
1342	1690	40.214043
1342	196	39.54818
1342	1347	39.5041
1342	842	37.503376
1342	1215	36.509163
1342	1994	36.159145
1342	1991	35.912735
1343	1252	166.65321
1343	1079	166.4313
1343	1213	165.416
1343	527	164.70639
1343	1394	163.91452
1343	1259	162.039
1343	750	160.3076
1343	1197	158.33577
1343	50	155.89543
1343	2791	154.7743
1344	1196	50.484924
1344	296	47.945
1344	1265	47.572754
1344	1198	47.559494
1344	2396	46.861465
1344	260	46.803867
1344	1197	46.798668
1344	1270	46.612923
1344	595	45.69782
1344	2987	45.223526
1345	3255	106.79444
1345	1784	106.69028
1345	2396	100.95851
1345	1569	100.95468
1345	597	95.354675
1345	587	94.92261
1345	1614	92.619446
1345	500	92.48406
1345	543	91.98126
1345	1060	91.26036
1346	1198	8.2608795
1346	1196	8.216957
1346	592	8.21524
1346	2406	8.177849
1346	1270	8.0679
1346	1291	7.9808764
1346	2797	7.9463835
1346	2000	7.70594
1346	1240	7.650284
1346	2100	7.5733085
1347	608	95.58376
1347	318	93.4253
1347	589	87.90689
1347	50	86.61085
1347	2762	86.483055
1347	1196	86.0299
1347	457	85.135826
1347	1213	84.16695
1347	1197	82.44053
1347	1500	81.52812
1348	1073	71.84305
1348	2987	70.86474
1348	1030	68.84755
1348	2141	68.60776
1348	1566	68.049126
1348	1097	66.84639
1348	2161	66.58354
1348	3396	66.306526
1348	1023	63.56175
1348	1270	60.542095
1349	1036	49.525925
1349	1200	49.120773
1349	2000	45.326477
1349	2916	45.064293
1349	457	44.98688
1349	592	44.799732
1349	1374	44.675316
1349	480	44.575165
1349	1222	43.706963
1349	1610	43.603745
1350	593	75.681915
1350	527	74.57086
1350	2396	73.22016
1350	457	70.04257
1350	1	68.47898
1350	110	68.22617
1350	1580	67.30657
1350	2762	67.19708
1350	2571	67.12502
1350	1213	66.501335
1351	608	19.957926
1351	296	19.224419
1351	457	19.173637
1351	593	19.098791
1351	2571	18.945883
1351	2028	18.853403
1351	2858	18.542841
1351	1198	18.458298
1351	260	18.385067
1351	480	18.245546
1352	608	83.156624
1352	1213	77.72674
1352	1196	74.10632
1352	318	72.28494
1352	260	70.00182
1352	1221	69.89781
1352	2571	67.82786
1352	1240	67.67092
1352	589	66.57123
1352	32	66.249214
1353	588	35.254128
1353	1029	32.967693
1353	2078	32.172844
1353	1032	31.702778
1353	2294	31.283106
1353	2080	31.162092
1353	1196	30.478344
1353	1197	30.354502
1353	3034	29.860249
1353	1025	29.552916
1354	1	253.00522
1354	1500	241.37524
1354	2396	241.22427
1354	440	240.8188
1354	780	240.73091
1354	2321	239.35863
1354	1610	234.4502
1354	1573	234.10165
1354	3255	231.19106
1354	2628	230.81755
1355	608	32.987896
1355	1259	32.14217
1355	1225	31.430834
1355	858	30.990362
1355	1197	30.952477
1355	1265	30.856588
1355	1097	30.84215
1355	2797	30.723646
1355	1196	30.646923
1355	1198	30.52859
1356	32	117.53645
1356	1196	113.91093
1356	1923	111.91747
1356	1240	111.12132
1356	1265	111.038666
1356	367	110.0278
1356	3253	108.83131
1356	1200	108.615715
1356	1584	108.45924
1356	2716	108.31866
1357	2459	82.76292
1357	1991	81.27049
1357	3018	79.31521
1357	2513	78.25788
1357	2789	77.6774
1357	1387	77.5681
1357	2148	77.401764
1357	1346	76.73648
1357	2121	73.938385
1357	1332	72.9904
1358	2985	158.99234
1358	1210	151.52194
1358	2640	150.91666
1358	1129	140.64545
1358	1396	129.68452
1358	2000	128.17807
1358	2094	127.28852
1358	1370	122.830025
1358	377	122.392456
1358	1275	120.18584
1359	2080	60.902115
1359	2987	56.686787
1359	783	55.419834
1359	3034	54.8692
1359	1028	54.072395
1359	1566	52.563766
1359	2089	51.72524
1359	919	50.376163
1359	2141	49.615807
1359	1073	49.599045
1360	589	65.42445
1360	2916	64.603226
1360	1240	63.19648
1360	1127	62.012493
1360	1200	61.181644
1360	3175	60.520435
1360	1527	60.46522
1360	1356	59.494087
1360	32	58.007984
1360	1198	57.80941
1361	608	90.64276
1361	1230	85.671005
1361	912	85.3729
1361	858	85.15017
1361	1394	84.66758
1361	1252	84.60025
1361	923	83.30505
1361	111	82.80869
1361	1617	82.46285
1361	1225	82.36419
1362	2985	99.797356
1362	1214	99.396126
1362	1376	94.81762
1362	2105	92.63591
1362	2640	91.1347
1362	1375	88.53397
1362	1215	88.18256
1362	1097	88.11716
1362	2529	87.2452
1362	2968	87.22065
1363	2858	14.370624
1363	608	13.776236
1363	1617	13.409922
1363	2395	12.94523
1363	1213	12.456813
1363	50	12.378919
1363	260	12.263081
1363	296	12.258944
1363	39	12.140268
1363	2028	12.129602
1364	1345	31.524513
1364	1982	30.766994
1364	1350	30.544113
1364	1994	29.57355
1364	1196	29.42614
1364	260	28.851894
1364	1200	28.733368
1364	541	28.696007
1364	1347	28.495361
1364	2455	27.977047
1365	1240	48.826088
1365	1197	48.464474
1365	858	47.309727
1365	1214	46.73847
1365	1036	46.435127
1365	608	46.42845
1365	541	46.31285
1365	2797	46.07557
1365	1079	45.818977
1365	1225	45.64132
1366	2541	64.75137
1366	2762	64.25152
1366	1127	61.527184
1366	2700	57.760002
1366	1093	57.42336
1366	2841	56.2622
1366	2987	56.02111
1366	2598	54.78719
1366	2571	54.601105
1366	3176	53.45967
1367	2174	152.21416
1367	2716	150.11684
1367	1200	148.26526
1367	2000	148.12494
1367	457	144.9403
1367	1079	144.83594
1367	1291	144.7749
1367	2028	143.66106
1367	1394	142.80052
1367	1036	142.41742
1368	1247	25.35491
1368	919	24.879799
1368	1307	24.166409
1368	608	23.518274
1368	1197	23.18685
1368	1294	22.934298
1368	1270	22.933887
1368	1136	22.540516
1368	858	22.465551
1368	1198	22.36053
1369	589	258.95322
1369	541	245.42465
1369	2000	244.27974
1369	1	226.10867
1369	1356	226.10342
1369	2628	224.23297
1369	924	222.04932
1369	2797	219.30132
1369	1573	216.87703
1369	1129	216.07883
1370	1196	57.8091
1370	2571	57.260883
1370	1240	56.48274
1370	2762	56.17982
1370	589	55.04542
1370	1210	54.963013
1370	2028	54.87082
1370	1214	54.458244
1370	1200	54.311775
1370	1387	53.40879
1371	1196	10.192197
1371	367	9.935526
1371	1580	9.929389
1371	260	9.804749
1371	2797	9.522443
1371	1097	9.442098
1371	1198	9.277827
1371	1265	9.040895
1371	2571	8.96258
1371	780	8.961939
1372	2683	22.287407
1372	2699	21.537977
1372	2762	21.098543
1372	223	21.069519
1372	2355	20.92197
1372	2959	20.899881
1372	2716	20.7885
1372	3081	20.03591
1372	1127	19.640987
1372	2599	19.487679
1373	594	54.692066
1373	1198	52.409893
1373	2987	52.280968
1373	1197	51.064903
1373	541	50.378674
1373	1210	48.94009
1373	2087	48.602356
1373	1	48.573578
1373	2797	47.308617
1373	912	47.110485
1374	36	66.309006
1374	1094	65.93113
1374	1265	62.072083
1374	2291	61.032417
1374	2396	60.906567
1374	2997	60.328594
1374	1673	59.934612
1374	1393	58.543297
1374	800	58.52185
1374	2762	58.439068
1375	2599	35.182583
1375	223	34.382202
1375	2683	33.802277
1375	2355	33.420277
1375	2706	33.291042
1375	2959	31.676077
1375	2712	31.024834
1375	2395	30.913279
1375	593	30.869816
1375	2770	30.440994
1376	2355	54.937225
1376	2683	54.876633
1376	2706	54.752945
1376	223	54.72439
1376	2028	51.180946
1376	1196	50.597603
1376	2770	50.220108
1376	2395	49.774258
1376	3175	48.843826
1376	2605	48.41812
1377	380	227.9167
1377	260	224.56628
1377	2640	222.39743
1377	1610	221.98642
1377	457	216.43974
1377	1370	216.28172
1377	733	214.61592
1377	648	210.6698
1377	1214	206.02936
1377	1377	204.58911
1378	1252	48.987324
1378	903	44.769142
1378	3334	42.868977
1378	923	40.779472
1378	1212	40.681248
1378	1248	40.421898
1378	1247	40.17318
1378	910	39.922337
1378	919	39.375423
1378	924	38.57438
1379	608	15.582787
1379	1196	15.38555
1379	110	14.684371
1379	2716	14.617472
1379	593	14.558738
1379	1270	14.399663
1379	2396	14.239759
1379	318	14.182985
1379	1097	14.119745
1379	260	14.097111
1380	377	125.9942
1380	648	123.846214
1380	1391	123.743286
1380	1676	123.38465
1380	1240	123.02199
1380	1370	119.00555
1380	2028	118.93848
1380	32	116.35019
1380	1198	116.26256
1380	1291	116.075836
1381	608	34.896767
1381	2396	33.83799
1381	2395	32.55257
1381	2321	32.5312
1381	1500	32.530743
1381	1641	32.322018
1381	318	31.987858
1381	50	31.944908
1381	1196	31.836287
1381	1197	31.741163
1382	912	24.311308
1382	904	23.518246
1382	908	23.2816
1382	1230	23.256771
1382	1267	23.212418
1382	1247	22.899096
1382	903	22.36862
1382	1945	22.280201
1382	2300	22.181065
1382	2186	21.976206
1383	1288	316.44305
1383	3363	315.82153
1383	1252	312.68823
1383	111	311.3869
1383	541	310.19836
1383	235	288.4415
1383	1220	288.31238
1383	1231	287.48413
1383	3418	274.2545
1383	1250	273.96136
1384	2571	13.14197
1384	1196	13.0002
1384	2028	12.743625
1384	480	12.694624
1384	1580	12.468807
1384	457	12.369119
1384	260	12.367771
1384	608	12.2685585
1384	2916	12.010498
1384	593	11.977485
1385	1196	15.669989
1385	2571	15.443147
1385	2028	15.349894
1385	1240	15.224126
1385	1580	15.138061
1385	260	15.047485
1385	480	15.045185
1385	608	15.00578
1385	593	14.676432
1385	457	14.62057
1386	1196	51.709503
1386	260	48.866375
1386	1	47.898445
1386	1136	46.175663
1386	1270	45.957672
1386	1210	45.265568
1386	1617	45.03117
1386	1240	44.533695
1386	593	44.338634
1386	50	43.968845
1387	750	116.774994
1387	904	115.54615
1387	541	115.10739
1387	1219	114.961075
1387	903	113.28572
1387	969	113.15261
1387	924	111.812706
1387	527	111.52485
1387	296	110.79996
1387	1953	110.55862
1388	377	45.17347
1388	50	44.77131
1388	296	43.317062
1388	2028	43.265137
1388	480	43.240005
1388	1036	41.760612
1388	1370	41.749645
1388	110	41.70563
1388	1580	41.39119
1388	2353	40.667774
1389	1270	269.13522
1389	1265	256.9305
1389	32	247.85075
1389	2797	239.26378
1389	2716	239.15746
1389	1527	237.28998
1389	2529	233.88184
1389	3418	232.81923
1389	1242	231.85165
1389	1954	230.86008
1390	1196	188.19588
1390	1210	174.03458
1390	2571	171.29556
1390	260	168.8414
1390	2797	165.92961
1390	377	165.28268
1390	2918	164.34274
1390	1259	161.76004
1390	2987	160.35443
1390	1	159.64832
1391	2321	105.64712
1391	1500	101.97405
1391	3253	97.2567
1391	34	97.04272
1391	3108	95.90483
1391	2108	94.59555
1391	608	93.66069
1391	2291	91.86337
1391	1777	90.63134
1391	1704	90.23298
1392	1270	153.75621
1392	110	153.7146
1392	1197	152.69426
1392	1	146.87456
1392	1097	142.49579
1392	2640	142.10414
1392	1220	140.68242
1392	2406	140.05138
1392	648	139.70874
1392	296	139.4749
1393	1213	91.375755
1393	2571	86.648
1393	1265	85.72483
1393	589	84.88546
1393	1240	83.67709
1393	1036	83.3657
1393	2762	82.92182
1393	1610	82.78506
1393	1197	81.68648
1393	480	81.00182
1394	1259	13.103424
1394	608	12.88662
1394	1265	12.395837
1394	1196	12.190631
1394	589	12.189812
1394	1580	12.101979
1394	318	12.086558
1394	1270	12.038101
1394	480	11.85927
1394	1	11.84257
1395	1196	167.12791
1395	1240	154.47466
1395	260	153.3334
1395	1210	152.43117
1395	1270	151.24667
1395	1198	149.92911
1395	1617	149.15407
1395	1200	148.29099
1395	593	148.1773
1395	2028	146.13936
1396	1270	121.93065
1396	1617	121.829575
1396	260	119.438156
1396	1198	117.38964
1396	50	116.69889
1396	858	116.16393
1396	1	116.079834
1396	1288	114.76377
1396	2174	114.24898
1396	2716	112.50179
1397	1200	35.7294
1397	1374	32.72801
1397	2916	32.328472
1397	2985	31.058605
1397	2529	30.890574
1397	1199	30.638914
1397	1580	30.042553
1397	2640	29.877771
1397	1127	29.69416
1397	480	29.682634
1398	608	19.144411
1398	1617	18.559868
1398	589	17.972729
1398	1196	17.8411
1398	2291	17.695007
1398	527	17.671976
1398	593	17.630846
1398	858	17.413319
1398	296	17.21404
1398	1580	17.164581
1399	1580	164.71043
1399	480	164.60854
1399	110	159.00687
1399	1610	158.64424
1399	608	157.433
1399	1198	156.92166
1399	1265	151.62398
1399	1197	150.386
1399	2000	147.61005
1399	1	146.73563
1400	1213	53.104
1400	2858	52.862556
1400	1617	52.52611
1400	1265	50.925163
1400	1704	49.530792
1400	2762	48.51654
1400	1089	47.88668
1400	2396	46.5498
1400	32	46.184765
1400	1196	45.977795
1401	858	41.330673
1401	296	40.388256
1401	318	39.946598
1401	1196	38.75206
1401	527	38.445156
1401	912	36.345917
1401	919	35.83975
1401	1198	35.802883
1401	1193	35.34564
1401	541	35.222733
1402	1196	45.508923
1402	50	43.5811
1402	1213	42.754093
1402	1265	42.71634
1402	2571	42.217293
1402	2762	41.940372
1402	1	41.321205
1402	110	41.015335
1402	1210	40.503593
1402	480	39.886833
1403	1580	46.88575
1403	1270	44.366756
1403	1097	43.338257
1403	589	43.10289
1403	1198	43.04435
1403	1240	43.043213
1403	2797	42.005684
1403	2916	41.668
1403	1	41.65609
1403	1265	41.28879
1404	1079	147.68906
1404	608	144.99869
1404	1270	142.58577
1404	1136	141.96994
1404	1197	140.40208
1404	296	135.44485
1404	1307	134.62712
1404	1580	129.43747
1404	858	129.24815
1404	1198	129.20076
1405	1221	33.262104
1405	1214	32.087055
1405	919	32.044147
1405	1252	31.86575
1405	260	31.518492
1405	1208	31.397
1405	1193	31.303473
1405	1196	31.256193
1405	923	30.9633
1405	924	30.952837
1406	608	20.293438
1406	296	20.192297
1406	2028	19.68725
1406	1196	18.146698
1406	1617	18.026966
1406	50	17.600975
1406	110	17.563955
1406	1265	17.263105
1406	457	17.070686
1406	589	16.895563
1407	39	110.946915
1407	1704	110.51652
1407	2291	108.24805
1407	2571	107.54473
1407	32	104.75207
1407	1196	104.22247
1407	21	103.49423
1407	3418	102.1844
1407	3108	101.0719
1407	589	100.852585
1408	165	83.39482
1408	1552	82.45802
1408	1036	82.12223
1408	6	81.257904
1408	2058	79.83446
1408	1240	79.607834
1408	316	78.68173
1408	1722	78.30965
1408	1196	77.65785
1408	592	76.94226
1409	593	74.45627
1409	260	73.725075
1409	2571	72.53857
1409	1198	72.30771
1409	1240	70.19305
1409	527	69.748
1409	1394	68.69062
1409	541	67.83067
1409	2396	67.7303
1409	1200	66.96455
1410	1214	22.870176
1410	1200	21.744726
1410	260	21.351524
1410	1196	20.513847
1410	1270	20.050478
1410	1240	20.036417
1410	592	19.896788
1410	1210	19.654055
1410	480	19.603382
1410	2011	19.363018
1411	223	35.340206
1411	2395	31.28683
1411	2762	30.0173
1411	2580	29.569376
1411	785	29.432842
1411	2396	28.758198
1411	3160	27.959661
1411	2700	27.774385
1411	608	27.673632
1411	3174	27.379555
1412	1196	20.424322
1412	260	19.704327
1412	2571	19.447199
1412	1198	19.349152
1412	589	19.333569
1412	457	18.873796
1412	1580	18.853844
1412	1240	18.81946
1412	2028	18.73472
1412	608	18.718983
1413	858	103.932625
1413	1213	100.684006
1413	593	99.68358
1413	1240	97.10096
1413	1221	94.65616
1413	527	94.020164
1413	2762	93.57718
1413	1252	93.40269
1413	2916	93.3583
1413	1580	93.18262
1414	780	79.04041
1414	1610	77.46213
1414	377	77.14874
1414	1573	75.787056
1414	349	72.323074
1414	2353	72.03747
1414	3256	70.980995
1414	1552	70.80298
1414	1240	70.48732
1414	1196	69.86223
1415	1198	121.850105
1415	858	118.67617
1415	1617	115.666306
1415	593	115.61423
1415	1240	110.19436
1415	1225	108.33296
1415	1259	108.32125
1415	541	107.957115
1415	589	107.69801
1415	1079	107.67917
1416	223	13.873037
1416	2599	13.667543
1416	2716	13.440139
1416	2959	13.216198
1416	2683	13.140984
1416	2762	12.876925
1416	2355	12.821723
1416	2396	12.714402
1416	2571	12.582511
1416	593	12.536452
1417	953	3.5452306
1417	919	3.4651828
1417	3105	3.3467703
1417	2268	3.250727
1417	899	3.2407033
1417	912	3.1944723
1417	1704	3.173551
1417	969	3.1633768
1417	1674	3.1340408
1417	2565	3.1173341
1418	1676	145.84027
1418	1270	141.01622
1418	1917	136.25279
1418	1610	135.46812
1418	377	133.15237
1418	733	130.90622
1418	380	129.01192
1418	1370	128.6547
1418	648	128.59373
1418	2000	128.09694
1419	2571	22.806417
1419	608	21.994448
1419	1265	21.991491
1419	1196	21.95664
1419	2028	21.767809
1419	1197	21.079493
1419	296	20.986378
1419	593	20.955233
1419	1270	20.733725
1419	2916	20.692698
1420	296	181.89749
1420	1200	172.90659
1420	1198	170.05801
1420	1197	165.42902
1420	858	160.7933
1420	1036	159.79616
1420	1	159.41357
1420	1259	158.81795
1420	1394	156.5329
1420	1291	154.1772
1421	1265	121.33513
1421	2858	118.759125
1421	2396	111.38606
1421	1500	108.35058
1421	318	107.16698
1421	1196	106.26743
1421	593	105.64158
1421	1394	104.43032
1421	2716	103.835846
1421	2571	103.713005
1422	457	296.29907
1422	858	283.784
1422	2968	273.6632
1422	296	270.0898
1422	2858	264.165
1422	2746	260.4436
1422	1370	259.6362
1422	1676	258.49643
1422	1221	257.32532
1422	316	255.43054
1423	608	49.794655
1423	1079	49.59453
1423	1265	49.229164
1423	1080	46.23148
1423	858	46.084694
1423	1197	45.91634
1423	2791	45.572613
1423	1259	45.3181
1423	1617	45.201653
1423	2918	45.1889
1424	1717	25.778343
1424	70	25.257048
1424	1342	24.89223
1424	1347	24.182495
1424	1690	22.984
1424	1982	22.476091
1424	1994	22.350058
1424	1345	22.29771
1424	2003	22.224405
1424	2120	22.200443
1425	1265	289.00845
1425	1270	273.89938
1425	1197	271.5038
1425	457	267.74777
1425	380	260.39368
1425	110	257.05273
1425	2355	256.501
1425	1097	252.9712
1425	296	252.91985
1425	1240	251.97736
1426	2571	236.0164
1426	2174	226.5336
1426	1036	225.3664
1426	2797	225.02663
1426	1200	221.8814
1426	2716	221.36665
1426	1220	219.92755
1426	2406	217.7311
1426	318	205.62756
1426	1374	205.39867
1427	1265	96.62542
1427	1240	96.26757
1427	1197	95.368164
1427	457	94.93056
1427	2916	94.40587
1427	1270	93.84395
1427	1036	92.78027
1427	1617	92.38267
1427	1200	92.088264
1427	1	90.95635
1428	608	28.664522
1428	1196	27.270716
1428	589	26.959385
1428	1197	26.7603
1428	1617	26.622581
1428	296	26.300951
1428	1580	26.138393
1428	260	25.916586
1428	1265	25.890263
1428	1394	25.753902
1429	608	13.684326
1429	1196	13.629192
1429	858	12.936548
1429	260	12.88442
1429	1617	12.820025
1429	1197	12.201612
1429	1213	12.191186
1429	2791	12.106955
1429	589	12.06781
1429	593	12.065914
1430	1	82.74255
1430	223	82.05357
1430	3253	81.34184
1430	2396	80.225685
1430	2321	79.93415
1430	2918	79.85622
1430	1641	79.76877
1430	1394	78.76526
1430	2571	77.86404
1430	318	77.251236
1431	1196	18.044044
1431	260	17.253233
1431	1580	16.8329
1431	1240	16.461369
1431	2571	16.43294
1431	1198	16.396122
1431	1270	16.34013
1431	2028	15.844981
1431	2916	15.769275
1431	1197	15.681867
1432	2858	24.279108
1432	1196	22.43827
1432	223	21.938473
1432	2571	21.469584
1432	589	21.11325
1432	1580	21.065304
1432	1210	20.895468
1432	2706	20.677107
1432	260	20.54799
1432	2762	20.453617
1433	780	69.8138
1433	2916	67.958755
1433	316	66.19975
1433	2571	66.19054
1433	733	65.182846
1433	377	63.84426
1433	1573	63.268997
1433	1610	63.122684
1433	329	62.15048
1433	10	61.62565
1434	380	86.82534
1434	780	86.41566
1434	1552	81.072975
1434	2571	80.60088
1434	733	80.43871
1434	368	79.4234
1434	1391	79.23677
1434	1573	78.06251
1434	2699	77.81931
1434	1485	77.6568
1435	1580	14.547602
1435	1196	14.271811
1435	480	14.239621
1435	2571	13.9981575
1435	1240	13.75605
1435	110	13.67937
1435	1270	13.382381
1435	2916	13.341905
1435	608	13.2874155
1435	260	13.233971
1436	2683	39.023666
1436	2706	37.959145
1436	2599	37.63099
1436	2355	36.98213
1436	2762	36.34809
1436	2710	35.587315
1436	2396	35.23698
1436	223	35.182964
1436	2959	34.363598
1436	1127	32.96647
1437	858	105.58653
1437	1221	98.25752
1437	1196	97.9584
1437	1213	96.9862
1437	1617	96.78575
1437	1252	96.16658
1437	111	96.03692
1437	919	95.64059
1437	527	95.18296
1437	924	94.99312
1438	2716	28.653305
1438	2959	26.605885
1438	2599	26.358335
1438	2770	26.24185
1438	3175	25.210424
1438	785	24.949648
1438	2762	24.803053
1438	2502	24.052143
1438	2700	23.659094
1438	2605	23.361624
1439	608	15.174389
1439	1617	14.764555
1439	858	14.257508
1439	904	13.657576
1439	912	13.444101
1439	903	13.431386
1439	913	13.363583
1439	1267	13.118114
1439	923	13.039112
1439	111	12.826552
1440	608	90.96147
1440	296	88.98631
1440	1196	84.58898
1440	1617	82.29962
1440	858	80.31671
1440	1259	78.24632
1440	50	78.094925
1440	1394	78.08238
1440	1198	78.04211
1440	1265	77.16948
1441	1	64.64246
1441	589	63.105263
1441	1517	63.103813
1441	2571	62.815163
1441	1641	61.399128
1441	296	60.714138
1441	608	60.458466
1441	1270	60.307587
1441	1784	59.92662
1441	457	59.827625
1442	1210	102.31743
1442	1270	99.5085
1442	480	97.92373
1442	924	97.1263
1442	1198	94.498055
1442	1584	91.84801
1442	1527	91.76491
1442	1197	90.2514
1442	780	87.10357
1442	1617	86.09451
1443	1196	37.215164
1443	608	34.5628
1443	296	32.441807
1443	1221	31.870644
1443	2028	31.867275
1443	541	31.8015
1443	1214	31.755905
1443	1210	31.02883
1443	593	31.01296
1443	1240	30.925991
1444	1196	8.742113
1444	2028	8.367859
1444	260	8.106157
1444	608	8.076288
1444	589	7.9880996
1444	1198	7.9544716
1444	296	7.894992
1444	2571	7.8598785
1444	527	7.7579
1444	593	7.7371464
1445	589	11.395042
1445	1196	11.378954
1445	2916	11.229244
1445	32	10.893501
1445	260	10.8776865
1445	1240	10.779962
1445	1580	10.767812
1445	480	10.702808
1445	1200	10.621278
1445	1527	10.510996
1446	608	71.57638
1446	912	66.59137
1446	750	65.88336
1446	1234	63.936535
1446	923	63.604473
1446	1259	63.4863
1446	1278	63.47453
1446	1079	63.33555
1446	1221	63.329964
1446	1394	63.16665
1447	457	393.4217
1447	1291	382.63235
1447	1036	379.75613
1447	1220	373.4573
1447	1610	364.9883
1447	377	361.94785
1447	1374	352.4493
1447	1396	347.12308
1447	1527	343.80786
1447	1278	339.9352
1448	21	378.001
1448	1036	372.75647
1448	1259	362.5369
1448	1240	362.21927
1448	2396	357.79123
1448	1270	356.84744
1448	1197	352.82913
1448	260	349.38434
1448	1210	348.0059
1448	2918	346.98178
1449	260	395.26468
1449	2791	366.1534
1449	1278	355.04373
1449	1500	324.63647
1449	1674	320.6875
1449	590	320.48325
1449	1370	307.7956
1449	2599	304.69037
1449	474	303.7811
1449	1266	303.30875
1450	1265	61.88006
1450	1270	55.928978
1450	2028	55.23001
1450	2716	55.10136
1450	1197	54.98984
1450	1196	54.532818
1450	2571	54.35356
1450	2762	53.938103
1450	1641	53.74249
1450	608	53.513206
1451	1307	353.73782
1451	2716	349.84235
1451	1	344.17337
1451	1213	340.7383
1451	2987	340.6257
1451	1136	338.39737
1451	1225	328.31305
1451	50	328.12988
1451	21	324.59357
1451	3361	322.3962
1452	924	7.524111
1452	858	7.478505
1452	750	7.4311543
1452	1247	7.262928
1452	1230	7.2276073
1452	1225	7.2045197
1452	1294	7.1850514
1452	923	7.096236
1452	1270	7.0733957
1452	111	7.043379
1453	2716	18.067669
1453	223	15.888691
1453	1127	15.795945
1453	2355	15.189813
1453	1270	15.102887
1453	2770	14.841675
1453	2762	14.703103
1453	785	14.588214
1453	2541	14.554026
1453	2710	14.432339
1454	318	16.276869
1454	2858	15.870369
1454	296	15.792886
1454	593	15.642209
1454	457	15.461389
1454	608	15.098724
1454	2571	14.903257
1454	589	14.877805
1454	1704	14.837493
1454	1265	14.787166
1455	608	41.890465
1455	318	39.462543
1455	296	39.068596
1455	593	38.727127
1455	1617	38.084637
1455	357	37.488827
1455	39	37.267365
1455	2571	37.10665
1455	2028	36.80393
1455	1196	36.66014
1456	296	13.644429
1456	2858	12.920579
1456	1213	12.797817
1456	318	12.700738
1456	593	12.675728
1456	608	12.422115
1456	2762	12.232734
1456	1617	12.158113
1456	2997	11.912117
1456	2028	11.794712
1457	1213	188.98189
1457	1270	185.39586
1457	1198	183.02647
1457	1079	180.35744
1457	2918	174.7413
1457	2174	172.39903
1457	2571	172.22302
1457	2791	172.0544
1457	110	171.14914
1457	1097	170.58873
1458	1198	68.66288
1458	527	67.418945
1458	50	67.03359
1458	2571	66.30663
1458	2396	65.92886
1458	1197	65.36666
1458	1213	65.23384
1458	1270	65.22489
1458	858	64.638535
1458	1210	63.937042
1459	1	19.534462
1459	608	18.88049
1459	296	17.963371
1459	318	17.860828
1459	593	17.565321
1459	1617	17.509829
1459	1197	17.342552
1459	1641	17.238531
1459	527	17.222569
1459	2716	17.205906
1460	480	10.344281
1460	1196	10.287118
1460	589	10.014427
1460	2028	9.9533615
1460	1580	9.833953
1460	2916	9.80936
1460	457	9.636665
1460	260	9.598657
1460	1610	9.246199
1460	1240	9.168948
1461	1580	23.60619
1461	1196	22.210932
1461	1259	21.404945
1461	260	21.150833
1461	1270	21.15043
1461	608	20.989325
1461	1240	20.870735
1461	2571	20.670616
1461	2291	20.589888
1461	1214	20.566349
1462	1196	23.936384
1462	1580	23.559937
1462	2571	22.971521
1462	480	22.75953
1462	608	22.579351
1462	260	22.514183
1462	1198	21.85804
1462	1270	21.802694
1462	1240	21.680384
1462	2028	21.348423
1463	2571	86.73526
1463	2916	86.64686
1463	480	85.85326
1463	1200	81.90846
1463	1356	81.82885
1463	1527	79.32771
1463	2628	79.298775
1463	1127	76.042244
1463	1198	74.89435
1463	1573	74.34518
1464	457	101.98593
1464	1580	99.64631
1464	1036	99.494026
1464	1291	97.22072
1464	2000	95.36099
1464	1200	93.81672
1464	733	93.744514
1464	592	93.662636
1464	1370	92.97512
1464	1374	89.29576
1465	592	254.45921
1465	608	253.324
1465	1197	251.88649
1465	110	249.15056
1465	2571	245.97131
1465	589	245.48378
1465	480	242.52051
1465	356	239.4953
1465	1200	237.65413
1465	1	228.25975
1466	1580	170.23967
1466	296	161.04337
1466	1270	156.14145
1466	2396	148.67949
1466	2716	147.6971
1466	1259	145.18318
1466	2918	144.05922
1466	733	143.88875
1466	1517	143.01317
1466	2174	142.71942
1467	2716	45.27756
1467	2770	42.577824
1467	2762	41.509953
1467	2699	40.27323
1467	2502	40.21389
1467	2541	39.08608
1467	2395	38.744797
1467	3174	37.662643
1467	2700	37.436413
1467	2707	37.367596
1468	1370	85.908585
1468	1610	80.9792
1468	1580	80.10572
1468	2571	79.29957
1468	480	78.162186
1468	316	75.03132
1468	292	73.53584
1468	474	72.944115
1468	3107	71.16442
1468	353	70.65698
1469	1294	19.538439
1469	1136	19.413187
1469	905	18.866522
1469	1234	18.061407
1469	1252	17.967077
1469	908	17.921705
1469	919	17.90236
1469	1244	17.401253
1469	1278	17.228544
1469	923	17.192833
1470	1196	127.1804
1470	2571	122.80789
1470	1198	120.55848
1470	1265	117.76078
1470	1	117.55153
1470	457	116.85941
1470	110	115.48015
1470	1240	114.636406
1470	1036	113.979706
1470	2000	113.65814
1471	608	15.239321
1471	296	13.921114
1471	589	13.783627
1471	1196	13.564198
1471	318	13.541343
1471	1617	13.515953
1471	2028	13.404881
1471	110	13.291366
1471	1580	13.206765
1471	2762	13.170412
1472	2916	174.16487
1472	589	170.18706
1472	1210	162.7266
1472	110	156.10521
1472	2406	152.44409
1472	380	149.21414
1472	1220	147.47154
1472	1356	146.26622
1472	1270	140.30325
1472	10	139.70198
1473	1580	135.3319
1473	592	134.44919
1473	1200	131.84021
1473	377	131.13539
1473	260	128.78136
1473	1198	128.69987
1473	1214	125.59315
1473	1573	124.91579
1473	2194	123.98887
1473	1527	123.86089
1474	608	73.73312
1474	2395	65.74422
1474	1213	64.74482
1474	1617	64.51739
1474	2396	63.9923
1474	50	63.545685
1474	2959	62.875927
1474	1704	62.789513
1474	1196	62.25932
1474	1265	60.224243
1475	296	62.227737
1475	593	61.09863
1475	2858	59.388664
1475	1704	58.27411
1475	1617	58.2166
1475	50	55.95896
1475	1247	55.118584
1475	2028	55.071938
1475	1358	54.40593
1475	34	52.42632
1476	1197	49.72822
1476	34	49.06853
1476	1580	47.32189
1476	1028	46.83627
1476	1196	46.775505
1476	3114	45.95244
1476	1097	45.76207
1476	919	45.528957
1476	1198	45.426258
1476	1032	45.35415
1477	750	11.389047
1477	858	11.367398
1477	924	11.25755
1477	913	11.221339
1477	1617	11.209801
1477	1219	11.162922
1477	908	11.159452
1477	1267	10.930122
1477	608	10.925324
1477	541	10.9028
1478	608	22.618801
1478	296	22.538546
1478	318	21.16121
1478	593	20.689224
1478	1617	20.48705
1478	1196	20.211416
1478	2028	20.199522
1478	2571	20.038109
1478	50	19.933352
1478	527	19.89758
1479	608	23.38317
1479	1617	21.758638
1479	919	21.631523
1479	1094	21.433203
1479	1225	21.351757
1479	923	21.341215
1479	527	21.16911
1479	858	21.083399
1479	1252	21.07768
1479	1265	20.448828
1480	1210	10.947273
1480	1580	10.765465
1480	1240	10.603987
1480	1270	10.506975
1480	1265	10.445898
1480	2571	10.3217325
1480	1198	10.208765
1480	2716	10.070183
1480	1214	10.035701
1480	480	9.98067
1481	364	85.56382
1481	1196	83.06371
1481	1197	80.150505
1481	260	78.25509
1481	1210	77.45025
1481	1580	77.30099
1481	919	76.525795
1481	1198	75.626144
1481	2571	72.663795
1481	1265	71.77632
1482	2858	31.236334
1482	223	28.264112
1482	2706	28.098223
1482	2762	27.976074
1482	2599	27.807262
1482	2355	27.580494
1482	2770	26.172825
1482	593	25.210682
1482	2396	25.071789
1482	2028	24.369211
1483	1200	153.16524
1483	1214	151.86568
1483	480	149.0132
1483	1270	145.24493
1483	1097	141.94116
1483	1527	137.38759
1483	457	136.86383
1483	1036	134.6382
1483	110	134.11014
1483	1376	133.50348
1484	2858	207.69693
1484	318	201.50433
1484	1089	187.43651
1484	235	181.31218
1484	1500	179.50304
1484	1358	176.90971
1484	260	175.8861
1484	39	174.765
1484	3418	171.1046
1484	1079	170.08427
1485	296	22.596758
1485	50	21.938862
1485	318	21.93343
1485	457	21.634542
1485	2028	21.440283
1485	1265	21.4171
1485	2571	21.293016
1485	1213	21.05054
1485	589	20.980219
1485	1580	20.777328
1486	1580	29.117834
1486	480	28.417526
1486	1196	27.857204
1486	2916	27.519133
1486	2716	27.486656
1486	2028	27.315603
1486	457	27.139017
1486	1210	27.033045
1486	110	26.807562
1486	2997	26.656647
1487	899	12.356854
1487	910	12.232736
1487	912	11.883296
1487	1247	11.567089
1487	1028	11.246197
1487	1136	11.245129
1487	1947	11.186921
1487	914	11.160013
1487	1230	11.093686
1487	1294	10.952229
1488	1196	20.975967
1488	1617	19.90932
1488	260	19.908154
1488	858	19.7211
1488	1240	19.649214
1488	296	19.549995
1488	1214	19.118864
1488	1213	19.007292
1488	541	19.002926
1488	2028	18.94459
1489	858	183.25725
1489	1259	176.49323
1489	2797	174.24768
1489	2174	172.77924
1489	1394	172.71727
1489	1580	169.37425
1489	1387	168.60643
1489	750	167.9925
1489	1221	165.88492
1489	1036	165.15765
1490	1580	130.70758
1490	1374	126.940056
1490	1197	122.260765
1490	780	119.57928
1490	1242	117.473366
1490	1127	116.87514
1490	474	116.63976
1490	2628	114.02182
1490	1275	114.00832
1490	648	113.10531
1491	2858	133.02046
1491	593	125.471725
1491	1500	122.23413
1491	1617	121.76784
1491	1641	120.54344
1491	1	118.73838
1491	50	118.25624
1491	2028	118.18876
1491	1923	116.0267
1491	2762	114.94783
1492	2858	80.77364
1492	1265	79.65311
1492	1580	75.88515
1492	1617	75.29954
1492	589	75.27542
1492	1	74.738884
1492	1197	73.73027
1492	2395	73.32086
1492	1213	73.30185
1492	2396	72.53615
1493	1265	17.773924
1493	1196	17.210142
1493	2396	17.075195
1493	2028	16.865635
1493	608	16.694115
1493	318	16.639668
1493	1580	16.486206
1493	2571	16.30609
1493	1270	16.265163
1493	296	16.180952
1494	480	49.634705
1494	1196	47.592503
1494	260	46.11604
1494	2571	45.930325
1494	1198	44.48294
1494	1270	44.170692
1494	1240	44.002537
1494	1197	43.94443
1494	2916	43.722214
1494	1	43.70565
1495	1196	82.07275
1495	1210	78.139336
1495	1197	77.81596
1495	260	77.47528
1495	1270	75.49454
1495	1240	75.41596
1495	1200	74.991104
1495	551	74.28207
1495	2858	74.1775
1495	1097	73.235344
1496	592	220.47641
1496	1527	215.66733
1496	1127	213.57207
1496	1573	213.09337
1496	1270	204.41646
1496	1610	202.3763
1496	733	201.01135
1496	2529	192.7493
1496	353	192.1764
1496	1544	191.21053
1497	1291	134.12213
1497	2985	125.35481
1497	377	121.338066
1497	1270	119.78737
1497	2640	118.21438
1497	608	117.857956
1497	541	116.43777
1497	1617	115.68023
1497	1370	115.44747
1497	2628	115.35265
1498	1196	98.62969
1498	608	97.305084
1498	2028	94.25218
1498	260	91.456154
1498	480	85.87258
1498	1036	85.62773
1498	1270	85.26854
1498	2916	84.25908
1498	2762	84.186424
1498	1580	83.79204
1499	2916	98.50729
1499	480	97.98116
1499	1370	92.89783
1499	380	91.73613
1499	165	88.34586
1499	316	88.15327
1499	3256	86.652534
1499	1196	86.27335
1499	110	85.96803
1499	1676	84.89009
1500	2396	87.751175
1500	1	85.014786
1500	608	84.05903
1500	1196	83.37308
1500	2918	83.36821
1500	2395	83.23978
1500	296	82.99563
1500	1270	82.83159
1500	1580	80.64997
1500	318	80.550705
1501	2916	257.06638
1501	2000	256.45627
1501	592	252.79707
1501	1377	249.37985
1501	377	247.62367
1501	1036	241.23045
1501	1265	241.17545
1501	1610	237.842
1501	1370	232.02644
1501	367	231.2031
1502	589	173.55705
1502	1552	152.48996
1502	1210	152.33308
1502	21	152.10286
1502	349	151.45264
1502	1377	151.21548
1502	3256	149.73752
1502	1917	149.0111
1502	1198	146.35228
1502	1240	145.7973
1503	1240	163.03917
1503	1214	160.29243
1503	296	154.64485
1503	1036	154.07526
1503	1387	153.42851
1503	1097	152.39085
1503	1213	150.59055
1503	2000	150.3955
1503	457	148.18828
1503	2916	147.05127
1504	1240	38.89259
1504	589	38.783363
1504	1198	36.35019
1504	1214	35.30538
1504	480	35.24812
1504	1610	34.633698
1504	1580	34.460728
1504	592	33.584404
1504	1374	33.467293
1504	2028	32.729603
1505	1265	150.44823
1505	858	147.81587
1505	1394	146.09543
1505	1136	146.01927
1505	1307	145.40425
1505	1259	144.97675
1505	1617	143.82011
1505	296	142.20659
1505	2396	140.82845
1505	1294	138.82825
1506	1270	82.46674
1506	608	79.18984
1506	1	77.39223
1506	1136	76.250305
1506	1240	75.18053
1506	318	74.78482
1506	1259	74.69075
1506	2028	74.658264
1506	1214	74.45321
1506	1265	74.32084
1507	2791	70.338135
1507	1196	69.036125
1507	1197	67.00761
1507	1278	66.60318
1507	2858	66.14443
1507	260	65.84507
1507	1394	65.29546
1507	1294	64.04017
1507	2396	63.77003
1507	608	63.626675
1508	608	23.954536
1508	318	23.85224
1508	1196	23.597805
1508	593	23.305252
1508	589	22.505823
1508	2858	22.420797
1508	260	22.330845
1508	110	22.028143
1508	1198	21.831188
1508	1617	21.507292
1509	1580	128.15584
1509	480	120.891396
1509	377	117.82272
1509	380	114.78743
1509	1	113.736115
1509	1610	113.581375
1509	2028	112.40819
1509	1527	110.01195
1509	780	109.29408
1509	110	108.59447
1510	589	27.702183
1510	608	26.894575
1510	1196	26.621826
1510	593	25.222984
1510	260	24.90335
1510	1270	24.655262
1510	1617	24.550903
1510	2571	24.336967
1510	2791	24.313095
1510	1198	24.29873
1511	608	71.99066
1511	541	71.32766
1511	1200	70.06188
1511	1219	69.37131
1511	919	68.86348
1511	1222	67.23376
1511	908	66.357475
1511	923	65.949
1511	1291	65.92488
1511	593	65.86145
1512	1580	17.557016
1512	480	16.974497
1512	2791	16.118511
1512	1196	16.059381
1512	608	16.051275
1512	1265	15.866691
1512	296	15.710798
1512	2571	15.68702
1512	1197	15.501081
1512	1	15.271956
1513	858	90.77594
1513	1219	89.406525
1513	923	88.787094
1513	1617	86.42956
1513	750	83.9606
1513	910	82.73107
1513	1221	82.271996
1513	1084	81.78629
1513	1294	81.28164
1513	541	80.42844
1514	608	85.374725
1514	260	78.437035
1514	2028	74.36617
1514	1079	74.23391
1514	1221	74.22801
1514	1270	74.10648
1514	1240	72.69241
1514	1288	72.4734
1514	1214	72.16158
1514	2396	71.39283
1515	608	17.132132
1515	1265	16.885296
1515	318	16.599937
1515	1270	16.59593
1515	593	16.262995
1515	2918	16.244467
1515	110	16.154375
1515	1196	16.035301
1515	296	15.9242
1515	1	15.835263
1516	380	148.93736
1516	1377	138.42508
1516	1196	137.5779
1516	21	136.32417
1516	367	135.7622
1516	3253	133.86067
1516	1517	133.31
1516	1210	133.12721
1516	1500	131.99374
1516	1270	130.06439
1517	1213	39.185066
1517	1617	36.8498
1517	593	35.40515
1517	527	34.59924
1517	2997	32.64222
1517	1704	32.502777
1517	1358	31.806492
1517	2395	30.96958
1517	2289	30.94366
1517	858	30.932207
1518	2571	20.161102
1518	1240	20.046843
1518	1210	19.510347
1518	2916	19.39741
1518	589	19.18625
1518	1580	18.726593
1518	1200	18.71005
1518	1374	18.673283
1518	1214	18.32043
1518	480	18.210585
1519	2396	46.405983
1519	2959	45.988907
1519	2355	45.4428
1519	2700	45.39927
1519	1196	45.384872
1519	2571	44.79995
1519	2028	44.53794
1519	296	44.272564
1519	2987	44.221436
1519	593	44.07513
1520	1196	21.649374
1520	2571	21.575865
1520	1580	21.539515
1520	2028	21.424198
1520	457	20.390303
1520	2916	20.29936
1520	260	20.29126
1520	1210	19.970257
1520	1240	19.616154
1520	1198	19.510832
1521	1358	42.751392
1521	1704	42.715076
1521	1089	40.935825
1521	1094	38.857845
1521	1265	38.693565
1521	2289	37.60473
1521	2997	37.465122
1521	3418	37.45683
1521	1673	37.42233
1521	3006	36.735737
1522	1374	66.36795
1522	1580	61.88915
1522	2640	59.58318
1522	1198	56.968533
1522	2105	56.826103
1522	1356	56.48683
1522	1199	56.29342
1522	1527	56.19904
1522	1129	55.39635
1522	1584	54.520344
1523	1270	70.954956
1523	1394	70.19161
1523	1079	69.85102
1523	1265	68.20197
1523	2918	67.81811
1523	2174	66.74463
1523	2797	65.83309
1523	2000	65.70863
1523	1	64.74888
1523	608	64.21989
1524	1580	142.3464
1524	480	140.61514
1524	377	140.55528
1524	1265	138.26138
1524	1	137.39612
1524	1197	137.37209
1524	589	136.38693
1524	457	136.35793
1524	260	135.77534
1524	2916	133.99184
1525	111	45.54138
1525	908	44.75531
1525	296	43.9393
1525	1394	43.921375
1525	1294	43.84268
1525	1235	43.714012
1525	1247	43.708748
1525	1288	43.5535
1525	1265	43.24985
1525	2973	42.932594
1526	1225	19.462704
1526	608	19.333168
1526	858	19.161346
1526	923	19.133085
1526	2396	19.020857
1526	1617	18.36552
1526	1265	18.316484
1526	908	18.24575
1526	1193	18.177765
1526	527	18.1708
1527	608	40.556602
1527	1198	40.200577
1527	296	38.436398
1527	1617	38.419548
1527	1240	38.378235
1527	2028	38.270985
1527	2858	37.022522
1527	1200	36.993553
1527	589	36.90236
1527	1270	36.55649
1528	2683	51.43354
1528	2599	46.081112
1528	2762	45.251453
1528	2699	44.159767
1528	2605	41.52241
1528	2987	40.511158
1528	2395	40.05737
1528	2028	39.62427
1528	3175	39.52976
1528	1513	39.467453
1529	2916	27.450405
1529	1610	25.933262
1529	457	25.537594
1529	2571	25.488892
1529	648	25.462975
1529	589	25.38712
1529	1370	25.15375
1529	1552	25.130802
1529	377	24.885485
1529	1573	24.754507
1530	1580	282.65945
1530	1617	268.99017
1530	2028	267.8277
1530	858	263.7428
1530	2987	260.85437
1530	1307	251.4601
1530	1610	246.74167
1530	2762	243.21013
1530	21	242.84671
1530	1221	235.69357
1531	1580	19.23995
1531	480	19.034061
1531	2858	18.259531
1531	608	18.06488
1531	1196	17.687439
1531	2791	17.283884
1531	110	17.128311
1531	260	16.87575
1531	1617	16.597954
1531	1240	16.554485
1532	1617	96.80846
1532	50	96.11893
1532	2396	93.89857
1532	1500	92.495255
1532	2395	90.86539
1532	34	89.51683
1532	1641	89.25995
1532	1923	88.94181
1532	2762	88.79512
1532	1784	88.70194
1533	2706	40.997208
1533	2710	39.064583
1533	2355	37.056118
1533	223	35.5548
1533	2762	35.329662
1533	2881	35.314568
1533	785	34.958733
1533	1093	34.19381
1533	2707	33.37428
1533	2599	33.065308
1534	608	15.841456
1534	318	15.671636
1534	1225	14.456585
1534	296	14.338838
1534	1196	14.134006
1534	858	13.856381
1534	1617	13.844656
1534	1213	13.811153
1534	1704	13.613459
1534	1198	13.609143
1535	1080	20.036186
1535	1079	20.030825
1535	1394	19.612898
1535	1270	19.612463
1535	1234	19.482132
1535	2174	18.735945
1535	2791	18.512396
1535	2797	18.357878
1535	1288	18.300455
1535	1265	18.27153
1536	1270	30.173983
1536	1265	29.541552
1536	2028	28.53962
1536	318	28.09613
1536	260	27.996635
1536	2918	27.815523
1536	1197	27.538519
1536	593	27.465038
1536	1	27.37725
1536	2000	27.275658
1537	1580	24.345152
1537	1196	24.182365
1537	2571	23.871058
1537	2028	23.56188
1537	608	23.077053
1537	457	22.793997
1537	260	22.560917
1537	2916	22.419748
1537	1210	22.15671
1537	1240	22.15151
1538	1580	67.66753
1538	1196	67.45219
1538	2571	66.095726
1538	1265	64.28276
1538	1270	63.99379
1538	480	63.34432
1538	589	62.07479
1538	2916	61.915462
1538	1197	61.438015
1538	1198	61.331985
1539	1252	20.538708
1539	913	19.79539
1539	1219	19.129766
1539	904	19.007277
1539	858	18.821507
1539	912	18.345861
1539	1267	18.267086
1539	903	18.032187
1539	919	17.839209
1539	750	17.699251
1540	1270	68.59382
1540	1210	67.84062
1540	1214	66.84304
1540	2797	66.55755
1540	858	65.74076
1540	1259	65.736786
1540	2918	64.64175
1540	1222	64.55536
1540	1374	63.50164
1540	589	63.122143
1541	608	26.087652
1541	260	25.097158
1541	296	24.930803
1541	2571	24.881166
1541	1198	24.39087
1541	589	23.760695
1541	110	23.603558
1541	457	23.553112
1541	1213	23.335365
1541	50	23.238832
1542	380	192.00085
1542	1240	187.34595
1542	1370	186.49397
1542	648	183.00334
1542	3418	178.27303
1542	590	176.89351
1542	1200	176.5971
1542	1270	173.08275
1542	1197	173.02199
1542	1356	171.33444
1543	780	111.31781
1543	589	107.35403
1543	2353	103.49075
1543	165	99.92717
1543	1608	98.42679
1543	1676	95.92481
1543	2006	95.00232
1543	474	94.19116
1543	110	93.999344
1543	1597	93.01446
1544	1214	98.72873
1544	1270	97.124176
1544	1527	92.860054
1544	2628	92.4816
1544	1198	90.97954
1544	780	89.918884
1544	2028	88.79094
1544	1197	87.24394
1544	1036	86.030655
1544	2640	85.55168
1545	858	118.25961
1545	1580	111.48988
1545	1221	109.62636
1545	608	107.28905
1545	2028	106.60445
1545	592	106.18138
1545	1304	105.938255
1545	1136	104.09275
1545	1127	104.02627
1545	2987	102.94684
1546	1196	228.2294
1546	2571	223.32745
1546	1198	216.54608
1546	318	216.0622
1546	1036	214.68756
1546	1210	214.13979
1546	39	210.72224
1546	1291	210.49532
1546	2321	210.47147
1546	592	206.82288
1547	912	79.99224
1547	1196	79.82718
1547	858	79.74485
1547	1247	78.85228
1547	1617	78.20353
1547	1225	76.65811
1547	1136	76.38601
1547	919	76.355225
1547	1270	74.73703
1547	1294	74.35308
1548	2997	29.931078
1548	2716	28.335215
1548	223	28.029793
1548	2762	27.827305
1548	2959	27.504456
1548	2710	26.63655
1548	2355	26.461687
1548	2028	25.900127
1548	593	25.853941
1548	2395	25.573269
1549	608	15.041933
1549	1580	14.608498
1549	1196	14.599398
1549	1265	14.535946
1549	1197	14.32575
1549	1	14.250676
1549	318	14.217418
1549	2396	14.189011
1549	589	14.178031
1549	1259	14.116275
1550	296	25.729218
1550	1213	24.394753
1550	50	23.514475
1550	1704	23.49527
1550	2762	22.25237
1550	1265	22.02388
1550	2997	21.749296
1550	1358	21.494293
1550	858	20.96184
1550	1196	20.736496
1551	608	123.8126
1551	1196	104.45442
1551	318	104.12656
1551	1394	99.90321
1551	1193	98.889626
1551	1136	98.74016
1551	923	97.12991
1551	541	97.098
1551	1259	97.06012
1551	1265	97.03302
1552	1196	166.31163
1552	2762	164.00899
1552	39	158.90866
1552	1198	155.70807
1552	1358	155.32996
1552	2321	154.92628
1552	380	154.8206
1552	1197	153.19293
1552	1210	152.6915
1552	2268	152.6621
1553	1	30.304235
1553	588	29.690758
1553	2078	27.918537
1553	595	27.91471
1553	2716	26.761913
1553	919	26.397116
1553	2087	25.96112
1553	2355	25.957052
1553	2797	25.593063
1553	1197	25.548183
1554	593	22.508287
1554	296	21.658115
1554	50	21.562365
1554	318	21.347166
1554	1196	21.117798
1554	527	21.106237
1554	1213	20.649557
1554	858	20.629326
1554	2858	20.496256
1554	2028	20.24586
1555	2858	68.4858
1555	608	66.61837
1555	593	64.36781
1555	1617	63.322834
1555	296	62.97408
1555	2396	61.273464
1555	2997	60.662888
1555	260	60.60802
1555	2716	60.36241
1555	2762	59.72766
1556	1198	132.21095
1556	589	130.58229
1556	356	129.07968
1556	2396	126.69214
1556	110	126.13009
1556	2716	124.84555
1556	2174	124.339676
1556	34	123.543594
1556	608	122.86314
1556	2916	122.8001
1557	589	36.82421
1557	2571	36.793526
1557	1265	36.214256
1557	1196	35.911552
1557	1270	35.532047
1557	2174	35.127167
1557	1	34.924282
1557	2916	33.90391
1557	1210	33.5216
1557	260	33.45201
1558	589	23.09103
1558	1580	21.79919
1558	1240	21.631521
1558	1210	21.40638
1558	2916	20.780195
1558	2028	20.566475
1558	1200	20.517515
1558	1214	20.370527
1558	457	19.703
1558	1291	19.510372
1559	1196	32.30666
1559	1200	31.487082
1559	260	29.888758
1559	1214	29.515593
1559	589	29.226196
1559	608	28.89122
1559	32	28.873896
1559	1270	28.548876
1559	2571	28.271172
1559	2916	28.19905
1560	1240	108.50879
1560	589	106.67371
1560	480	105.46531
1560	1200	101.52554
1560	1127	101.0342
1560	2000	99.51619
1560	1610	99.086075
1560	2028	97.30911
1560	592	97.116455
1560	1214	95.08341
1561	1265	99.9573
1561	296	96.9197
1561	593	95.98125
1561	34	94.02288
1561	2997	92.970055
1561	1617	92.02566
1561	1	91.29697
1561	2291	89.89407
1561	1259	89.64659
1561	1094	89.4492
1562	1644	19.540792
1562	1645	19.082043
1562	70	18.639376
1562	1347	18.398726
1562	177	18.27759
1562	2107	18.186298
1562	2328	18.119555
1562	3264	18.031363
1562	879	18.021643
1562	382	17.823212
1563	2599	45.81353
1563	2762	44.220135
1563	2706	42.337288
1563	2987	40.917965
1563	2710	40.677856
1563	2700	39.995785
1563	785	38.852875
1563	1196	37.958794
1563	3081	37.799637
1563	2336	37.763123
1564	780	81.81636
1564	480	81.49939
1564	165	79.4859
1564	110	75.28692
1564	2058	74.64986
1564	1036	73.979965
1564	316	73.51223
1564	2278	72.92234
1564	1676	71.7284
1564	1240	71.2212
1565	39	32.67613
1565	2395	31.278284
1565	2321	31.20152
1565	608	29.90271
1565	3108	29.741707
1565	296	29.705967
1565	1923	29.525532
1565	235	28.972254
1565	2289	28.550333
1565	2108	28.146912
1566	2028	7.3492627
1566	589	6.7979083
1566	457	6.6168003
1566	2571	6.6055746
1566	1610	6.534747
1566	318	6.497117
1566	780	6.285188
1566	1704	6.220458
1566	1408	6.1978264
1566	1196	6.140894
1567	1196	74.39169
1567	2571	70.761086
1567	2985	68.14682
1567	750	67.94013
1567	1210	66.40793
1567	480	66.11897
1567	2640	65.03845
1567	2968	64.7234
1567	1198	64.69623
1567	2529	63.740353
1568	588	14.776432
1568	2396	14.127655
1568	1580	14.108366
1568	1196	13.910687
1568	593	13.541954
1568	2858	13.49391
1568	2028	13.475456
1568	39	13.436998
1568	608	13.4214945
1568	318	13.24455
1569	912	59.69853
1569	111	59.22806
1569	1945	58.674145
1569	1252	56.96183
1569	908	56.171494
1569	1104	55.93169
1569	1225	54.47234
1569	1230	53.47857
1569	1208	52.538116
1569	1250	52.104286
1570	608	47.044735
1570	593	42.63482
1570	908	41.931255
1570	50	41.90196
1570	111	41.171814
1570	1219	40.57658
1570	527	39.80653
1570	318	39.604305
1570	1247	39.565964
1570	1267	39.442787
1571	1079	108.27832
1571	2797	105.41335
1571	1394	105.36464
1571	2791	99.47322
1571	858	97.28398
1571	1265	97.24746
1571	1288	95.804054
1571	1213	95.541824
1571	3039	94.87859
1571	1225	94.72574
1572	2706	23.868307
1572	223	20.677208
1572	2707	20.521662
1572	2541	19.973665
1572	2433	19.94495
1572	2959	19.772196
1572	2355	19.361788
1572	2716	19.041227
1572	2762	18.995012
1572	2699	18.95096
1573	1196	5.9302597
1573	1198	5.902182
1573	110	5.8282537
1573	457	5.82191
1573	260	5.809357
1573	589	5.763467
1573	2571	5.7279034
1573	1036	5.706734
1573	480	5.603039
1573	1291	5.5891705
1574	2797	28.483139
1574	2716	27.974072
1574	2174	27.914083
1574	2100	27.662786
1574	1196	27.378166
1574	1580	27.37648
1574	2918	27.06072
1574	2003	26.781698
1574	1	26.447598
1574	1197	26.43022
1575	1196	49.44554
1575	1240	46.803406
1575	1200	45.04895
1575	1036	44.670784
1575	2571	42.79405
1575	1291	42.755276
1575	1210	42.719086
1575	1197	42.149086
1575	457	40.374996
1575	541	40.311005
1576	357	27.946205
1576	1307	26.983168
1576	39	25.15688
1576	1393	24.701208
1576	2671	24.612724
1576	1094	23.680344
1576	339	23.655857
1576	1183	23.417152
1576	2291	23.404764
1576	11	23.369555
1577	1196	75.680664
1577	1265	75.0668
1577	2028	73.80815
1577	2599	73.34901
1577	318	73.17112
1577	589	73.09172
1577	1617	72.50814
1577	1	71.74785
1577	1197	69.32458
1577	527	69.22533
1578	1210	37.712597
1578	1036	36.686863
1578	1291	35.86148
1578	2916	35.38643
1578	480	35.099625
1578	457	34.93142
1578	1580	34.509735
1578	1270	34.316353
1578	110	34.193813
1578	2000	33.174545
1579	1079	349.77667
1579	2406	336.3114
1579	1500	335.00098
1579	1358	328.8111
1579	2640	317.4197
1579	1573	312.90982
1579	1923	309.75485
1579	1732	305.68463
1579	2700	304.46643
1579	1304	304.14713
1580	260	24.276127
1580	1240	23.94022
1580	1196	23.879951
1580	541	23.507172
1580	1200	23.194485
1580	608	23.034462
1580	1252	22.758347
1580	1198	22.573723
1580	2571	22.418638
1580	589	22.392197
1581	1265	27.509035
1581	2396	26.214111
1581	2858	24.350138
1581	1641	24.203604
1581	2321	23.851595
1581	318	23.495966
1581	39	23.294033
1581	608	23.163836
1581	296	22.959732
1581	1704	22.621212
1582	380	12.953868
1582	480	12.612816
1582	648	12.268398
1582	1265	12.219318
1582	377	12.174418
1582	2028	12.171424
1582	356	12.050116
1582	1580	11.882288
1582	589	11.809073
1582	733	11.722933
1583	2858	24.872921
1583	223	24.77659
1583	2712	24.576021
1583	2706	24.25544
1583	2599	24.205317
1583	2997	23.862555
1583	2716	23.234547
1583	2770	23.158323
1583	2355	22.803799
1583	1093	22.761538
1584	2396	228.6346
1584	3418	221.15154
1584	1500	218.47044
1584	34	218.42589
1584	2716	217.19894
1584	2291	215.11412
1584	235	213.54636
1584	2797	212.76572
1584	2918	212.68645
1584	1704	212.0198
1585	2028	78.9471
1585	1704	76.18927
1585	21	75.44563
1585	50	75.43476
1585	527	75.24458
1585	377	74.41991
1585	1	73.203415
1585	2571	72.563515
1585	589	72.11175
1585	1500	71.85144
1586	1265	264.10886
1586	1220	255.97899
1586	2406	251.33705
1586	1200	251.12497
1586	1097	249.408
1586	608	245.85919
1586	2716	245.48688
1586	457	243.9021
1586	2918	243.18124
1586	541	239.02362
1587	318	242.09564
1587	1500	232.6174
1587	593	230.41867
1587	1641	227.90001
1587	527	226.09698
1587	1617	218.9712
1587	3255	218.55765
1587	3108	217.72522
1587	3039	216.81642
1587	235	215.59578
1588	1079	31.339628
1588	1394	31.335169
1588	2716	30.937923
1588	608	30.35208
1588	34	30.236368
1588	2791	29.53292
1588	1307	29.406973
1588	2918	29.354864
1588	2174	29.258524
1588	1234	29.236267
1589	1200	84.308556
1589	1580	76.83082
1589	2985	76.35431
1589	1376	72.965195
1589	1097	71.64238
1589	1198	69.6165
1589	2105	69.12785
1589	1527	69.0948
1589	1197	66.76772
1589	2628	66.52187
1590	1225	25.42982
1590	608	24.520332
1590	1231	24.49371
1590	1259	24.306646
1590	858	23.992039
1590	1674	23.778193
1590	1307	23.433104
1590	1079	23.314936
1590	1090	23.253515
1590	1097	22.777142
1591	1198	208.47292
1591	1265	204.17937
1591	1036	201.21202
1591	1222	199.52986
1591	1240	199.06769
1591	858	196.46231
1591	592	194.91658
1591	296	194.79503
1591	1291	192.2727
1591	1294	190.89583
1592	1198	176.78162
1592	858	167.22034
1592	1136	163.8798
1592	1259	161.99658
1592	296	159.90462
1592	2716	159.31862
1592	2916	158.21274
1592	1294	157.06088
1592	1394	156.4766
1592	2791	154.828
1593	608	99.44363
1593	1196	92.65826
1593	1265	88.54725
1593	260	88.14514
1593	457	87.87912
1593	2716	87.732834
1593	1198	86.20371
1593	527	85.73332
1593	1200	85.48663
1593	1240	85.31185
1594	1294	86.36495
1594	919	84.44634
1594	1234	81.83105
1594	2396	80.26493
1594	1270	78.36817
1594	858	78.18271
1594	34	78.12816
1594	1259	76.74504
1594	908	76.50516
1594	608	76.42175
1595	608	81.20901
1595	1200	76.83351
1595	858	76.8215
1595	1210	75.78357
1595	1617	75.76133
1595	1097	75.5059
1595	1214	75.11249
1595	2571	73.772804
1595	296	73.427475
1595	593	72.93964
1596	2858	12.433108
1596	2716	11.994752
1596	2762	11.549967
1596	2028	11.407435
1596	2959	11.385894
1596	223	11.337349
1596	1127	11.242624
1596	1196	11.182235
1596	2706	11.176459
1596	2997	11.172911
1597	1196	115.18614
1597	2571	110.61564
1597	608	110.11048
1597	296	109.98437
1597	2997	109.47285
1597	260	107.32623
1597	2716	105.973976
1597	1240	105.56364
1597	1617	105.05086
1597	1197	104.77519
1598	2455	121.99238
1598	780	114.1502
1598	2641	110.84673
1598	1198	110.80441
1598	329	109.34512
1598	316	109.162384
1598	1676	109.0936
1598	1371	106.48107
1598	1197	106.19752
1598	2528	105.44064
1599	1197	253.69856
1599	457	243.75545
1599	110	240.52298
1599	1259	239.59145
1599	780	231.96655
1599	32	225.15572
1599	2858	224.50418
1599	318	223.9767
1599	1079	223.40292
1599	590	222.70738
1600	1197	213.88617
1600	2797	210.03839
1600	592	208.93613
1600	2916	205.43071
1600	457	205.01344
1600	2918	204.25102
1600	1	199.64131
1600	2028	199.60439
1600	1259	196.98102
1600	1200	196.66576
1601	1580	138.30933
1601	480	136.96509
1601	457	135.934
1601	2028	132.65079
1601	1610	128.14514
1601	377	126.46205
1601	780	123.25091
1601	1573	123.066605
1601	260	121.71142
1601	1198	121.63228
1602	2028	71.29234
1602	2571	69.572105
1602	260	68.197075
1602	608	67.49413
1602	1265	66.77841
1602	296	66.71729
1602	2712	66.71716
1602	318	66.158615
1602	3175	65.391396
1602	589	65.209625
1603	608	39.117546
1603	296	38.46868
1603	318	37.750973
1603	593	37.69402
1603	1265	37.648224
1603	2396	37.635483
1603	2997	36.27275
1603	527	35.46907
1603	2028	34.7411
1603	1213	34.413403
1604	296	22.658031
1604	318	21.709772
1604	593	20.879265
1604	2858	20.64352
1604	1617	20.121126
1604	1704	19.901146
1604	50	19.714098
1604	1358	18.544926
1604	1196	18.470098
1604	36	18.184336
1605	1265	298.89737
1605	3255	288.6974
1605	1784	279.96408
1605	587	271.56125
1605	1777	263.1978
1605	367	261.13794
1605	1197	252.74203
1605	648	246.06146
1605	339	244.3882
1605	2302	243.8084
1606	1196	119.65935
1606	1210	117.97324
1606	1240	116.53363
1606	457	111.62854
1606	380	110.3375
1606	1610	110.30329
1606	2028	109.925354
1606	1200	109.83075
1606	2987	109.71337
1606	377	109.387184
1607	608	126.70688
1607	858	117.01293
1607	1617	114.576866
1607	593	112.49919
1607	111	112.42602
1607	527	110.17828
1607	1247	106.89011
1607	1193	106.56484
1607	50	104.81732
1607	2762	103.75697
1608	2762	35.868717
1608	1513	32.93316
1608	2502	32.826954
1608	2395	32.722115
1608	3081	32.54967
1608	2396	32.51564
1608	2987	31.552343
1608	2700	31.544418
1608	3176	31.437248
1608	2723	30.370893
1609	1265	180.58487
1609	1196	163.1796
1609	1270	162.83612
1609	356	161.61053
1609	2797	161.30846
1609	2918	160.54759
1609	593	159.81416
1609	1197	159.30798
1609	1307	158.37915
1609	39	157.59654
1610	296	21.340298
1610	2858	21.292093
1610	589	19.969595
1610	1213	19.891714
1610	318	19.147564
1610	2762	19.043966
1610	2571	18.876682
1610	1196	18.556276
1610	2997	18.435434
1610	480	18.40397
1611	2916	256.75104
1611	1291	254.86906
1611	2716	253.71037
1611	1270	250.62758
1611	457	248.4448
1611	2640	238.43152
1611	2174	232.67435
1611	1259	228.7936
1611	1265	226.74854
1611	2406	224.97133
1612	1201	9.532416
1612	1304	9.278232
1612	2921	9.1021
1612	1209	8.772743
1612	2401	8.705985
1612	553	8.597867
1612	1208	8.576741
1612	1294	8.539603
1612	858	8.467539
1612	2922	8.463483
1613	733	319.6921
1613	110	315.8723
1613	1370	309.02005
1613	1517	290.68982
1613	590	286.64856
1613	1196	285.0813
1613	1641	281.92407
1613	2890	277.20868
1613	1210	275.3557
1613	1197	271.27826
1614	480	35.318794
1614	589	33.751827
1614	2571	33.53195
1614	380	33.16281
1614	1527	32.83139
1614	316	31.85071
1614	1676	31.395641
1614	780	31.285988
1614	1196	30.964315
1614	377	30.9047
1615	904	2.7116745
1615	903	2.6779604
1615	923	2.591043
1615	608	2.5451028
1615	912	2.5428998
1615	1219	2.500915
1615	1247	2.4923549
1615	111	2.4638124
1615	1225	2.45531
1615	1252	2.452299
1616	480	155.31242
1616	1291	149.42455
1616	1270	149.06894
1616	380	148.71245
1616	592	145.60732
1616	2716	141.14354
1616	733	141.13495
1616	296	136.52632
1616	1573	135.09969
1616	2987	134.02702
1617	1374	126.800285
1617	2028	120.28583
1617	1198	120.194595
1617	329	119.99984
1617	1376	119.17143
1617	457	117.228485
1617	1291	116.831024
1617	1653	115.05243
1617	1036	114.77159
1617	1610	114.0183
1618	1136	57.85503
1618	1394	53.661163
1618	1294	52.59527
1618	1230	52.374763
1618	2918	50.864666
1618	1080	50.52244
1618	1288	50.42265
1618	910	49.97069
1618	2289	49.76924
1618	2858	49.706364
1619	919	21.831362
1619	608	21.105955
1619	908	20.730827
1619	1221	20.565136
1619	924	20.209017
1619	111	20.186747
1619	1252	19.984673
1619	1084	19.909706
1619	527	19.88373
1619	1208	19.864235
1620	1196	27.041483
1620	593	26.987175
1620	1221	25.964642
1620	527	25.55404
1620	318	25.481215
1620	260	25.460096
1620	1198	25.4388
1620	2028	25.161129
1620	2858	24.60649
1620	457	24.422915
1621	1580	5.6839523
1621	480	5.568315
1621	2571	5.19722
1621	589	5.1949396
1621	1196	5.1287856
1621	2916	5.096796
1621	1270	4.9798017
1621	2028	4.971516
1621	780	4.8678308
1621	110	4.85946
1622	260	24.822945
1622	608	24.569735
1622	1198	23.924286
1622	593	23.76655
1622	858	23.578037
1622	318	23.333101
1622	1617	23.326265
1622	296	23.325336
1622	2858	23.299437
1622	1240	22.836588
1623	1270	60.19609
1623	1198	57.005276
1623	1210	56.1443
1623	858	55.293083
1623	1197	55.140247
1623	1136	55.101357
1623	2571	54.873478
1623	1097	54.609398
1623	1580	53.71532
1623	608	53.5545
1624	329	161.58084
1624	110	160.90894
1624	1370	156.44698
1624	1097	155.57062
1624	1584	151.35382
1624	2115	150.52936
1624	1544	150.4913
1624	2987	150.12262
1624	648	148.24557
1624	1876	144.93867
1625	2599	9.9960985
1625	223	9.875132
1625	2396	9.474849
1625	919	9.258065
1625	2683	9.213253
1625	608	9.147492
1625	1196	9.141211
1625	2959	8.979967
1625	1265	8.894402
1625	296	8.760932
1626	50	98.44614
1626	32	97.41244
1626	1089	96.63427
1626	1617	96.17541
1626	2762	95.70478
1626	2959	94.37661
1626	2571	93.66941
1626	2997	93.61258
1626	589	92.824936
1626	1196	91.75316
1627	589	13.305593
1627	480	12.877834
1627	2571	11.740165
1627	2028	11.402481
1627	1580	11.062131
1627	1196	11.021466
1627	70	10.912243
1627	260	10.8151865
1627	1240	10.685616
1627	2916	10.488973
1628	2762	249.21062
1628	2000	247.75235
1628	1500	245.35649
1628	2716	239.12123
1628	2987	235.03964
1628	1394	234.65509
1628	356	234.17236
1628	47	233.08443
1628	590	231.6046
1628	1220	230.6997
1629	2571	53.155434
1629	1240	51.05389
1629	260	49.51188
1629	1610	48.98846
1629	1198	48.816143
1629	377	46.29252
1629	2000	45.2603
1629	592	44.863396
1629	733	44.803207
1629	1370	44.347134
1630	1676	45.965282
1630	457	45.21182
1630	377	45.021206
1630	1240	44.661644
1630	648	44.193417
1630	1391	44.164467
1630	733	44.104374
1630	329	43.81112
1630	1917	43.799282
1630	1200	43.43106
1631	1079	128.91667
1631	2797	126.71853
1631	1	124.560295
1631	1197	121.44699
1631	1136	121.40933
1631	3361	119.62939
1631	2174	119.21636
1631	39	116.4442
1631	1394	115.98592
1631	3421	113.83103
1632	1617	281.65768
1632	2918	275.15585
1632	1307	267.71454
1632	50	258.13193
1632	1230	254.1545
1632	1219	247.11098
1632	1252	246.78156
1632	2100	242.32713
1632	1527	236.04987
1632	2762	235.6874
1633	1580	18.707031
1633	589	18.05161
1633	608	17.658092
1633	1196	17.291931
1633	2791	16.9927
1633	593	16.644659
1633	1197	16.605549
1633	1265	16.387936
1633	260	16.306753
1633	1270	15.953419
1634	356	61.59022
1634	380	60.32365
1634	597	60.23036
1634	2571	59.584587
1634	2916	58.93566
1634	588	58.66924
1634	367	58.47723
1634	587	58.220177
1634	1270	58.16536
1634	589	58.0906
1635	1676	369.21844
1635	21	354.6772
1635	2918	342.5768
1635	2011	342.03772
1635	1584	337.73358
1635	2001	333.13852
1635	3175	331.8
1635	2699	327.5148
1635	3256	322.04385
1635	1909	317.75363
1636	2762	71.760635
1636	2716	68.41445
1636	296	67.94568
1636	593	66.803665
1636	2395	66.74057
1636	2396	65.26062
1636	1196	64.82141
1636	1617	63.872906
1636	50	63.516632
1636	3175	61.734135
1637	1196	49.480263
1637	260	49.461823
1637	1240	48.934338
1637	1527	48.10701
1637	780	47.59032
1637	1270	47.46867
1637	1210	47.025284
1637	1200	46.8858
1637	1127	45.84319
1637	32	45.54723
1638	1617	17.253746
1638	296	17.178913
1638	608	17.104498
1638	2858	17.009005
1638	1196	16.0614
1638	1213	15.885684
1638	593	15.850969
1638	2997	15.557766
1638	50	15.423219
1638	260	15.280915
1639	457	289.87637
1639	2916	282.85977
1639	1610	270.16693
1639	527	258.2583
1639	1270	257.11404
1639	592	255.45958
1639	1197	253.38872
1639	1291	253.02046
1639	858	251.76712
1639	21	251.08
1640	780	70.02133
1640	648	69.949814
1640	1527	69.6616
1640	1210	69.35484
1640	1552	68.74171
1640	1196	68.29257
1640	2763	68.04053
1640	1240	67.821106
1640	1036	67.428696
1640	2355	67.14631
1641	1676	96.098785
1641	1917	92.79437
1641	1591	84.391365
1641	2094	80.84009
1641	1127	79.35003
1641	2985	78.85575
1641	1240	78.59609
1641	1200	77.733536
1641	1374	77.26724
1641	733	77.092865
1642	1294	44.03297
1642	1304	42.022175
1642	1214	41.249958
1642	1247	41.10053
1642	919	40.972115
1642	1278	40.58127
1642	1196	40.557434
1642	608	40.221104
1642	3421	40.15806
1642	924	39.94821
1643	1196	159.37227
1643	296	152.52531
1643	260	152.17422
1643	1213	148.96118
1643	2028	146.82404
1643	480	142.6801
1643	1580	139.03662
1643	2858	138.10846
1643	1210	138.02412
1643	110	137.98743
1644	2858	21.8884
1644	2355	20.727455
1644	223	20.72725
1644	1196	20.068237
1644	2762	20.014744
1644	2987	19.965183
1644	2997	19.797943
1644	2959	19.650797
1644	2770	19.608389
1644	2571	19.33986
1645	3087	203.55855
1645	1307	194.22382
1645	1517	191.45045
1645	1220	189.73854
1645	1079	189.24655
1645	3210	188.11938
1645	1	187.52554
1645	2407	186.12999
1645	1777	183.1606
1645	2915	183.15436
1646	1196	14.365159
1646	589	14.042632
1646	1221	13.6659155
1646	2571	13.62941
1646	260	13.600552
1646	608	13.558739
1646	2858	13.557542
1646	1198	13.510836
1646	318	13.474206
1646	480	13.469357
1647	1198	346.44208
1647	1291	340.15744
1647	1036	329.91278
1647	457	321.98434
1647	1610	313.00308
1647	2115	301.24295
1647	32	301.17734
1647	1396	294.716
1647	1222	289.78082
1647	2968	285.4067
1648	608	86.65375
1648	1394	83.377335
1648	1234	83.05326
1648	1304	82.727234
1648	923	82.0105
1648	1278	81.81828
1648	260	81.81583
1648	1198	81.3354
1648	1259	81.14604
1648	1221	80.774254
1649	1240	47.406624
1649	1200	46.689976
1649	1214	46.387947
1649	1210	45.871395
1649	1270	45.24198
1649	2916	44.46668
1649	1580	44.043224
1649	1374	43.90528
1649	480	42.749535
1649	2985	42.61447
1650	296	126.4196
1650	457	121.83513
1650	2987	119.83747
1650	50	119.61824
1650	110	117.21335
1650	1036	116.65632
1650	2762	115.77794
1650	1259	114.93409
1650	1291	114.17522
1650	1387	113.78094
1651	1196	22.632748
1651	589	21.871183
1651	480	21.072906
1651	110	21.045948
1651	1240	20.794418
1651	1214	20.40965
1651	2916	20.38034
1651	2571	20.333385
1651	1210	20.224356
1651	1198	19.63744
1652	1580	19.088177
1652	608	18.06392
1652	2028	17.417398
1652	2291	17.395678
1652	2571	17.387062
1652	318	16.788927
1652	1265	16.751373
1652	296	16.73502
1652	457	16.690441
1652	1197	16.525936
1653	608	14.174955
1653	296	13.799694
1653	2599	13.588995
1653	2396	13.524544
1653	2716	13.515601
1653	1265	13.505861
1653	223	13.236692
1653	593	13.175133
1653	2028	13.04278
1653	1196	13.041297
1654	858	27.056866
1654	608	26.120338
1654	111	25.912315
1654	1252	25.867802
1654	1247	25.204412
1654	1213	25.134647
1654	1221	24.990097
1654	923	24.918325
1654	1617	24.871374
1654	1225	24.685972
1655	2916	121.698906
1655	1610	117.295815
1655	780	115.76487
1655	1198	113.861336
1655	1573	112.92924
1655	1240	112.23202
1655	1036	110.423836
1655	2000	108.9056
1655	356	108.686554
1655	592	108.60391
1656	589	9.56286
1656	2571	9.463336
1656	2916	9.163483
1656	1580	9.149406
1656	1196	9.117146
1656	260	8.751862
1656	1210	8.515375
1656	1200	8.402661
1656	1127	8.338709
1656	457	8.319222
1657	2396	28.810102
1657	364	28.776613
1657	1197	28.319113
1657	2081	28.05803
1657	1265	27.905533
1657	1196	27.343699
1657	260	27.104538
1657	2080	27.103516
1657	1028	26.929636
1657	1198	26.448074
1658	1580	169.96587
1658	2858	153.4908
1658	1527	152.87108
1658	2997	152.40369
1658	457	151.11324
1658	1	150.41841
1658	1500	148.52132
1658	1732	148.218
1658	780	148.1077
1658	2028	147.39374
1659	2571	22.443907
1659	2916	21.803907
1659	1196	21.696007
1659	780	21.257288
1659	2628	20.815557
1659	1240	20.694944
1659	1210	20.65237
1659	260	20.60537
1659	1270	20.575182
1659	648	20.448135
1660	1213	35.641094
1660	1704	33.79725
1660	50	32.749943
1660	2289	32.45399
1660	1617	32.385628
1660	1358	31.239868
1660	1094	31.0894
1660	2997	30.794905
1660	800	29.584272
1660	25	29.245884
1661	296	22.81151
1661	593	22.236898
1661	1213	21.712582
1661	527	21.540491
1661	50	21.480362
1661	1617	21.21586
1661	2858	20.838978
1661	1704	20.45609
1661	1358	19.782663
1661	1265	19.719126
1662	608	15.136696
1662	480	14.962973
1662	1265	14.841313
1662	1196	14.7662945
1662	2571	14.71201
1662	457	14.672377
1662	110	14.543669
1662	593	14.406027
1662	1617	14.360151
1662	2028	14.090198
1663	1213	43.258602
1663	1196	42.262997
1663	1617	41.924202
1663	589	41.615963
1663	50	41.061726
1663	1265	41.051807
1663	480	40.81382
1663	2571	40.755642
1663	457	40.69588
1663	2762	40.36369
1664	1265	13.262452
1664	356	12.424253
1664	1196	12.415847
1664	318	12.3257
1664	588	12.274938
1664	1197	11.968856
1664	1270	11.890797
1664	2028	11.867484
1664	527	11.787327
1664	260	11.651945
1665	2640	48.226273
1665	2985	47.989174
1665	2916	47.712997
1665	1580	45.85616
1665	2968	45.848705
1665	480	45.815975
1665	1127	45.402855
1665	1198	45.330715
1665	32	45.011013
1665	1375	43.637203
1666	296	183.14415
1666	457	182.32722
1666	2268	181.88419
1666	318	180.03455
1666	1784	178.05618
1666	356	177.56766
1666	593	174.2763
1666	608	173.64525
1666	39	172.99913
1666	1500	170.02646
1667	589	206.68106
1667	480	200.37602
1667	2571	199.96382
1667	1580	195.7524
1667	1220	186.41286
1667	541	180.38342
1667	2640	180.25095
1667	593	180.15862
1667	733	176.77464
1667	349	170.85434
1668	1617	26.898766
1668	296	26.704224
1668	2028	26.638716
1668	1213	26.390436
1668	260	26.189234
1668	1198	26.097256
1668	2858	25.581596
1668	1221	25.54911
1668	1193	24.231731
1668	1225	24.098444
1669	1265	23.684992
1669	608	22.564772
1669	2599	22.370289
1669	39	21.644464
1669	34	21.343903
1669	296	21.33611
1669	1617	21.242619
1669	2395	20.980467
1669	318	20.862595
1669	593	20.620262
1670	593	51.794548
1670	1213	48.50236
1670	2028	47.965942
1670	1393	47.830135
1670	1265	47.13389
1670	1617	47.006226
1670	2291	46.820187
1670	2396	46.345245
1670	3418	45.893173
1670	2268	45.352394
1671	260	265.43353
1671	1079	257.84482
1671	1247	257.83887
1671	1198	252.5327
1671	923	250.49652
1671	1240	243.481
1671	1307	242.73582
1671	2797	242.0136
1671	593	237.7517
1671	1193	234.83455
1672	1200	42.033855
1672	1210	42.000694
1672	2916	40.813747
1672	480	40.324726
1672	1580	39.028114
1672	1610	38.77914
1672	1197	38.39385
1672	2000	38.227264
1672	1374	37.545937
1672	592	37.326572
1673	2916	69.046616
1673	480	68.51896
1673	2571	67.60175
1673	329	67.16948
1673	1240	66.86755
1673	2011	66.81349
1673	1372	66.6852
1673	1527	66.64638
1673	2640	66.397385
1673	260	66.262405
1674	1270	15.056067
1674	2997	14.762114
1674	608	14.687029
1674	1641	14.645496
1674	296	14.296516
1674	1196	14.133608
1674	318	14.115271
1674	1580	14.1076355
1674	593	14.028803
1674	1197	13.839106
1675	1374	255.90489
1675	2916	251.38235
1675	1527	237.03392
1675	1584	210.71199
1675	1994	210.42616
1675	1748	205.98386
1675	592	204.68704
1675	2986	199.9264
1675	1036	197.99962
1675	1206	197.75224
1676	1374	345.01007
1676	2699	334.11652
1676	380	331.20084
1676	1376	331.0781
1676	2640	330.9382
1676	1610	327.28427
1676	110	325.87283
1676	2115	325.18964
1676	1377	320.86862
1676	1370	317.8572
1677	2716	23.201977
1677	2858	22.918049
1677	2694	22.103716
1677	2699	21.932758
1677	2770	21.718327
1677	2710	21.71712
1677	2762	21.589771
1677	2959	20.846642
1677	785	20.61566
1677	2490	20.063917
1678	2916	62.725487
1678	1240	59.11825
1678	32	58.483566
1678	2028	57.438858
1678	457	57.211597
1678	1200	57.16781
1678	780	56.67383
1678	1573	56.25787
1678	1214	55.741
1678	1270	55.362053
1679	2762	49.75959
1679	2987	45.968594
1679	2502	45.648563
1679	2571	45.21273
1679	2707	44.601025
1679	3081	44.432384
1679	1093	44.410583
1679	2700	44.107826
1679	2433	43.216934
1679	1196	43.171658
1680	1265	527.85077
1680	608	508.70074
1680	1307	482.5614
1680	589	467.3753
1680	2916	463.80356
1680	480	463.52652
1680	1213	460.56808
1680	1291	455.32135
1680	318	454.27057
1680	1222	435.65414
1681	1198	93.5754
1681	2918	92.90525
1681	1240	91.52581
1681	1394	90.25558
1681	1200	90.05903
1681	1079	89.65161
1681	260	87.8447
1681	1222	87.71725
1681	1291	87.64862
1681	592	86.43673
1682	1214	24.521095
1682	1240	23.662067
1682	608	23.455914
1682	1210	23.013672
1682	2028	22.75283
1682	1200	22.66732
1682	1036	22.531448
1682	1270	22.25466
1682	2571	22.239874
1682	541	22.23526
1683	2797	112.72701
1683	1079	108.52439
1683	2918	107.60519
1683	2352	105.081795
1683	1097	99.67599
1683	3039	99.63378
1683	3361	99.32544
1683	2716	98.75812
1683	1220	96.88338
1683	1663	95.65983
1684	1265	44.052498
1684	608	39.944027
1684	1580	39.506226
1684	318	39.2268
1684	296	38.939056
1684	1196	38.29311
1684	2571	37.69098
1684	1270	37.40903
1684	1617	37.384514
1684	2321	37.324524
1685	1394	201.8435
1685	1288	188.86996
1685	924	188.0308
1685	1617	187.56819
1685	1304	185.70686
1685	541	183.5055
1685	1270	182.71703
1685	1084	181.11255
1685	1231	181.06087
1685	2243	180.9411
1686	1580	14.978491
1686	2571	14.648822
1686	1196	14.384585
1686	1265	14.32803
1686	608	14.051809
1686	110	13.969493
1686	457	13.904737
1686	260	13.811666
1686	2028	13.771917
1686	1240	13.723572
1687	3253	154.15602
1687	1517	151.68582
1687	1265	147.48526
1687	3255	144.86368
1687	231	144.81537
1687	586	139.27818
1687	356	135.46648
1687	543	134.78577
1687	1500	134.06633
1687	2539	131.90462
1688	2858	71.81775
1688	2355	68.99671
1688	2571	68.59559
1688	1580	64.22898
1688	1265	62.180897
1688	32	61.012585
1688	1196	60.59535
1688	589	60.45761
1688	2699	59.59224
1688	1210	58.42046
1689	780	94.51562
1689	1240	94.14483
1689	2571	93.31323
1689	1356	92.81236
1689	589	92.09364
1689	2640	91.61161
1689	2985	91.39538
1689	1200	90.47008
1689	1527	89.84748
1689	2641	88.18513
1690	608	84.72165
1690	593	81.329575
1690	1704	81.32325
1690	2396	79.92065
1690	2028	79.07321
1690	1	78.76339
1690	1213	77.709
1690	527	77.42565
1690	2762	76.89891
1690	1923	75.8387
1691	260	34.668056
1691	1291	34.578037
1691	1214	31.88633
1691	1374	31.51059
1691	589	30.612686
1691	2406	30.572006
1691	2985	30.379547
1691	1387	29.922071
1691	2571	29.841684
1691	2640	29.530716
1692	608	146.0866
1692	1252	140.88249
1692	912	139.67972
1692	1193	133.0288
1692	1136	130.43001
1692	1230	129.72458
1692	904	129.64975
1692	527	126.928
1692	296	125.74294
1692	1207	125.51752
1693	1196	181.60208
1693	919	180.87073
1693	1219	175.89322
1693	1198	174.20952
1693	1225	172.2924
1693	924	171.84045
1693	541	170.8007
1693	1193	169.4108
1693	1213	166.19951
1693	593	166.14886
1694	1240	231.82701
1694	1200	221.10545
1694	2028	219.83617
1694	1270	219.4682
1694	1036	219.11726
1694	110	215.34473
1694	32	213.67793
1694	1214	213.305
1694	296	213.07196
1694	1527	212.9302
1695	2985	141.18279
1695	1356	136.02231
1695	1375	127.788574
1695	1372	127.31592
1695	2529	126.702255
1695	329	125.76651
1695	1198	123.34292
1695	1573	123.228966
1695	1129	122.13472
1695	2641	120.82702
1696	1580	212.88567
1696	1200	204.24599
1696	1573	200.40697
1696	1527	193.91539
1696	2115	192.53188
1696	10	191.79117
1696	316	189.52191
1696	2406	188.97974
1696	2628	187.55658
1696	1222	187.05907
1697	2028	208.68666
1697	527	206.55983
1697	1580	205.45003
1697	1259	202.88025
1697	2797	201.09317
1697	480	200.45943
1697	2918	199.8792
1697	589	198.47542
1697	2716	198.23409
1697	50	197.37813
1698	1200	415.5653
1698	1	399.57654
1698	527	381.80295
1698	1259	381.09827
1698	2791	356.87015
1698	1127	354.15134
1698	2918	348.1573
1698	1247	345.8747
1698	1193	345.517
1698	1307	336.8153
1699	1294	190.95494
1699	1247	184.2089
1699	2300	183.63844
1699	1234	176.10971
1699	1307	174.90677
1699	608	173.39804
1699	904	171.07672
1699	1197	170.18741
1699	1235	168.73177
1699	903	168.14288
1700	1196	14.375799
1700	589	13.108508
1700	1580	13.051982
1700	260	13.048025
1700	2571	12.926131
1700	480	12.798171
1700	2028	12.546761
1700	1	12.3585615
1700	2916	12.352194
1700	110	12.315177
1701	2028	213.45593
1701	1198	213.1303
1701	260	211.69272
1701	1	210.11395
1701	2716	208.59149
1701	1270	205.65416
1701	34	205.6402
1701	1210	202.69624
1701	1259	201.51398
1701	1097	199.16904
1702	2858	60.39442
1702	1580	58.713047
1702	480	56.480385
1702	1210	56.286854
1702	2699	56.106884
1702	1127	55.292156
1702	223	54.83359
1702	2396	54.797455
1702	2997	54.06836
1702	1198	53.864227
1703	1196	30.341469
1703	2571	29.210863
1703	1240	28.596468
1703	1200	27.109219
1703	480	27.056372
1703	1210	26.79598
1703	1580	26.731739
1703	2916	26.606564
1703	1291	25.056292
1703	457	25.05421
1704	1580	24.394678
1704	1517	23.1778
1704	480	22.177301
1704	1196	22.125477
1704	2571	21.855322
1704	2012	21.680122
1704	1265	21.66194
1704	380	21.627413
1704	1391	21.571787
1704	1573	21.390266
1705	1265	42.59057
1705	1580	40.603897
1705	2716	39.04169
1705	2396	38.81416
1705	356	38.757668
1705	588	38.438408
1705	457	38.371346
1705	2355	38.128727
1705	589	37.8062
1705	380	37.345505
1706	608	100.83306
1706	2300	100.726845
1706	1265	97.46295
1706	1256	95.65379
1706	908	95.029465
1706	919	94.147354
1706	858	94.05776
1706	912	93.8885
1706	2791	92.647095
1706	2064	92.422264
1707	2028	67.38702
1707	1265	66.63871
1707	2396	65.449234
1707	2997	64.82119
1707	1094	64.185974
1707	457	62.831326
1707	34	62.721428
1707	3418	62.248947
1707	858	62.222687
1707	1196	62.021255
1708	2716	17.173454
1708	1196	17.006247
1708	2571	16.676794
1708	589	16.171375
1708	1580	16.053522
1708	223	15.950062
1708	260	15.928549
1708	2028	15.858616
1708	2762	15.746308
1708	480	15.698262
1709	2918	120.73355
1709	2797	120.09138
1709	2174	116.84789
1709	1265	115.02456
1709	2791	112.253746
1709	1307	111.10722
1709	1197	107.26609
1709	2321	107.049194
1709	1259	105.62128
1709	2081	104.686264
1710	2997	48.3757
1710	1	46.70416
1710	2571	46.230064
1710	1196	44.500492
1710	1265	44.32943
1710	2028	44.187443
1710	1580	44.17649
1710	589	43.803375
1710	296	43.564957
1710	3175	42.94685
1711	2289	12.092948
1711	608	11.717512
1711	296	11.173022
1711	1094	11.127637
1711	25	10.150068
1711	1885	10.135701
1711	1704	10.131504
1711	1635	10.073303
1711	2396	9.98353
1711	111	9.976776
1712	1079	249.75815
1712	2797	244.03485
1712	2804	240.07906
1712	32	236.12245
1712	1291	235.79684
1712	1358	233.7075
1712	21	231.66948
1712	2194	230.17499
1712	2291	229.38248
1712	2987	229.22728
1713	2797	7.495531
1713	2918	7.4467316
1713	2000	7.383673
1713	1270	6.8278403
1713	1197	6.7261105
1713	1079	6.705832
1713	1259	6.6853833
1713	1265	6.680952
1713	2716	6.6710696
1713	1580	6.5482745
1714	480	143.43062
1714	21	134.17441
1714	1197	134.01688
1714	1391	129.31064
1714	2321	127.97122
1714	457	127.48327
1714	356	127.3884
1714	1240	127.31816
1714	377	124.69776
1714	1573	124.14988
1715	1580	9.133267
1715	2571	8.951143
1715	480	8.94277
1715	457	8.836496
1715	733	8.822981
1715	589	8.80761
1715	110	8.766992
1715	1610	8.423719
1715	1	8.385592
1715	380	8.382722
1716	589	102.32718
1716	457	101.88078
1716	296	101.53206
1716	377	98.64478
1716	2916	98.04672
1716	1196	96.62376
1716	1393	95.23446
1716	39	93.65121
1716	1197	92.50557
1716	1784	92.33198
1717	1617	217.4126
1717	1221	212.3028
1717	919	210.62383
1717	111	209.06789
1717	1208	206.87758
1717	908	206.36453
1717	1294	205.60823
1717	1278	203.06047
1717	1304	198.39294
1717	2987	197.1048
1718	593	28.48875
1718	50	28.077713
1718	1213	27.597301
1718	2028	27.309547
1718	318	26.838573
1718	1196	26.728878
1718	2571	26.368671
1718	1580	25.924938
1718	457	25.215204
1718	1259	25.186384
1719	223	14.193618
1719	2355	13.844259
1719	2716	13.349802
1719	2710	13.311599
1719	2959	12.95138
1719	2699	12.8019085
1719	2541	12.72648
1719	2599	12.659026
1719	2770	12.363009
1719	2572	12.215609
1720	480	28.646713
1720	2571	25.544704
1720	457	24.325563
1720	608	24.314213
1720	1196	24.294603
1720	593	23.911652
1720	2791	23.622845
1720	318	23.550802
1720	296	23.369713
1720	1265	23.012785
1721	1	39.166656
1721	588	38.409863
1721	500	38.110874
1721	3253	37.237442
1721	3255	37.15071
1721	1777	36.266556
1721	440	35.44651
1721	1377	35.049973
1721	1265	34.345943
1721	587	34.15046
1722	2867	113.416855
1722	1974	108.608505
1722	2003	103.76615
1722	2121	101.1921
1722	1342	99.81473
1722	2787	98.48831
1722	1983	97.93123
1722	1327	94.74995
1722	366	91.271286
1722	2633	90.0601
1723	1580	127.26591
1723	316	117.754486
1723	1371	110.05553
1723	2641	109.60305
1723	1573	108.005295
1723	1653	106.302925
1723	1391	105.43291
1723	1396	105.24376
1723	1198	103.14584
1723	2054	101.57605
1724	1265	131.41002
1724	377	120.53466
1724	457	115.57727
1724	2571	114.35111
1724	590	111.73737
1724	1197	111.308525
1724	1617	111.08417
1724	1198	110.0635
1724	2916	109.069824
1724	3418	108.89856
1725	2716	23.992361
1725	2683	23.508963
1725	223	22.735792
1725	2571	22.544167
1725	589	21.514923
1725	2959	21.503252
1725	1210	21.471111
1725	2762	21.334816
1725	2987	21.205034
1725	2355	20.982275
1726	592	185.2402
1726	1370	178.53484
1726	780	176.03473
1726	1356	167.80333
1726	316	165.40807
1726	380	162.58363
1726	1197	160.06595
1726	329	154.1328
1726	2278	152.85461
1726	6	151.82547
1727	1356	273.08194
1727	1275	266.732
1727	1527	265.07025
1727	733	264.6294
1727	2174	262.7603
1727	2001	261.99625
1727	2797	258.80103
1727	541	258.28018
1727	648	256.03314
1727	2968	254.70653
1728	1029	43.06836
1728	364	41.03617
1728	596	39.880936
1728	2018	39.641453
1728	919	37.52157
1728	1028	37.511772
1728	1196	36.554447
1728	1197	36.358418
1728	260	35.860226
1728	1073	35.623127
1729	1196	10.353172
1729	260	10.216973
1729	1198	9.5901
1729	1221	9.58591
1729	1214	9.572794
1729	608	9.412438
1729	1387	9.294021
1729	2858	9.198589
1729	589	9.187232
1729	1240	9.105787
1730	1196	17.867258
1730	1580	17.568745
1730	2571	17.49091
1730	110	17.24032
1730	260	17.03807
1730	608	16.692421
1730	1198	16.556953
1730	1210	16.407019
1730	593	16.132484
1730	1240	15.999052
1731	608	21.685411
1731	2858	21.568796
1731	1617	19.841469
1731	480	19.65362
1731	1196	19.649889
1731	296	19.348215
1731	2791	19.101377
1731	110	18.85666
1731	1213	18.79794
1731	260	18.708132
1732	2858	24.915054
1732	1196	23.679314
1732	589	23.372028
1732	593	22.849962
1732	608	22.725164
1732	480	22.470913
1732	2571	22.304253
1732	260	21.927517
1732	1198	21.71581
1732	1580	21.536318
1733	589	258.73624
1733	1196	257.25226
1733	480	246.91295
1733	1214	246.61874
1733	1200	245.74979
1733	2858	242.73724
1733	1089	242.7228
1733	2716	238.15712
1733	541	228.88318
1733	110	227.4981
1734	858	57.915043
1734	1247	53.729633
1734	111	52.902157
1734	1208	52.81039
1734	593	52.720947
1734	1193	52.414314
1734	1617	51.919914
1734	1196	50.709267
1734	2858	49.705345
1734	1252	49.598602
1735	1923	47.678635
1735	2321	46.273514
1735	3253	45.89363
1735	1641	44.62448
1735	39	44.27886
1735	296	40.900513
1735	441	40.442326
1735	2918	40.133804
1735	1580	39.99574
1735	21	39.979034
1736	2000	111.734604
1736	1198	105.933556
1736	2174	105.50234
1736	1270	104.56774
1736	2918	102.90087
1736	2716	100.8058
1736	2194	100.51815
1736	2470	100.50804
1736	1079	99.27095
1736	1259	99.04492
1737	1291	340.59424
1737	1270	331.56494
1737	1552	329.47012
1737	1377	329.27957
1737	316	326.9224
1737	2985	324.86697
1737	165	323.17603
1737	1356	317.599
1737	260	317.11032
1737	1	316.83655
1738	2716	40.417084
1738	608	39.78252
1738	2571	39.250233
1738	2028	38.827072
1738	480	38.68316
1738	1265	38.681187
1738	1196	38.470757
1738	2762	38.385944
1738	2599	38.307793
1738	1	37.566242
1739	2396	39.669483
1739	593	37.451115
1739	296	36.91331
1739	1617	35.708904
1739	2028	34.849834
1739	1213	34.6852
1739	1704	34.619152
1739	1197	34.536648
1739	2762	34.07078
1739	1270	33.71694
1740	1252	53.84667
1740	1247	48.95085
1740	919	48.50716
1740	913	46.439526
1740	924	45.905796
1740	1230	45.82967
1740	541	45.54323
1740	593	45.271393
1740	1196	45.05467
1740	1193	44.831947
1741	1917	288.86993
1741	1220	283.60516
1741	2353	271.88385
1741	2167	268.82578
1741	1552	267.4345
1741	2987	267.4044
1741	2001	263.46075
1741	70	249.84344
1741	1	245.0542
1741	2058	245.04317
1742	1196	31.737995
1742	1214	30.641014
1742	1240	29.373577
1742	1387	29.026222
1742	1198	28.595348
1742	1200	28.563751
1742	1210	28.2323
1742	589	27.860035
1742	2571	27.717407
1742	541	27.116571
1743	608	54.35122
1743	1198	52.804703
1743	480	52.259903
1743	1580	51.49293
1743	1200	50.945328
1743	1210	50.410805
1743	858	50.35294
1743	593	48.966312
1743	2028	48.50856
1743	50	48.473915
1744	1198	96.748375
1744	1617	96.40751
1744	1259	94.5849
1744	260	92.6819
1744	2858	92.313065
1744	50	91.38412
1744	590	90.95551
1744	1265	90.87163
1744	1247	90.798645
1744	1358	88.56618
1745	593	41.182186
1745	2571	39.78933
1745	1196	39.715828
1745	110	39.422997
1745	457	38.612568
1745	318	38.499454
1745	296	38.338203
1745	608	37.80857
1745	2716	37.189995
1745	2997	37.17461
1746	1372	214.77513
1746	329	213.81651
1746	2021	210.35985
1746	2628	197.14294
1746	3033	184.44725
1746	2311	183.93494
1746	1097	182.79149
1746	2657	180.67192
1746	173	178.08008
1746	1301	170.22054
1747	1270	27.986403
1747	1196	27.775946
1747	260	26.19676
1747	2174	25.51155
1747	919	25.502321
1747	541	25.282698
1747	2797	25.123251
1747	1210	25.074568
1747	750	24.959415
1747	1198	24.563646
1748	1221	248.91324
1748	593	233.0878
1748	1234	231.52544
1748	1270	231.05179
1748	2987	227.63173
1748	111	224.67041
1748	527	222.7999
1748	1097	222.51051
1748	296	216.44049
1748	1213	216.30786
1749	111	161.2085
1749	750	157.58133
1749	1208	154.9691
1749	1230	151.04639
1749	919	150.82564
1749	912	150.11113
1749	908	147.3617
1749	1193	146.904
1749	1136	146.3892
1749	1294	144.59155
1750	608	13.29195
1750	2396	13.188548
1750	2997	13.015109
1750	527	12.770723
1750	593	12.541389
1750	2762	12.419321
1750	318	12.327005
1750	1704	12.270682
1750	1617	12.14278
1750	1673	12.123016
1751	1580	14.302222
1751	480	14.067877
1751	2571	14.054808
1751	1196	13.973686
1751	2916	13.259482
1751	260	13.230766
1751	1210	13.036872
1751	1240	12.914642
1751	1265	12.850665
1751	457	12.823657
1752	1198	294.7574
1752	1374	274.42395
1752	1220	263.56628
1752	2987	257.22925
1752	1097	255.97813
1752	1	252.03107
1752	2174	250.82579
1752	2115	248.00449
1752	2105	238.78899
1752	1129	237.30812
1753	2916	140.6728
1753	6	121.77283
1753	1876	121.49681
1753	1597	121.49474
1753	1036	118.82655
1753	1377	118.79763
1753	2006	118.675705
1753	2167	118.21206
1753	2002	117.085724
1753	2628	116.06661
1754	608	15.742803
1754	2858	15.1572895
1754	50	15.003341
1754	1213	14.777299
1754	2571	14.643784
1754	1265	14.411776
1754	2028	14.073907
1754	32	14.001886
1754	1580	13.925889
1754	2916	13.799897
1755	356	151.71672
1755	1580	151.33727
1755	1196	148.19223
1755	357	145.39932
1755	2987	144.35364
1755	1259	142.37968
1755	2100	142.34157
1755	2571	140.56372
1755	480	139.97734
1755	34	138.98544
1756	223	19.754568
1756	2858	19.727375
1756	2987	18.866299
1756	2699	18.534712
1756	2710	18.533112
1756	2959	18.320925
1756	2396	18.19446
1756	1127	18.091408
1756	2762	17.876669
1756	2502	17.5452
1757	1198	228.0885
1757	1376	224.92082
1757	592	222.278
1757	1291	220.73128
1757	2054	220.20113
1757	2011	218.89919
1757	316	215.10733
1757	2012	207.48811
1757	1036	206.17033
1757	457	202.8144
1758	318	229.95361
1758	1265	220.66953
1758	527	212.36371
1758	2997	210.84436
1758	2291	210.31227
1758	25	209.00464
1758	2396	208.05214
1758	1641	206.88324
1758	778	205.86847
1758	1500	204.85016
1759	589	157.19748
1759	1196	152.94502
1759	1210	145.92288
1759	1197	138.34222
1759	1200	136.4642
1759	1391	135.63545
1759	377	134.91649
1759	733	134.77026
1759	1584	133.23021
1759	1610	132.93344
1760	357	42.78227
1760	2396	40.12684
1760	1197	39.382305
1760	2797	38.928993
1760	1393	38.42482
1760	597	38.089005
1760	539	38.05772
1760	1270	38.017258
1760	587	37.498974
1760	1	37.45894
1761	1374	46.046886
1761	2985	43.818516
1761	1200	43.375477
1761	2916	42.964264
1761	2021	42.901676
1761	1375	42.5014
1761	1580	42.435074
1761	1210	42.28856
1761	2641	40.723656
1761	1127	40.72327
1762	2916	66.68463
1762	1291	63.46375
1762	1580	63.288948
1762	377	60.498554
1762	1197	59.624405
1762	592	59.31607
1762	858	58.582466
1762	2985	57.884068
1762	1270	57.868324
1762	1374	57.779736
1763	1196	21.796206
1763	2571	21.711273
1763	260	20.661623
1763	1	20.40574
1763	1210	20.366926
1763	2858	20.186726
1763	2716	20.182508
1763	1240	19.931625
1763	2916	19.902002
1763	1197	19.670567
1764	165	347.61032
1764	95	320.64938
1764	353	319.91296
1764	1608	314.40543
1764	70	305.14426
1764	1200	301.2702
1764	2000	299.9661
1764	2273	295.29706
1764	2105	294.42157
1764	110	289.55243
1765	2716	65.29731
1765	2762	63.611675
1765	2997	61.64415
1765	2599	61.121113
1765	2605	56.08046
1765	2700	55.94163
1765	2712	55.515686
1765	589	55.395172
1765	2395	54.76145
1765	593	54.164722
1766	608	9.147411
1766	1196	9.044968
1766	593	8.852028
1766	1270	8.8244505
1766	318	8.787125
1766	2028	8.667657
1766	260	8.616316
1766	1198	8.602917
1766	527	8.420657
1766	858	8.390452
1767	608	180.66594
1767	318	162.26418
1767	2289	152.25969
1767	2396	150.67384
1767	1704	146.22281
1767	1094	145.35243
1767	457	138.51038
1767	2890	137.94931
1767	3418	137.02213
1767	1641	136.81383
1768	1228	59.755707
1768	1293	59.744156
1768	1956	59.68479
1768	1307	59.67171
1768	1090	59.295162
1768	1079	58.164024
1768	3361	57.95194
1768	1186	57.747307
1768	1097	57.64768
1768	1259	57.593624
1769	2770	32.51265
1769	2762	31.42281
1769	2541	30.043364
1769	2699	29.624104
1769	785	29.582905
1769	2395	29.395514
1769	2336	29.185713
1769	2502	28.66795
1769	3174	28.418259
1769	2396	28.141228
1770	1079	65.96222
1770	3039	65.73092
1770	1663	63.87337
1770	2144	63.547894
1770	1394	61.77055
1770	1968	61.267517
1770	2134	57.567657
1770	2011	56.999817
1770	1196	55.223217
1770	3421	54.49562
1771	1240	27.530294
1771	589	25.648832
1771	1210	24.460587
1771	2916	24.113422
1771	1198	23.684011
1771	1374	23.382935
1771	480	23.2207
1771	1270	22.794613
1771	1036	22.468727
1771	2985	22.434278
1772	2716	18.602304
1772	1196	18.078136
1772	2987	16.851854
1772	260	16.278824
1772	1240	16.273684
1772	2997	16.139683
1772	1200	16.107878
1772	1270	15.692544
1772	1198	15.687472
1772	2762	15.6570015
1773	2396	44.917587
1773	1358	43.347588
1773	1196	43.321896
1773	2571	42.03319
1773	457	41.253654
1773	110	41.087704
1773	858	41.026005
1773	589	40.80773
1773	1198	40.79231
1773	2599	40.068962
1774	2571	20.034569
1774	2916	20.015205
1774	780	18.267668
1774	1196	18.242872
1774	1527	17.997274
1774	1240	17.875141
1774	2028	17.676046
1774	1210	17.447403
1774	1573	17.311007
1774	2628	17.255733
1775	1196	114.28362
1775	296	109.94944
1775	2028	106.314476
1775	1270	103.238106
1775	1197	101.117584
1775	1240	100.567474
1775	1214	99.151146
1775	1265	98.48784
1775	1210	96.82576
1775	541	96.79353
1776	1580	206.72508
1776	480	193.82843
1776	2000	191.23457
1776	1291	183.48094
1776	1391	182.7031
1776	1220	179.9335
1776	2628	179.4093
1776	1676	179.37474
1776	2406	179.17012
1776	380	178.61414
1777	858	35.08972
1777	1214	33.72882
1777	260	33.723354
1777	608	33.609085
1777	1394	33.44871
1777	1208	33.271255
1777	111	33.068413
1777	924	32.675266
1777	1221	32.65906
1777	750	32.618004
1778	733	242.228
1778	2916	240.49945
1778	1370	231.41771
1778	110	231.2558
1778	1610	229.17865
1778	2353	225.98114
1778	587	223.89667
1778	165	217.59846
1778	21	216.47382
1778	292	216.33861
1779	2571	98.72207
1779	589	95.162895
1779	1127	92.18508
1779	260	90.875
1779	1240	89.95146
1779	2628	88.55637
1779	780	87.62968
1779	110	87.19183
1779	1527	87.18399
1779	2028	86.3696
1780	1197	265.3088
1780	1259	248.35417
1780	1136	237.93552
1780	1617	237.76744
1780	1079	237.38768
1780	924	237.06255
1780	2194	235.32555
1780	1394	232.08408
1780	2918	230.61777
1780	2529	230.29984
1781	1258	56.571007
1781	1130	54.130077
1781	968	53.55948
1781	1387	53.44226
1781	2118	53.311653
1781	2867	51.40918
1781	2517	50.568695
1781	1320	50.176662
1781	70	49.60733
1781	2664	49.197
1782	223	22.143173
1782	2706	21.936815
1782	2997	21.690125
1782	2699	20.680305
1782	1196	20.439743
1782	2710	20.239206
1782	2987	19.740038
1782	2762	19.701054
1782	2959	19.430431
1782	2395	19.234547
1783	608	9.17334
1783	1213	8.727727
1783	296	8.644039
1783	2858	8.486187
1783	1265	8.112943
1783	1617	8.111583
1783	21	8.02476
1783	858	7.962618
1783	2289	7.8797765
1783	50	7.8579
1784	1240	43.464314
1784	1196	43.03378
1784	329	41.98572
1784	1200	41.896973
1784	260	41.68619
1784	1374	41.254124
1784	2628	41.071487
1784	1210	40.590298
1784	1573	40.429653
1784	1214	39.799732
1785	2571	14.513015
1785	589	13.861401
1785	480	13.759566
1785	1196	13.501472
1785	2028	13.439594
1785	1580	13.126423
1785	2916	12.706081
1785	2858	12.6827345
1785	1210	12.55184
1785	296	12.391793
1786	1252	15.391841
1786	858	13.998411
1786	923	13.942332
1786	904	13.888888
1786	1267	13.718692
1786	903	13.686536
1786	913	13.201983
1786	912	13.154721
1786	111	13.141181
1786	608	12.837183
1787	1580	19.04771
1787	2028	19.02433
1787	2571	18.917986
1787	589	18.861351
1787	1196	18.71253
1787	2716	18.662235
1787	223	18.178076
1787	1210	17.822144
1787	2762	17.771927
1787	1265	17.510143
1788	608	19.164782
1788	1094	18.5634
1788	2289	17.063793
1788	1213	16.845482
1788	527	16.344568
1788	2396	15.926822
1788	994	15.797943
1788	296	15.694599
1788	800	15.571793
1788	25	15.477315
1789	296	36.48425
1789	2762	35.531673
1789	2395	35.42281
1789	2396	34.956154
1789	2716	34.936825
1789	318	34.022053
1789	50	33.88637
1789	1617	33.79447
1789	1265	33.196365
1789	2700	32.80422
1790	2174	238.3108
1790	592	234.68816
1790	2716	233.30693
1790	2640	231.42403
1790	2406	229.15045
1790	2987	224.06462
1790	2628	222.00931
1790	1527	220.29575
1790	1394	218.56009
1790	377	212.54352
1791	1252	74.986
1791	1617	72.64605
1791	1247	70.04975
1791	2289	68.96016
1791	527	68.79726
1791	1196	68.552704
1791	593	68.385414
1791	750	67.245316
1791	1193	67.07094
1791	1225	66.999306
1792	2762	22.212906
1792	2396	22.013609
1792	1	20.959852
1792	2028	20.926125
1792	1265	20.885117
1792	1580	20.87352
1792	2355	20.654547
1792	2716	20.639946
1792	593	20.369516
1792	480	20.368742
1793	2858	222.06863
1793	1617	212.49458
1793	2396	208.33115
1793	457	207.95886
1793	1240	196.6128
1793	356	195.7896
1793	2918	193.89923
1793	32	192.8855
1793	34	192.2868
1793	2916	192.079
1794	1580	203.48793
1794	296	200.26924
1794	2000	199.21649
1794	1	186.69368
1794	1213	185.49628
1794	21	183.40471
1794	2268	181.95227
1794	1220	180.60275
1794	32	178.40074
1794	780	176.65904
1795	1	19.052284
1795	1580	18.464653
1795	1923	18.201992
1795	39	17.681995
1795	2396	17.593391
1795	1641	17.556786
1795	2571	17.504528
1795	1270	17.484386
1795	3255	17.40041
1795	589	17.233929
1796	1136	106.159966
1796	608	104.773346
1796	2174	101.040184
1796	1234	99.22847
1796	2997	97.97985
1796	1197	97.47483
1796	1080	96.71058
1796	1617	96.265045
1796	2352	95.83287
1796	296	95.69998
1797	923	117.83778
1797	111	105.88972
1797	1294	103.38726
1797	608	102.25219
1797	924	101.47498
1797	1212	99.22053
1797	1136	98.140366
1797	1250	98.006195
1797	1244	97.06777
1797	1234	95.077995
1798	608	42.086445
1798	1196	41.060005
1798	1617	39.917038
1798	260	38.773254
1798	1198	38.33579
1798	1270	37.711517
1798	1136	37.455772
1798	589	37.418423
1798	1214	36.851807
1798	919	36.68699
1799	318	67.65421
1799	1265	61.563225
1799	1704	61.524277
1799	2396	58.627037
1799	32	57.860138
1799	3418	57.25604
1799	34	56.472095
1799	36	56.21411
1799	1673	56.139828
1799	2599	55.655087
1800	1610	160.57025
1800	1036	153.90747
1800	1240	153.38155
1800	1573	152.06377
1800	1200	145.79092
1800	349	144.56859
1800	316	143.92984
1800	3256	143.27924
1800	10	142.83437
1800	2115	137.61533
1801	608	19.146412
1801	1196	18.410477
1801	2028	18.305733
1801	296	18.241743
1801	318	18.22739
1801	589	17.85628
1801	527	17.497742
1801	480	17.160559
1801	1198	17.152546
1801	260	17.098598
1802	1617	144.66171
1802	296	138.40314
1802	1196	138.34857
1802	750	129.18507
1802	111	128.79817
1802	924	125.780136
1802	1294	122.46396
1802	1394	121.68434
1802	1265	120.2357
1802	1230	119.97484
1803	349	183.77383
1803	316	181.76312
1803	1240	180.03407
1803	1036	179.20549
1803	1196	178.64542
1803	10	176.69502
1803	592	174.73347
1803	1210	173.26488
1803	1200	172.73065
1803	1291	171.96982
1804	2571	70.07503
1804	589	66.99452
1804	2916	66.826
1804	1580	66.23437
1804	1210	65.87275
1804	296	64.685295
1804	593	64.52846
1804	110	63.944344
1804	1240	63.844646
1804	608	63.492756
1805	1196	145.37634
1805	2028	134.32602
1805	1198	134.00497
1805	1210	133.3191
1805	1240	132.14948
1805	2000	131.97583
1805	1259	130.1416
1805	1394	129.44704
1805	318	128.03996
1805	1036	127.9936
1806	1196	138.22922
1806	2916	136.00621
1806	377	132.23056
1806	1198	128.58707
1806	733	127.37848
1806	1197	126.84389
1806	1270	126.50315
1806	380	126.245155
1806	2700	125.69598
1806	1923	125.6438
1807	1200	142.69867
1807	608	142.44043
1807	1220	141.9492
1807	2858	140.50201
1807	1370	139.71976
1807	593	139.40268
1807	2918	137.7897
1807	318	136.95395
1807	1617	136.51184
1807	2628	135.47351
1808	1	12.25757
1808	2355	11.810612
1808	3114	11.488306
1808	1580	11.356806
1808	364	11.263373
1808	588	11.22321
1808	480	10.189801
1808	2700	10.182911
1808	2858	10.171173
1808	589	10.048909
1809	2762	28.556957
1809	2770	27.776323
1809	2396	27.719297
1809	593	27.532549
1809	2395	26.590181
1809	2699	26.54722
1809	2028	26.158438
1809	1196	26.097065
1809	2580	26.068483
1809	318	25.973833
1810	904	25.387722
1810	1252	23.2131
1810	908	21.855701
1810	913	21.22243
1810	1267	20.191223
1810	930	20.136862
1810	1219	20.054695
1810	923	20.006144
1810	2186	19.958652
1810	928	19.52448
1811	2599	13.971449
1811	2716	13.809273
1811	223	13.527799
1811	593	13.003705
1811	608	12.968295
1811	2028	12.968184
1811	1196	12.847191
1811	2396	12.739658
1811	2959	12.667444
1811	2683	12.589236
1812	2000	324.33408
1812	2797	319.0638
1812	2916	317.10138
1812	2406	311.711
1812	1036	310.09128
1812	1200	308.60095
1812	1	308.2683
1812	1259	307.14175
1812	1220	304.31378
1812	2987	303.10147
1813	1641	7.0177636
1813	2997	6.882058
1813	2599	6.878071
1813	2396	6.8657694
1813	1265	6.8394723
1813	1784	6.676383
1813	356	6.567092
1813	357	6.4274483
1813	440	6.3862243
1813	11	6.339483
1814	480	42.54665
1814	1240	39.046665
1814	1676	38.40779
1814	1196	37.718136
1814	1200	37.573635
1814	260	37.161545
1814	1372	36.76423
1814	1584	36.71466
1814	1210	36.672264
1814	329	36.383022
1815	589	34.77843
1815	1580	33.76954
1815	1240	32.988964
1815	1210	32.935417
1815	2916	31.840275
1815	1200	31.817148
1815	1214	31.410975
1815	32	30.78207
1815	541	30.764065
1815	1198	30.140448
1816	1214	48.508728
1816	1387	47.82491
1816	1994	45.26239
1816	1982	44.246674
1816	1200	42.408768
1816	1240	42.17789
1816	1196	41.67331
1816	1333	41.627193
1816	2118	39.999233
1816	1278	39.484962
1817	2916	70.983246
1817	1240	64.18806
1817	1196	64.11821
1817	260	61.238426
1817	1200	60.582405
1817	1372	59.023556
1817	1374	58.571136
1817	110	58.522472
1817	1270	58.35301
1817	1127	57.78446
1818	1197	31.059416
1818	1210	30.817184
1818	1291	30.615162
1818	1580	30.217808
1818	2571	30.155073
1818	457	30.125717
1818	480	30.092535
1818	1036	30.04842
1818	1097	29.590942
1818	589	29.553455
1819	1210	83.71807
1819	1197	81.11052
1819	2916	80.14772
1819	608	79.376816
1819	1097	77.78425
1819	2028	77.44106
1819	457	77.29307
1819	1374	77.07287
1819	1617	76.46114
1819	2000	74.75758
1820	2571	225.33017
1820	1198	206.03485
1820	1291	196.00299
1820	2028	194.65416
1820	1527	193.95177
1820	592	193.91736
1820	1097	193.05853
1820	2628	192.96951
1820	2716	192.9033
1820	110	190.2868
1821	1252	13.810898
1821	750	13.580723
1821	923	13.4433
1821	908	13.155844
1821	1219	13.122545
1821	1212	12.953038
1821	1945	12.894398
1821	2186	12.848863
1821	924	12.394027
1821	912	12.339141
1822	2797	48.15578
1822	1079	47.574493
1822	1394	46.85341
1822	1259	45.35693
1822	1196	45.17175
1822	2000	43.85354
1822	3039	43.503616
1822	2100	43.388603
1822	1220	43.203472
1822	1097	42.5261
1823	39	17.46229
1823	357	17.069525
1823	1393	17.018623
1823	356	17.000858
1823	34	16.951574
1823	318	16.48764
1823	2858	16.476799
1823	593	15.916521
1823	1580	15.9017935
1823	608	15.816825
1824	318	94.4888
1824	296	92.29824
1824	1265	92.166916
1824	608	90.96073
1824	1393	90.2449
1824	593	89.58049
1824	1	87.95836
1824	110	87.01466
1824	356	86.67457
1824	39	86.05779
1825	608	90.81095
1825	296	88.43619
1825	2396	83.87558
1825	1259	80.520744
1825	1213	79.56033
1825	2268	77.416916
1825	1641	77.138
1825	1270	76.30844
1825	50	76.18924
1825	2762	76.08159
1826	1240	46.205612
1826	1210	42.177734
1826	2916	41.66248
1826	2985	40.824238
1826	480	40.237526
1826	32	39.50509
1826	2968	39.460823
1826	1376	39.36465
1826	2640	39.210842
1826	1127	37.825054
1827	589	27.176554
1827	608	26.19027
1827	1196	25.751251
1827	110	25.441282
1827	593	24.735765
1827	260	24.50388
1827	2571	24.329782
1827	296	23.862741
1827	1198	23.392437
1827	1265	23.390722
1828	608	84.163826
1828	1923	83.798676
1828	593	83.10448
1828	2599	82.99569
1828	2762	80.82358
1828	2396	80.7393
1828	50	78.61886
1828	1	77.97138
1828	527	77.40667
1828	2321	77.15229
1829	608	15.5638275
1829	2858	13.984719
1829	296	13.828744
1829	318	13.539545
1829	1265	13.484713
1829	1196	13.387804
1829	1270	13.1856785
1829	1213	13.081193
1829	593	13.010771
1829	1617	12.974052
1830	1198	31.776443
1830	1200	30.000143
1830	1374	29.659702
1830	2000	28.819855
1830	589	28.521854
1830	1214	28.461313
1830	2571	28.421799
1830	2985	28.221317
1830	2916	27.925264
1830	480	27.775814
1831	2762	50.98564
1831	3081	50.078373
1831	1093	49.734932
1831	1513	49.50687
1831	2700	48.200363
1831	2723	48.095703
1831	2395	46.78732
1831	3113	45.98466
1831	2987	45.863453
1831	2396	44.631287
1832	36	21.47233
1832	1719	20.85876
1832	2289	20.579937
1832	800	20.454298
1832	296	20.445782
1832	1213	20.26677
1832	318	20.084776
1832	1094	20.072325
1832	337	19.913382
1832	1704	19.843048
1833	50	73.918175
1833	1265	68.88625
1833	2571	68.298134
1833	1358	66.65591
1833	1196	65.9182
1833	32	64.57078
1833	480	63.548096
1833	2396	63.236317
1833	2268	63.089676
1833	1610	62.25578
1834	260	42.23494
1834	1196	41.792294
1834	2716	39.825607
1834	2987	39.074562
1834	1270	38.956898
1834	589	38.90445
1834	2571	38.872696
1834	1200	38.840195
1834	1210	38.666164
1834	1580	38.631714
1835	589	363.51758
1835	1265	363.45523
1835	457	361.00272
1835	1580	357.0848
1835	480	347.107
1835	1610	340.55792
1835	2987	336.5327
1835	1	329.9398
1835	1136	326.262
1835	1127	321.5012
1836	2797	245.73456
1836	1270	241.7835
1836	1285	238.57607
1836	1094	229.63411
1836	1196	227.97215
1836	2352	226.35225
1836	1080	222.93275
1836	111	222.32498
1836	1358	220.14291
1836	1089	219.84094
1837	1617	330.50616
1837	1	330.12576
1837	1394	322.05255
1837	3418	316.72498
1837	1222	309.133
1837	377	306.6415
1837	1704	304.05423
1837	1387	300.7471
1837	1968	300.41647
1837	2194	299.6579
1838	2858	6.9893293
1838	2918	6.9328327
1838	296	6.4962435
1838	1265	6.4277654
1838	608	6.376628
1838	318	6.324825
1838	1213	6.277492
1838	1704	6.2425385
1838	2762	6.1109095
1838	2268	6.0932407
1839	1196	65.43047
1839	2916	64.28671
1839	296	63.262547
1839	608	62.024185
1839	593	61.172466
1839	260	61.009224
1839	318	60.66961
1839	1240	60.313404
1839	1610	60.249527
1839	1	60.084305
1840	1196	18.866608
1840	2571	17.886168
1840	1210	17.717346
1840	589	17.713968
1840	1240	17.185219
1840	1200	16.99252
1840	2916	16.75301
1840	1374	16.073088
1840	480	15.992873
1840	1198	15.989327
1841	1617	124.22977
1841	2396	123.86265
1841	110	123.61552
1841	1500	123.19407
1841	1580	120.79554
1841	2321	120.17927
1841	2916	115.832
1841	1089	115.5859
1841	2268	115.22539
1841	21	115.13826
1842	1265	296.59283
1842	2571	268.70142
1842	1259	260.55045
1842	1197	258.71747
1842	1580	255.21877
1842	110	254.96622
1842	1394	252.77542
1842	3418	252.4154
1842	21	250.2099
1842	1270	250.02222
1843	608	52.38838
1843	2858	49.404522
1843	296	48.75966
1843	1198	48.63322
1843	1213	48.27035
1843	593	48.247482
1843	2028	47.570606
1843	1270	47.251812
1843	1617	47.13653
1843	1221	46.961235
1844	608	9.469184
1844	2858	9.349925
1844	296	9.006331
1844	50	8.674761
1844	318	8.67117
1844	1265	8.599163
1844	1213	8.389975
1844	527	8.384362
1844	2997	8.331444
1844	2028	8.265394
1845	2395	106.098045
1845	235	103.95368
1845	1641	101.85332
1845	2858	101.16868
1845	318	100.67463
1845	1094	98.308556
1845	50	97.77463
1845	1617	97.7338
1845	2321	96.94117
1845	2396	94.63692
1846	608	46.25666
1846	50	42.906445
1846	593	42.78749
1846	2028	40.552853
1846	1265	39.936394
1846	1	39.563324
1846	260	39.500725
1846	2571	39.08665
1846	858	38.800232
1846	2997	38.66826
1847	1213	26.837141
1847	50	25.059153
1847	593	24.9294
1847	527	24.15028
1847	1358	22.164234
1847	1704	21.779823
1847	1089	21.37911
1847	111	21.142252
1847	2997	21.101324
1847	858	21.018421
1848	608	17.15712
1848	2997	16.43529
1848	296	15.818247
1848	1213	15.412276
1848	1580	15.331859
1848	1265	15.294484
1848	589	15.261093
1848	2396	15.151972
1848	593	15.033871
1848	318	14.9427
1849	1580	27.119198
1849	1196	27.109097
1849	1240	26.133476
1849	260	25.759068
1849	1198	25.605991
1849	1210	25.359838
1849	1036	25.159557
1849	1200	24.418442
1849	1291	23.956413
1849	733	23.92089
1850	2078	51.585056
1850	1196	50.547516
1850	1197	50.43317
1850	260	50.296066
1850	1032	50.25927
1850	1270	49.280056
1850	919	48.939754
1850	1198	48.714344
1850	1097	48.15263
1850	1028	47.456203
1851	1198	178.02391
1851	1197	171.9748
1851	1610	166.6237
1851	2396	161.44577
1851	1291	161.1355
1851	1265	161.00633
1851	1	159.76411
1851	592	159.1933
1851	1653	158.22974
1851	377	156.80115
1852	1240	43.699043
1852	541	42.15872
1852	2985	40.105095
1852	2916	39.221226
1852	2529	37.728664
1852	2968	37.33727
1852	1580	37.201977
1852	1376	37.12568
1852	1097	36.48487
1852	480	36.430466
1853	1136	123.3076
1853	1307	121.401825
1853	1288	119.45763
1853	608	119.29994
1853	3361	118.22503
1853	235	115.88842
1853	1285	114.0626
1853	2716	113.74364
1853	2289	112.2659
1853	296	111.98119
1854	2762	80.507355
1854	1196	80.470856
1854	2571	80.20238
1854	1580	79.32265
1854	457	78.95389
1854	1265	78.71425
1854	356	78.50212
1854	589	78.113396
1854	480	77.347534
1854	1210	76.61458
1855	2916	75.653145
1855	1610	74.09828
1855	377	73.590195
1855	1240	68.54991
1855	1198	68.36699
1855	3256	67.40994
1855	2353	67.2811
1855	648	66.9572
1855	1291	66.18402
1855	592	64.682915
1856	2985	137.67334
1856	1356	125.629684
1856	2968	125.425026
1856	1127	122.57524
1856	329	116.55503
1856	1371	114.818344
1856	2628	113.14225
1856	1909	110.4702
1856	2288	109.98053
1856	2393	109.18245
1857	595	37.629944
1857	2087	34.32239
1857	2081	34.31256
1857	1022	34.250782
1857	2080	33.940964
1857	2096	33.510967
1857	2078	33.23338
1857	2018	32.31939
1857	1032	32.257774
1857	596	32.233574
1858	2987	66.71333
1858	1270	66.53451
1858	1210	65.92728
1858	364	64.698524
1858	2081	63.863758
1858	1097	62.80123
1858	2571	62.207348
1858	1580	61.871
1858	480	61.301533
1858	2174	60.746723
1859	1198	37.331364
1859	1270	37.18285
1859	608	36.69685
1859	1240	36.20909
1859	2571	36.113083
1859	589	35.359417
1859	1197	35.355877
1859	858	34.852962
1859	318	34.74016
1859	1617	34.597187
1860	608	176.21669
1860	1210	170.03506
1860	2000	156.48859
1860	1097	152.80287
1860	1259	151.99419
1860	592	150.67528
1860	590	150.05455
1860	1387	149.86896
1860	2716	147.88301
1860	2987	146.04156
1861	1580	230.1211
1861	480	219.823
1861	2916	215.0849
1861	1036	213.74138
1861	1270	212.83586
1861	1240	210.17493
1861	2716	202.39946
1861	527	200.94406
1861	380	199.97295
1861	2918	199.05478
1862	2858	19.664948
1862	2396	19.330357
1862	2716	18.330914
1862	2997	17.900078
1862	2599	17.29773
1862	2987	17.067799
1862	2683	17.055168
1862	1580	16.515608
1862	1196	16.042751
1862	2762	16.018076
1863	858	81.253204
1863	608	80.272446
1863	1247	77.76777
1863	908	76.43457
1863	1219	74.291336
1863	903	70.13548
1863	1084	69.65162
1863	913	69.55475
1863	1267	69.54448
1863	1208	68.60509
1864	1305	1.5735654
1864	2131	1.3676554
1864	2130	1.2807964
1864	994	1.2502968
1864	1300	1.2176251
1864	3068	1.169321
1864	2929	1.1640029
1864	1185	1.1106591
1864	2970	1.0998783
1864	2926	1.0965455
1865	223	129.55298
1865	1923	122.8192
1865	2355	122.21858
1865	2700	117.59141
1865	296	115.675575
1865	3253	115.06149
1865	1704	113.920235
1865	1617	113.66549
1865	2683	113.49091
1865	1747	112.36204
1866	1580	111.49157
1866	480	108.94143
1866	1036	108.36642
1866	1265	108.19304
1866	2916	107.57965
1866	296	104.919945
1866	1617	103.9974
1866	1610	103.75686
1866	2396	103.70812
1866	1	103.39582
1867	1617	29.464388
1867	1196	29.203611
1867	2858	29.057379
1867	858	27.575653
1867	296	27.127728
1867	1198	27.02275
1867	593	26.923454
1867	2396	26.81908
1867	2028	26.592297
1867	1270	26.498745
1868	1304	29.738739
1868	1294	28.944393
1868	1221	28.255728
1868	913	27.789558
1868	903	27.720657
1868	1953	27.69956
1868	908	27.509838
1868	750	27.471012
1868	1219	27.36699
1868	923	27.184013
1869	608	33.042946
1869	858	33.040207
1869	1196	32.285835
1869	1617	31.442997
1869	1247	30.538095
1869	923	30.50817
1869	296	30.408957
1869	527	30.2491
1869	1213	30.225067
1869	1221	30.069536
1870	2916	131.39029
1870	457	130.44576
1870	1198	126.78603
1870	592	126.16418
1870	1370	124.24621
1870	733	121.076126
1870	2028	119.02477
1870	2406	116.973785
1870	380	116.920876
1870	2640	115.67657
1871	1200	92.16035
1871	1214	90.48305
1871	1210	90.356865
1871	2571	89.76113
1871	589	89.75207
1871	1580	87.4715
1871	1374	86.2334
1871	2985	83.78948
1871	2640	83.32743
1871	110	80.66697
1872	296	30.045185
1872	2858	29.316898
1872	318	29.22138
1872	1213	27.922474
1872	589	27.661259
1872	527	27.605413
1872	1196	27.50666
1872	1265	27.19755
1872	2571	26.745512
1872	2028	26.58669
1873	457	140.48103
1873	2916	135.53824
1873	377	130.71681
1873	1197	128.93253
1873	380	127.60656
1873	1200	127.24359
1873	1270	126.125786
1873	1265	124.15991
1873	593	121.00395
1873	2716	120.68853
1874	608	46.358322
1874	1196	46.040916
1874	296	42.910385
1874	527	42.380928
1874	318	42.19867
1874	1213	42.13589
1874	919	41.80293
1874	2028	41.6284
1874	912	41.215446
1874	1136	40.46839
1875	1270	170.94887
1875	1196	162.05112
1875	1136	160.39525
1875	1198	157.1741
1875	2174	155.134
1875	608	154.53499
1875	919	152.14816
1875	260	150.32367
1875	34	147.7019
1875	858	147.47783
1876	2355	20.2103
1876	2716	20.164606
1876	2571	18.990198
1876	2770	18.924372
1876	2959	18.8463
1876	2028	18.815424
1876	2710	18.716621
1876	110	18.65342
1876	2599	18.467434
1876	2762	18.38302
1877	608	20.416069
1877	2997	19.903284
1877	2396	19.694393
1877	1617	19.14498
1877	1580	18.927866
1877	296	18.848364
1877	589	18.838175
1877	2291	17.98485
1877	1213	17.908854
1877	1196	17.814903
1878	2916	63.449444
1878	1527	60.067486
1878	2699	59.930656
1878	1127	58.93189
1878	2628	58.710274
1878	1240	57.179207
1878	1196	56.79525
1878	1210	55.53802
1878	1917	55.385113
1878	1356	54.42222
1879	21	179.81828
1879	356	176.75348
1879	296	174.15375
1879	1196	173.3606
1879	3418	172.70189
1879	593	171.98636
1879	1036	170.52444
1879	318	169.05122
1879	590	168.23384
1879	165	167.91397
1880	21	376.63577
1880	260	374.23907
1880	1391	353.5796
1880	39	342.62143
1880	1617	338.76807
1880	3253	336.18542
1880	2321	336.13007
1880	2762	333.52078
1880	1408	331.20728
1880	1214	328.8802
1881	1265	49.46637
1881	2321	44.187866
1881	1641	43.76015
1881	39	43.7389
1881	3255	43.45037
1881	1517	42.100925
1881	1270	41.84495
1881	2716	41.449562
1881	608	40.868484
1881	440	40.714626
1882	1214	138.70526
1882	1197	135.26952
1882	1200	133.63571
1882	2028	131.04916
1882	2000	128.64041
1882	2716	128.14674
1882	2987	125.238365
1882	592	124.23433
1882	110	124.052635
1882	1	121.7572
1883	1079	168.0766
1883	1307	162.38211
1883	1265	156.57747
1883	3361	155.77074
1883	1247	150.59229
1883	2396	149.31706
1883	1278	148.17377
1883	1094	147.80025
1883	2174	147.59332
1883	2065	145.31134
1884	858	316.2365
1884	1221	286.59402
1884	1220	280.2318
1884	296	276.4441
1884	32	276.23636
1884	2000	275.08884
1884	2028	271.3385
1884	1073	269.1931
1884	3421	264.5428
1884	1213	263.38568
1885	1580	40.09534
1885	480	39.265484
1885	260	38.119602
1885	1259	37.776974
1885	1240	36.866142
1885	1198	36.221718
1885	2571	36.066826
1885	1214	35.4709
1885	1210	34.95952
1885	608	34.85997
1886	1580	17.980883
1886	2571	17.491764
1886	2916	16.933853
1886	1196	16.605042
1886	1210	15.876962
1886	1240	15.733384
1886	2028	15.673099
1886	260	15.59352
1886	780	15.521714
1886	1200	14.88734
1887	1196	70.37691
1887	480	69.251945
1887	260	68.25428
1887	457	68.05993
1887	1240	67.738655
1887	1580	67.2171
1887	1200	66.74404
1887	2028	64.78521
1887	1210	63.855698
1887	1617	63.37467
1888	1376	20.47824
1888	1196	18.633835
1888	2640	18.113384
1888	329	17.931852
1888	1200	17.27406
1888	260	17.06928
1888	1240	16.972052
1888	2641	16.75848
1888	1291	16.743874
1888	2393	16.718487
1889	1	291.3359
1889	1580	288.6934
1889	3418	283.11652
1889	1358	277.64786
1889	34	271.25998
1889	2395	269.47345
1889	1288	264.94843
1889	2321	263.22217
1889	1094	258.8052
1889	1208	258.6226
1890	1197	115.66576
1890	2028	110.63491
1890	1270	109.856026
1890	593	109.5417
1890	2858	108.24411
1890	2571	108.238045
1890	589	106.03023
1890	50	105.62032
1890	1136	104.95953
1890	480	104.47072
1891	589	162.42255
1891	924	151.69995
1891	2716	144.5067
1891	1036	141.85231
1891	1387	140.4533
1891	592	139.90427
1891	316	136.96407
1891	858	136.20567
1891	1573	133.1143
1891	2000	132.77943
1892	1247	14.064054
1892	923	13.967452
1892	608	13.719167
1892	3363	13.159997
1892	1953	13.0627365
1892	1617	13.030571
1892	1136	12.923376
1892	1208	12.904906
1892	1193	12.901726
1892	1294	12.869526
1893	1617	4.7814035
1893	318	4.3774996
1893	858	4.2722692
1893	800	4.2642493
1893	296	4.1950116
1893	608	4.17764
1893	593	4.1495514
1893	1179	4.116399
1893	1252	4.104225
1893	36	4.046128
1894	608	130.35114
1894	1094	115.87175
1894	296	115.24259
1894	1213	112.688385
1894	1617	108.95717
1894	36	102.68609
1894	923	102.51723
1894	912	102.11312
1894	1358	101.712715
1894	50	99.84445
1895	1197	75.04823
1895	1240	72.56226
1895	2000	71.59911
1895	1036	70.418365
1895	1259	69.63587
1895	1200	69.25696
1895	1136	69.2554
1895	589	69.20785
1895	1220	68.9526
1895	608	68.838104
1896	858	123.66494
1896	1084	123.113655
1896	919	122.19203
1896	750	119.332184
1896	608	117.03866
1896	1221	113.47322
1896	2300	111.91151
1896	969	111.79561
1896	1204	110.274734
1896	1276	108.97435
1897	39	224.72208
1897	2028	214.75339
1897	1247	213.74374
1897	1196	210.27605
1897	1307	209.65234
1897	912	209.46352
1897	1393	209.23903
1897	1079	208.94633
1897	1230	208.40198
1897	2321	206.02994
1898	608	18.348228
1898	2858	17.49102
1898	527	16.193401
1898	1704	16.096594
1898	1213	16.087048
1898	1617	15.72238
1898	50	15.46925
1898	1265	15.046909
1898	34	14.4765625
1898	2762	14.026456
1899	2174	333.02222
1899	1276	332.617
1899	1267	310.89624
1899	2000	308.6499
1899	1200	307.8918
1899	50	305.51172
1899	1263	300.16324
1899	1222	299.5421
1899	1073	297.26953
1899	2100	292.33322
1900	2858	18.02586
1900	2997	16.934315
1900	2706	16.889477
1900	2712	16.713686
1900	223	16.618963
1900	2599	16.606068
1900	2336	16.314957
1900	2762	16.170452
1900	2770	15.838839
1900	2433	15.595111
1901	260	112.79899
1901	457	112.63572
1901	1210	111.19488
1901	1198	110.97044
1901	780	108.83605
1901	1197	107.118675
1901	1291	107.084656
1901	1240	107.00055
1901	733	105.05844
1901	1036	104.460045
1902	2353	168.06154
1902	349	166.89008
1902	10	163.7895
1902	1917	163.59117
1902	3256	162.88266
1902	1722	156.76653
1902	292	154.24596
1902	2985	152.80328
1902	2278	152.7159
1902	592	152.40665
1903	1240	127.16843
1903	1270	125.04157
1903	608	124.484924
1903	480	121.30914
1903	1200	121.244934
1903	541	119.1103
1903	1617	118.84491
1903	1036	118.45762
1903	296	116.99254
1903	1394	114.88151
1904	1220	220.18011
1904	1356	218.47638
1904	2054	214.77802
1904	1376	214.2803
1904	2028	209.11974
1904	1372	204.61998
1904	1265	202.87883
1904	2193	200.19226
1904	1544	199.03731
1904	329	198.83743
1905	1252	33.508183
1905	1247	32.437237
1905	908	31.802563
1905	919	29.985603
1905	903	29.869156
1905	1084	29.771196
1905	750	29.70683
1905	1945	29.510544
1905	1221	29.175117
1905	1219	29.007866
1906	260	17.308735
1906	480	17.249374
1906	1580	17.178257
1906	608	17.044104
1906	1198	16.615303
1906	1617	16.256178
1906	2571	16.23927
1906	1240	15.821176
1906	1210	15.757876
1906	1214	15.663739
1907	750	10.280982
1907	1219	10.037146
1907	919	9.904766
1907	541	9.791231
1907	912	9.509022
1907	1214	9.495794
1907	904	9.428722
1907	1247	9.381398
1907	1252	9.323598
1907	908	9.22349
1908	1393	94.936005
1908	457	89.89331
1908	2028	88.3248
1908	377	88.14531
1908	296	83.63702
1908	3255	83.072624
1908	1682	83.01559
1908	1265	82.53271
1908	3418	82.487724
1908	589	81.79598
1909	296	41.081177
1909	1265	38.587738
1909	50	36.739563
1909	1617	36.219692
1909	2028	35.84359
1909	1704	35.54813
1909	1	35.155037
1909	2395	33.78844
1909	2599	33.65316
1909	1641	33.520058
1910	1517	15.253848
1910	1923	14.926782
1910	1265	14.648249
1910	3253	14.154327
1910	1	13.917194
1910	296	13.551352
1910	608	13.445099
1910	2028	13.441788
1910	223	13.412318
1910	2858	13.376753
1911	608	20.450138
1911	923	18.983732
1911	527	18.757603
1911	1617	18.307713
1911	593	18.247482
1911	1247	18.233383
1911	296	17.958946
1911	919	17.693602
1911	908	17.677237
1911	1252	17.652525
1912	1617	258.4368
1912	296	252.96992
1912	260	243.71634
1912	1198	242.92566
1912	1265	239.81496
1912	1208	232.92557
1912	1219	231.82741
1912	541	231.15366
1912	1136	231.12126
1912	1197	230.54936
1913	260	40.979294
1913	1210	37.700813
1913	1197	36.131184
1913	1580	36.052456
1913	1198	36.03762
1913	1270	35.223633
1913	1097	34.912327
1913	1374	34.854637
1913	480	34.603565
1913	32	34.38469
1914	1265	16.753199
1914	1196	16.411129
1914	608	16.14171
1914	318	15.519993
1914	296	15.459093
1914	2028	15.37352
1914	593	15.3700285
1914	2571	15.198094
1914	1197	15.158852
1914	1270	15.119384
1915	1196	20.548615
1915	1259	20.39225
1915	608	20.088917
1915	2571	20.069496
1915	260	19.915245
1915	110	18.97253
1915	1270	18.821354
1915	1210	18.408789
1915	1198	18.40632
1915	1265	18.399542
1916	608	213.60405
1916	923	210.9026
1916	908	202.25972
1916	1230	202.21004
1916	1225	195.63821
1916	3363	181.3675
1916	1234	178.49225
1916	2289	178.22223
1916	296	178.0147
1916	593	174.2146
1917	480	75.51766
1917	1240	74.47951
1917	2916	74.44324
1917	1200	72.73401
1917	1198	72.18972
1917	1197	69.89524
1917	457	68.994316
1917	1291	68.66875
1917	1214	68.094376
1917	32	67.54647
1918	1265	17.65652
1918	2858	16.966234
1918	608	15.689391
1918	318	15.473469
1918	527	15.145122
1918	2997	15.128262
1918	357	14.8636
1918	1641	14.848635
1918	593	14.823996
1918	356	14.760939
1919	2107	34.474934
1919	2328	33.93149
1919	253	33.720768
1919	2026	33.58661
1919	1339	33.4914
1919	879	33.407635
1919	177	32.693947
1919	2120	31.791573
1919	366	31.725628
1919	3264	31.540363
1920	1291	287.39197
1920	1200	266.69785
1920	2797	260.3649
1920	2174	258.32755
1920	377	253.23506
1920	1356	246.07831
1920	1387	245.2017
1920	316	240.5526
1920	2918	238.93282
1920	1275	233.47556
1921	1291	66.05893
1921	1240	63.714462
1921	2640	61.446793
1921	589	61.04297
1921	2571	60.178658
1921	1200	59.922005
1921	1214	59.76456
1921	2985	59.47908
1921	1036	58.401806
1921	1356	58.26646
1922	780	234.12907
1922	110	226.41194
1922	1584	221.61636
1922	380	218.46326
1922	592	218.26414
1922	733	216.25339
1922	2987	215.2254
1922	2716	211.11377
1922	1220	204.4565
1922	527	204.43707
1923	2571	23.512558
1923	1196	22.900282
1923	2916	22.691486
1923	1215	22.425035
1923	1214	22.317085
1923	1240	22.205078
1923	1200	21.923172
1923	1210	21.543442
1923	1544	20.401949
1923	2985	20.216991
1924	440	48.56388
1924	3255	45.251694
1924	2671	44.676456
1924	587	44.635674
1924	708	43.737877
1924	339	43.54708
1924	2321	43.179264
1924	2424	42.526615
1924	1	42.06847
1924	1307	41.68408
1925	1240	155.21765
1925	589	151.43993
1925	1200	151.15436
1925	2571	149.97722
1925	1198	144.03903
1925	457	141.7576
1925	1036	139.53804
1925	2028	138.81902
1925	1206	138.49481
1925	2716	135.57257
1926	1136	279.4613
1926	1197	270.33603
1926	1394	267.79892
1926	1221	261.29468
1926	1304	258.55927
1926	2174	257.77408
1926	1213	256.0821
1926	1208	256.03888
1926	3363	254.99654
1926	1288	251.61394
1927	1270	13.698587
1927	2918	12.822269
1927	2716	12.814305
1927	1265	12.308905
1927	1278	12.258072
1927	2174	12.238262
1927	1079	12.227692
1927	2858	12.211035
1927	1197	12.20286
1927	1196	12.18907
1928	589	156.16042
1928	2916	148.80336
1928	110	147.53415
1928	1213	147.37883
1928	356	145.2555
1928	527	142.2436
1928	1198	141.70496
1928	1641	141.50363
1928	1197	140.65398
1928	3253	139.2412
1929	1	16.222872
1929	2599	15.861742
1929	2716	15.520771
1929	2396	15.487973
1929	1265	15.384298
1929	2959	15.0407505
1929	2571	14.691935
1929	2762	14.589407
1929	2028	14.477115
1929	2700	14.444179
1930	1210	169.82059
1930	1259	162.29236
1930	2406	161.64137
1930	592	161.39598
1930	2987	160.38924
1930	1097	158.4999
1930	1036	157.49846
1930	1968	156.37155
1930	1200	156.15923
1930	457	155.47185
1931	1982	54.7061
1931	1130	49.245747
1931	2455	49.187046
1931	968	47.464764
1931	1333	46.545013
1931	2517	44.93124
1931	1974	44.34523
1931	1128	43.673737
1931	1261	43.203552
1931	1991	42.466293
1932	296	65.16488
1932	1089	56.46745
1932	2028	55.234543
1932	1358	54.77062
1932	1196	51.17793
1932	589	51.14076
1932	36	50.781464
1932	1673	50.608982
1932	2395	50.569008
1932	2396	50.462234
1933	1580	12.740068
1933	608	12.385909
1933	2571	11.979502
1933	1265	11.757555
1933	296	11.741313
1933	1196	11.628548
1933	2028	11.557872
1933	2997	11.545587
1933	1617	11.412905
1933	318	11.409019
1934	2395	33.663082
1934	2762	32.871105
1934	2502	32.80715
1934	2396	32.36347
1934	2699	32.278305
1934	2700	31.990162
1934	1093	30.65412
1934	1513	29.864788
1934	3174	29.477423
1934	3175	29.35729
1935	2797	8.056814
1935	1097	7.935774
1935	2918	7.9092455
1935	953	7.6996064
1935	1219	7.5454426
1935	318	7.3921103
1935	1968	7.3702006
1935	2804	7.358761
1935	1270	7.3487353
1935	34	7.2871985
1936	608	15.038374
1936	296	14.40214
1936	2028	14.259817
1936	2291	14.036332
1936	593	13.997716
1936	2997	13.941529
1936	1196	13.652815
1936	318	13.641766
1936	1213	13.515607
1936	1580	13.462773
1937	2797	177.00616
1937	1394	175.24475
1937	2918	173.75774
1937	1036	161.69086
1937	1240	161.14595
1937	3361	160.5301
1937	1097	160.06865
1937	1288	158.97931
1937	1	158.75807
1937	919	157.02675
1938	2096	92.105095
1938	1197	90.351944
1938	2018	87.39218
1938	919	86.844986
1938	1580	86.48088
1938	1097	86.28594
1938	2085	83.86476
1938	1073	83.807785
1938	1374	83.71922
1938	592	83.401184
1939	1270	123.85883
1939	1136	120.83527
1939	1097	119.68836
1939	1240	118.863144
1939	1307	118.559105
1939	1259	118.1949
1939	541	116.60323
1939	1214	115.87288
1939	1200	115.38683
1939	924	115.21447
1940	1240	61.734997
1940	296	61.657127
1940	1197	61.44935
1940	1270	60.581924
1940	1617	60.43099
1940	1036	60.238586
1940	1213	59.51367
1940	318	59.47581
1940	1214	59.441372
1940	2858	58.36472
1941	1954	359.57568
1941	442	355.646
1941	2140	354.63983
1941	32	352.40106
1941	353	350.9175
1941	21	350.19406
1941	1136	348.15475
1941	1222	347.157
1941	3107	339.86786
1941	2421	328.05667
1942	608	23.091494
1942	1617	21.622545
1942	1196	21.030544
1942	110	20.6434
1942	593	20.211056
1942	260	19.962952
1942	50	19.798132
1942	1198	19.575537
1942	296	19.574972
1942	1213	19.34801
1943	2916	300.5327
1943	1240	300.30276
1943	1394	298.52066
1943	2997	295.68033
1943	1036	290.8778
1943	2395	289.00696
1943	1200	288.46655
1943	2396	288.31564
1943	110	285.10977
1943	2599	284.25818
1944	223	41.728283
1944	2355	40.119156
1944	2762	40.03794
1944	2699	38.20965
1944	2028	36.973015
1944	2396	36.63634
1944	2712	36.546215
1944	785	36.29334
1944	2571	35.991844
1944	3175	35.55117
1945	858	37.899887
1945	608	35.87608
1945	111	35.23697
1945	1617	34.957813
1945	1221	34.456795
1945	903	34.300304
1945	1198	34.082436
1945	1247	33.111908
1945	924	32.652256
1945	913	32.61196
1946	608	58.894794
1946	318	54.700966
1946	593	54.32903
1946	1089	51.302704
1946	2997	51.249226
1946	1265	50.726463
1946	527	50.28736
1946	1196	49.825077
1946	2762	49.2439
1946	2396	48.45301
1947	1617	104.454575
1947	1208	101.18491
1947	1247	97.21696
1947	50	95.43603
1947	541	94.278336
1947	750	92.91074
1947	1252	92.11524
1947	1222	91.79008
1947	1036	91.5918
1947	1387	91.22626
1948	1610	133.09976
1948	110	128.97949
1948	2000	127.97879
1948	2985	123.23826
1948	780	122.66494
1948	1370	122.46897
1948	1374	121.73919
1948	380	119.72232
1948	2194	117.08886
1948	1270	116.953835
1949	608	100.17684
1949	1198	97.67478
1949	589	96.566345
1949	457	93.82776
1949	1240	92.3779
1949	1210	91.9203
1949	480	91.21572
1949	1580	89.56653
1949	2916	88.82832
1949	1259	87.381836
1950	1676	100.85412
1950	2105	97.97061
1950	2640	97.82045
1950	1573	96.37122
1950	2393	96.25433
1950	1909	92.69166
1950	1396	91.60129
1950	2641	90.32759
1950	1690	89.49499
1950	3175	89.30831
1951	440	54.732964
1951	1	53.809124
1951	1197	52.22763
1951	588	52.13626
1951	34	50.58802
1951	597	50.397408
1951	2671	49.17712
1951	1270	49.052677
1951	1641	48.847485
1951	2321	48.366447
1952	608	127.207726
1952	296	120.148964
1952	235	116.278046
1952	2396	116.16808
1952	1213	115.382034
1952	39	113.47113
1952	1307	113.19954
1952	34	111.007126
1952	2395	109.80768
1952	1136	109.71597
1953	1196	22.97158
1953	589	22.747517
1953	2571	21.629251
1953	1270	21.507645
1953	1198	21.068796
1953	1197	20.837627
1953	110	20.726414
1953	2916	20.504799
1953	1265	20.500729
1953	1240	20.256014
1954	1265	93.2432
1954	527	90.951004
1954	1094	84.5768
1954	2028	84.26607
1954	2599	82.98293
1954	1358	82.76985
1954	2395	81.363144
1954	1089	80.20717
1954	2321	78.80617
1954	1259	78.55552
1955	2858	26.090532
1955	2716	25.983595
1955	2997	24.847218
1955	2694	24.236916
1955	2712	23.288364
1955	2541	22.744265
1955	1513	22.561522
1955	2605	22.513687
1955	2699	22.34907
1955	2502	22.225504
1956	2081	30.51332
1956	1580	28.569447
1956	1265	27.234648
1956	2987	27.136461
1956	480	26.822115
1956	1197	26.762691
1956	1196	26.62953
1956	2078	26.507456
1956	2628	26.415539
1956	1270	26.393866
1957	296	35.977825
1957	1213	35.455853
1957	2858	34.232124
1957	1196	32.842316
1957	260	31.682081
1957	2028	31.676287
1957	1193	31.371933
1957	912	31.134432
1957	1252	31.059093
1957	1247	30.994356
1958	480	366.3575
1958	589	356.5748
1958	1610	348.7068
1958	1197	343.8558
1958	1377	328.2416
1958	2628	323.733
1958	440	320.05963
1958	21	318.0401
1958	1517	317.6618
1958	3256	313.0021
1959	608	47.98258
1959	296	43.449554
1959	2028	43.327404
1959	1213	42.450787
1959	1617	42.438248
1959	1198	41.632267
1959	50	40.348305
1959	480	40.295204
1959	1214	39.412457
1959	1270	38.437958
1960	1196	153.28442
1960	593	147.9534
1960	858	147.24963
1960	260	146.02943
1960	1136	140.20383
1960	2791	137.26979
1960	589	136.88522
1960	1580	135.87917
1960	1240	134.93799
1960	1036	134.83688
1961	260	65.46642
1961	2571	63.384853
1961	110	61.18263
1961	1610	60.73949
1961	1617	60.699604
1961	1210	60.64333
1961	527	59.7043
1961	50	57.518524
1961	2000	57.49756
1961	3418	57.487736
1962	1393	194.74167
1962	2028	191.3905
1962	150	179.52927
1962	1213	178.56656
1962	480	175.0009
1962	2959	172.49953
1962	2890	171.86542
1962	25	171.45242
1962	590	168.90198
1962	1610	167.66418
1963	1094	66.1642
1963	296	65.81766
1963	36	64.603226
1963	1393	61.460888
1963	1682	61.36441
1963	1673	60.64915
1963	1617	59.545406
1963	2396	59.325302
1963	34	58.86176
1963	1265	57.98365
1964	1196	13.685051
1964	260	13.208513
1964	1580	12.808701
1964	2571	12.048228
1964	1270	11.949147
1964	1198	11.838462
1964	2916	11.779123
1964	1240	11.755513
1964	589	11.689874
1964	1374	11.657235
1965	2599	27.026587
1965	1196	26.790724
1965	2028	26.396935
1965	2987	26.315538
1965	2355	26.093496
1965	593	25.585564
1965	223	25.551064
1965	260	25.2104
1965	1198	25.084974
1965	2571	25.081955
1966	593	33.523216
1966	2858	32.407764
1966	1196	32.31606
1966	318	32.26695
1966	527	31.89647
1966	1252	31.443888
1966	1089	31.053825
1966	1198	30.853065
1966	111	30.387108
1966	2028	29.865025
1967	3160	10.968921
1967	2599	10.872805
1967	2396	10.753644
1967	608	10.45137
1967	2712	10.234015
1967	2959	10.133922
1967	223	10.098303
1967	2395	10.089718
1967	2762	9.850933
1967	36	9.755985
1968	1265	218.17705
1968	260	216.3902
1968	457	204.81813
1968	2000	203.67967
1968	1036	200.825
1968	593	200.1806
1968	1617	196.7075
1968	1610	195.03795
1968	1214	194.21442
1968	2918	192.33691
1969	480	288.68445
1969	592	277.61432
1969	1200	273.6171
1969	110	264.883
1969	1036	263.45175
1969	1214	263.21475
1969	1610	259.96075
1969	1127	259.2074
1969	2985	258.03116
1969	2640	256.6257
1970	111	13.247227
1970	1252	13.107292
1970	608	12.500265
1970	919	12.375133
1970	908	12.147968
1970	1214	12.136432
1970	260	12.132426
1970	1196	12.077133
1970	1219	11.8450165
1970	1953	11.814806
1971	2858	20.644875
1971	593	20.446041
1971	608	20.415287
1971	296	19.981625
1971	1393	19.357529
1971	1213	19.222511
1971	1196	18.580076
1971	150	18.333338
1971	36	18.120407
1971	3418	18.085196
1972	593	70.74841
1972	1214	69.97603
1972	296	69.9602
1972	318	69.07705
1972	919	68.79702
1972	1213	67.87086
1972	924	67.62517
1972	750	66.950554
1972	1225	66.64452
1972	541	66.442024
1973	608	20.554623
1973	1617	18.808344
1973	593	18.311726
1973	1196	18.274906
1973	589	18.210424
1973	110	18.146772
1973	1580	18.1381
1973	1265	17.928862
1973	50	17.792572
1973	296	17.670332
1974	1198	272.5975
1974	2174	255.51584
1974	296	252.96144
1974	1259	252.88373
1974	858	251.70323
1974	750	250.54062
1974	2985	247.90025
1974	2000	241.07559
1974	1387	239.36337
1974	1291	239.25688
1975	1265	33.459446
1975	1641	30.171621
1975	2395	29.97275
1975	2599	29.83071
1975	39	29.771004
1975	296	28.938318
1975	608	28.814903
1975	318	27.172398
1975	50	27.048588
1975	235	26.915712
1976	2571	77.18128
1976	50	76.15018
1976	1213	74.770836
1976	480	73.966255
1976	1196	73.35409
1976	2396	72.19945
1976	1580	69.87439
1976	150	69.34057
1976	356	69.31333
1976	2916	68.95227
1977	1029	32.96604
1977	1022	32.067863
1977	919	31.005655
1977	596	30.839622
1977	1032	30.497171
1977	2078	29.590448
1977	595	29.386944
1977	1028	27.10373
1977	2137	26.7904
1977	1	26.627516
1978	480	83.966324
1978	589	83.55
1978	1210	82.701645
1978	2916	78.88794
1978	110	78.32483
1978	1197	78.04579
1978	1240	77.761444
1978	457	77.36725
1978	1036	76.33371
1978	2858	76.01775
1979	1196	6.228657
1979	377	6.1537356
1979	2396	6.141948
1979	1210	6.0692787
1979	1617	6.0605536
1979	608	6.055463
1979	1674	6.0411506
1979	2762	5.951465
1979	356	5.9045086
1979	527	5.8524623
1980	2028	479.57593
1980	34	477.93607
1980	2291	466.83572
1980	2762	438.3338
1980	3361	431.27167
1980	1610	426.99927
1980	592	424.55423
1980	1923	421.71906
1980	2599	420.22116
1980	3253	414.86273
1981	1196	33.26777
1981	608	32.90306
1981	260	31.763588
1981	1270	30.788122
1981	1214	30.572985
1981	2571	30.561428
1981	1617	30.378464
1981	1240	30.322052
1981	1198	30.080753
1981	2916	29.859118
1982	589	79.76517
1982	1196	77.06126
1982	2716	76.246735
1982	1580	74.9206
1982	1210	72.53095
1982	223	72.27642
1982	2916	72.06503
1982	2699	71.933495
1982	2997	71.92081
1982	593	71.843155
1983	457	329.67487
1983	1197	316.19897
1983	1270	304.6303
1983	1676	300.72665
1983	648	300.02225
1983	474	278.46194
1983	1391	278.0785
1983	2094	272.9584
1983	2006	272.7404
1983	541	270.14172
1984	593	171.33803
1984	1198	168.02135
1984	260	163.40683
1984	1259	163.22775
1984	1265	162.52022
1984	1221	160.71352
1984	1394	159.32303
1984	1079	157.73097
1984	2396	157.63745
1984	919	155.20303
1985	2985	130.42183
1985	1376	126.13762
1985	2105	120.64727
1985	1372	118.373665
1985	1375	117.601845
1985	1573	115.010605
1985	592	108.243965
1985	1396	106.82204
1985	1391	106.80592
1985	457	106.67946
1986	1252	12.031605
1986	930	11.691261
1986	1267	11.375379
1986	913	11.197951
1986	3334	10.787408
1986	904	10.73847
1986	910	10.584832
1986	908	10.579822
1986	903	10.424112
1986	2203	10.371288
1987	457	38.078693
1987	589	37.72214
1987	1580	36.705776
1987	1196	36.66055
1987	2028	36.156315
1987	2916	35.707405
1987	377	35.315243
1987	1036	35.271893
1987	260	34.195427
1987	1210	34.15931
1988	593	252.40196
1988	1259	243.38222
1988	1270	242.72537
1988	1079	241.82294
1988	1196	241.36035
1988	1784	240.25157
1988	2918	239.33768
1988	1394	238.6883
1988	2762	234.4996
1988	1198	230.72006
1989	1196	19.011452
1989	608	18.067392
1989	1580	18.028782
1989	589	18.010252
1989	260	17.929935
1989	1198	17.926706
1989	1617	17.149641
1989	2571	17.142395
1989	110	17.012934
1989	2028	16.867523
1990	608	26.858822
1990	2028	25.295435
1990	527	25.252483
1990	1213	25.216864
1990	50	24.966991
1990	1617	24.476566
1990	2858	24.336563
1990	1198	23.68096
1990	858	22.880127
1990	260	22.760054
1991	296	25.74387
1991	318	24.180492
1991	50	23.051064
1991	2028	22.156733
1991	858	21.743189
1991	1196	21.195982
1991	1265	20.895538
1991	1089	20.539164
1991	2997	20.509518
1991	2396	20.365631
1992	3253	45.717705
1992	1517	45.590385
1992	1641	43.05449
1992	223	43.03269
1992	3255	42.67417
1992	1777	41.6899
1992	2302	41.5964
1992	440	40.976673
1992	357	39.960514
1992	21	39.91064
1993	260	18.18912
1993	1270	17.94159
1993	1210	17.29822
1993	1265	17.068575
1993	1240	16.878273
1993	1079	16.804115
1993	1291	16.725702
1993	2918	16.492964
1993	1259	16.28012
1993	2716	16.274664
1994	296	29.294994
1994	318	27.981373
1994	593	27.747189
1994	1617	27.615656
1994	2028	26.440722
1994	2396	25.499983
1994	1	25.467346
1994	2571	24.836615
1994	2762	24.453335
1994	1198	24.32849
1995	2571	58.5503
1995	1196	56.69484
1995	1197	55.110146
1995	110	53.697468
1995	2918	53.546783
1995	2858	53.119987
1995	260	52.925
1995	356	52.59503
1995	457	52.53702
1995	1240	51.704433
1996	1200	140.95111
1996	1610	137.95882
1996	1197	134.77629
1996	1270	133.44203
1996	780	132.74072
1996	2628	131.31677
1996	2985	131.04901
1996	380	130.02005
1996	2640	128.32793
1996	1387	127.22321
1997	1	32.19272
1997	2858	32.18619
1997	1580	31.109474
1997	1196	31.044027
1997	2997	30.973919
1997	2571	30.781744
1997	608	30.642796
1997	296	30.625532
1997	2028	29.595314
1997	589	29.278519
1998	1294	193.76994
1998	1196	188.11037
1998	1304	184.9384
1998	608	183.80113
1998	260	183.05103
1998	3363	183.01303
1998	1230	180.79553
1998	1079	180.14767
1998	1259	177.6169
1998	2396	175.59009
1999	1258	56.238667
1999	1333	54.94378
1999	2118	49.710644
1999	2003	48.388027
1999	1128	47.15185
1999	1339	46.212776
1999	2716	46.006336
1999	1334	45.554955
1999	2459	45.44419
1999	1200	44.616165
2000	589	75.20548
2000	2916	69.354774
2000	457	68.17844
2000	1240	67.67814
2000	1270	67.534935
2000	593	66.40585
2000	1200	65.12957
2000	1197	64.90472
2000	1610	64.38752
2000	296	64.383965
2001	2716	24.688656
2001	2997	23.338552
2001	223	22.355148
2001	2762	21.665583
2001	2770	21.518393
2001	2959	21.274614
2001	1127	21.19058
2001	2355	20.889902
2001	2433	20.27277
2001	2605	20.039057
2002	608	99.65709
2002	2186	96.84455
2002	912	96.45076
2002	858	96.2559
2002	919	94.86587
2002	923	94.543335
2002	1136	92.494606
2002	1247	92.08271
2002	750	90.531906
2002	2300	90.300385
2003	588	54.81555
2003	2080	54.811073
2003	1032	54.781975
2003	1282	52.788517
2003	2137	51.247475
2003	1025	50.95016
2003	2085	50.88208
2003	1907	48.759377
2003	783	48.58374
2003	2987	47.755993
2004	1240	91.344055
2004	1356	91.15861
2004	2916	90.89311
2004	2985	90.33696
2004	2571	89.88868
2004	1200	89.81783
2004	2105	89.47311
2004	780	87.67166
2004	1214	87.39946
2004	1372	86.99149
2005	2502	39.97331
2005	2762	38.80089
2005	2395	38.40448
2005	3081	36.941216
2005	2700	36.759502
2005	1513	36.130257
2005	2433	36.095776
2005	3175	35.157707
2005	2396	34.700333
2005	2723	34.1681
2006	1282	22.86407
2006	1029	22.083113
2006	1022	21.40458
2006	2087	21.307337
2006	914	21.181831
2006	2096	20.839632
2006	1197	20.109358
2006	1278	20.04112
2006	1947	19.797659
2006	1380	19.607445
2007	1240	34.814007
2007	1200	34.071236
2007	589	31.436674
2007	1374	30.98954
2007	2916	29.702566
2007	480	29.136318
2007	2640	29.021671
2007	1580	29.01123
2007	2985	28.982294
2007	1387	28.56289
2008	593	106.86458
2008	1259	103.3174
2008	1294	101.55208
2008	1225	101.38331
2008	541	99.31102
2008	2997	98.70095
2008	919	98.40006
2008	3421	97.634056
2008	2396	97.52191
2008	2289	97.45304
2009	318	38.644825
2009	1617	37.088943
2009	2762	34.633083
2009	1704	33.960407
2009	1358	33.64897
2009	36	31.96335
2009	2396	31.88297
2009	2289	31.449614
2009	1673	31.318274
2009	2599	31.163834
2010	648	261.47836
2010	592	259.09357
2010	1036	258.04596
2010	1291	257.2143
2010	2000	255.62221
2010	1552	250.75403
2010	367	246.00739
2010	2406	234.56914
2010	2641	231.59154
2010	2115	227.98471
2011	589	154.13344
2011	1196	153.96814
2011	2916	153.43222
2011	1270	153.00345
2011	1291	148.83173
2011	1210	147.84805
2011	592	143.95964
2011	1220	143.49942
2011	1240	143.37909
2011	260	142.82178
2012	1198	270.19595
2012	1573	243.04445
2012	1370	233.92114
2012	377	231.48384
2012	1967	228.15167
2012	2005	225.7572
2012	1876	222.3336
2012	367	220.95444
2012	1378	219.6759
2012	2006	219.63603
2013	1196	70.73214
2013	1374	70.08559
2013	2985	66.65972
2013	1210	63.97639
2013	1580	62.96717
2013	1127	60.232544
2013	2105	59.557957
2013	1129	58.356388
2013	1375	58.135174
2013	2455	57.889484
2014	1136	43.40927
2014	1240	41.391663
2014	1394	41.390972
2014	1079	41.01454
2014	608	40.303345
2014	1291	40.296707
2014	2791	39.854427
2014	589	39.733307
2014	1	39.66193
2014	2716	39.5898
2015	2028	357.84885
2015	1544	338.15686
2015	1396	333.71463
2015	349	325.46326
2015	588	324.53705
2015	2094	322.42636
2015	3256	321.98178
2015	3175	316.04272
2015	474	310.61392
2015	2968	309.64578
2016	1196	144.14432
2016	1580	139.18628
2016	1198	136.37233
2016	1220	135.87999
2016	1265	135.87778
2016	1197	135.2861
2016	1210	132.1472
2016	2791	131.90504
2016	2000	131.47166
2016	480	131.19463
2017	733	105.110054
2017	1580	104.006805
2017	1552	103.29895
2017	457	98.467224
2017	2571	98.24601
2017	1527	96.542625
2017	1608	96.45183
2017	1544	95.334175
2017	1876	93.83075
2017	292	92.48745
2018	3363	221.26562
2018	913	208.38387
2018	3334	191.2813
2018	920	190.86296
2018	1394	189.98993
2018	1244	188.47995
2018	1617	187.88354
2018	1080	185.93187
2018	1292	184.31699
2018	1104	184.02576
2019	2396	21.400759
2019	2762	20.427267
2019	223	20.273039
2019	593	19.823826
2019	608	19.805822
2019	1196	19.782145
2019	1265	19.277267
2019	2028	19.23397
2019	296	18.978321
2019	2959	18.968866
2020	1240	251.14998
2020	1036	250.6872
2020	1213	247.01219
2020	1210	242.0643
2020	2797	236.60944
2020	21	236.2525
2020	1387	231.88834
2020	2174	231.4409
2020	1097	229.64818
2020	1222	228.8935
2021	1580	99.25682
2021	1370	99.13595
2021	1573	99.096596
2021	780	96.73234
2021	1527	94.73333
2021	316	93.92832
2021	1676	92.56362
2021	1240	91.55406
2021	353	91.22495
2021	165	90.42421
2022	2916	160.01364
2022	260	149.05676
2022	1265	144.51375
2022	1200	143.77779
2022	1270	142.90576
2022	2000	136.92938
2022	1214	135.79839
2022	592	135.20966
2022	1127	134.63364
2022	21	134.24065
2023	1617	201.52992
2023	2916	197.11388
2023	2396	194.89928
2023	1259	193.75668
2023	2174	189.69536
2023	2000	188.16658
2023	2791	187.93365
2023	1394	187.77347
2023	1089	186.25488
2023	2797	185.80063
2024	1265	151.01067
2024	2174	139.26414
2024	1	138.11307
2024	1270	136.106
2024	3253	130.71494
2024	2100	130.1018
2024	2396	128.02158
2024	1784	124.16566
2024	235	122.75336
2024	1136	122.665115
2025	2916	87.11193
2025	2028	79.79545
2025	1573	79.713905
2025	3256	79.05442
2025	2353	78.82628
2025	110	77.971054
2025	780	77.79531
2025	1527	74.40825
2025	1196	73.3854
2025	1036	73.23516
2026	1196	91.47416
2026	2105	80.207726
2026	1206	78.34945
2026	1198	78.268486
2026	2664	77.58402
2026	969	76.667534
2026	2527	76.01305
2026	1387	75.18493
2026	2571	75.12534
2026	1278	75.11385
2027	608	96.0564
2027	1265	90.39938
2027	1	84.543434
2027	457	83.05287
2027	589	81.82224
2027	1580	80.72526
2027	110	80.337166
2027	1210	79.998024
2027	34	79.582855
2027	480	78.916595
2028	1196	23.37762
2028	260	22.35925
2028	858	21.758928
2028	608	21.564266
2028	1580	20.72859
2028	1617	20.691957
2028	1240	20.375967
2028	1214	20.198381
2028	2028	19.752851
2028	1270	19.731262
2029	1270	110.54861
2029	2918	110.52308
2029	2791	106.09424
2029	1196	104.72733
2029	1073	103.77689
2029	2396	103.54365
2029	2716	102.91576
2029	364	98.41425
2029	1097	98.14465
2029	1968	98.12641
2030	260	314.0941
2030	1097	281.73532
2030	1234	267.84882
2030	3363	265.2996
2030	1259	259.50333
2030	1225	259.27887
2030	1193	256.9765
2030	1079	254.7222
2030	592	246.99658
2030	480	246.7199
2031	608	98.9239
2031	1617	95.47426
2031	1196	94.44254
2031	1	93.63066
2031	296	89.19746
2031	1270	89.13993
2031	50	88.300354
2031	541	87.77854
2031	593	87.568146
2031	1197	87.44334
2032	2916	46.28179
2032	780	45.294964
2032	1580	45.27016
2032	1356	44.08368
2032	2571	43.848602
2032	480	43.80888
2032	1610	43.281494
2032	1240	43.15712
2032	316	42.676125
2032	2985	42.04815
2033	223	9.0880995
2033	2355	7.947386
2033	2959	7.945892
2033	2710	7.874852
2033	2028	7.828033
2033	2712	7.7944098
2033	2770	7.774052
2033	2571	7.628361
2033	2396	7.5495944
2033	3160	7.411211
2034	608	24.055685
2034	2289	24.036839
2034	2396	23.255842
2034	2858	23.252312
2034	1252	23.164991
2034	1394	23.155914
2034	2997	23.007349
2034	2973	22.91465
2034	1247	22.906567
2034	1294	22.716328
2035	1	121.70061
2035	1197	115.87748
2035	260	114.80151
2035	2797	113.42472
2035	2918	111.6445
2035	1240	109.295555
2035	1259	108.85916
2035	2000	106.117065
2035	1200	105.957825
2035	588	105.34089
2036	1641	41.40463
2036	2396	38.771732
2036	1500	38.231945
2036	2858	38.014088
2036	2289	37.854584
2036	608	37.55985
2036	296	37.31598
2036	2599	36.31112
2036	2321	36.100037
2036	34	35.59522
2037	608	4.1810184
2037	318	4.098277
2037	2289	3.9434562
2037	527	3.8361049
2037	296	3.8307562
2037	1213	3.7143402
2037	25	3.6992254
2037	235	3.6917186
2037	1617	3.6479948
2037	1358	3.564261
2038	1136	224.87794
2038	1247	220.67165
2038	1196	214.59201
2038	1225	210.667
2038	1278	209.71248
2038	1197	207.90985
2038	1276	203.55417
2038	34	203.5021
2038	111	203.40121
2038	3421	202.96075
2039	608	88.932045
2039	1225	86.12454
2039	1294	84.23346
2039	1196	83.92106
2039	1252	82.97745
2039	1198	81.064865
2039	1136	80.413025
2039	3363	79.85977
2039	924	79.699394
2039	1953	79.19607
2040	2683	25.93179
2040	2770	23.2664
2040	2997	23.058004
2040	2762	22.2288
2040	2605	22.101465
2040	2355	21.860746
2040	2712	20.901821
2040	2433	20.860973
2040	2699	20.833176
2040	2396	20.792465
2041	1617	252.20804
2041	1270	246.31523
2041	1196	244.82959
2041	589	234.59583
2041	1198	231.1007
2041	1094	227.18501
2041	21	226.34631
2041	590	225.30844
2041	2916	225.27988
2041	1394	224.82715
2042	2571	121.637024
2042	260	118.88137
2042	2916	118.220795
2042	480	118.05938
2042	589	117.14047
2042	1198	115.333015
2042	2000	114.89799
2042	2100	112.32905
2042	1291	111.972374
2042	2054	111.50213
2043	2770	32.79545
2043	785	31.006098
2043	2599	30.272547
2043	2712	30.19008
2043	2433	30.051512
2043	2580	29.67179
2043	2762	29.506447
2043	2502	29.354166
2043	1093	29.179453
2043	1127	29.097696
2044	1294	19.26639
2044	910	18.652729
2044	1230	18.378212
2044	1234	18.10497
2044	1278	18.037376
2044	1	17.915888
2044	1265	17.788548
2044	2396	17.493135
2044	1079	17.29635
2044	919	17.268188
2045	2042	11.081454
2045	158	10.224821
2045	1474	9.735272
2045	2142	9.659384
2045	2052	9.458376
2045	1588	9.367906
2045	1005	9.342471
2045	2036	9.316328
2045	2141	9.225618
2045	455	9.201109
2046	1079	54.717335
2046	1265	54.099594
2046	1394	53.762306
2046	1196	51.377007
2046	2174	51.276836
2046	608	50.632725
2046	1294	50.524963
2046	2797	50.111805
2046	1288	49.740025
2046	260	49.711506
2047	296	152.59076
2047	2858	151.79
2047	1265	147.29253
2047	318	145.29782
2047	593	142.28241
2047	1	139.70795
2047	589	139.4288
2047	1196	139.01382
2047	1580	138.72487
2047	1213	137.26797
2048	1196	24.881296
2048	480	24.582577
2048	260	23.79515
2048	1240	22.976452
2048	1198	22.860228
2048	1210	22.658997
2048	608	22.3801
2048	1259	22.325884
2048	1270	22.230932
2048	2571	22.1622
2049	1252	22.01959
2049	923	21.513
2049	1247	20.784922
2049	912	20.490326
2049	608	20.316814
2049	908	20.282864
2049	1953	19.57956
2049	919	19.406845
2049	904	19.403763
2049	1136	19.264713
2050	2959	116.07062
2050	296	112.022804
2050	527	112.00728
2050	2028	111.89766
2050	1617	110.24037
2050	2355	107.04565
2050	1213	105.197205
2050	1265	103.01628
2050	50	103.00589
2050	2571	99.155876
2051	1370	152.89719
2051	1573	150.82108
2051	1036	138.67738
2051	593	138.61032
2051	1196	136.75441
2051	1240	135.9058
2051	2000	131.49945
2051	1198	131.07199
2051	592	130.22922
2051	1676	129.5352
2052	2694	13.885686
2052	2710	13.007071
2052	2770	12.753716
2052	2541	12.409362
2052	2959	12.205875
2052	2599	12.18777
2052	2355	12.112657
2052	2605	11.860739
2052	785	11.810502
2052	1127	11.6614895
2053	318	6.199677
2053	608	5.949615
2053	593	5.8893185
2053	1270	5.867485
2053	32	5.823967
2053	296	5.8149633
2053	1704	5.7998075
2053	2571	5.735713
2053	2028	5.730381
2053	480	5.6206293
2054	2571	208.91084
2054	1200	199.18631
2054	780	194.91753
2054	1036	192.42958
2054	2985	190.67178
2054	457	187.87036
2054	2640	186.4578
2054	2716	184.47098
2054	1610	182.4226
2054	1265	182.0783
2055	858	116.862335
2055	541	107.907974
2055	1387	106.39249
2055	1036	106.34572
2055	608	106.15722
2055	589	104.609505
2055	750	103.985146
2055	1617	102.556496
2055	1208	101.83945
2055	1197	101.66556
2056	2985	190.93352
2056	1198	175.91689
2056	1129	168.14859
2056	1036	165.53656
2056	1291	163.51692
2056	1584	161.93483
2056	592	161.07066
2056	2987	158.76091
2056	2174	157.03348
2056	2000	156.95303
2057	608	34.353
2057	318	33.376396
2057	110	32.772224
2057	296	31.988773
2057	2028	31.82135
2057	1617	31.559116
2057	457	31.419153
2057	1196	31.38857
2057	1265	31.28648
2057	527	30.733973
2058	2683	41.075836
2058	2706	40.37409
2058	2770	37.86707
2058	2712	37.82975
2058	2355	36.998302
2058	2762	36.99228
2058	223	35.882656
2058	2541	35.4749
2058	2987	33.90833
2058	2598	33.607506
2059	1214	124.78173
2059	1198	120.99866
2059	1097	118.500565
2059	1278	118.40796
2059	919	117.355865
2059	1200	117.29806
2059	1136	116.808
2059	2000	116.29859
2059	1036	114.87057
2059	3363	114.68262
2060	110	151.44289
2060	1196	150.11539
2060	2858	149.15607
2060	1923	145.7603
2060	50	142.91945
2060	1198	142.59354
2060	1197	142.40065
2060	1210	141.98592
2060	1036	140.18037
2060	2396	139.49736
2061	608	9.470526
2061	1094	8.829149
2061	296	8.806785
2061	593	8.601821
2061	318	8.57453
2061	2997	8.4901905
2061	50	8.446967
2061	1213	8.339537
2061	1259	8.269297
2061	527	8.267976
2062	1198	63.47612
2062	260	63.199326
2062	1222	61.85325
2062	457	61.77746
2062	1036	61.15542
2062	1617	60.872196
2062	589	60.505478
2062	1221	60.434376
2062	1240	60.408592
2062	2571	59.925686
2063	1377	318.82132
2063	1610	302.24863
2063	21	289.28745
2063	2628	288.8105
2063	1653	275.19684
2063	6	274.65598
2063	2278	273.09866
2063	1356	271.1323
2063	1393	270.44748
2063	318	266.9386
2064	1247	159.12584
2064	1294	158.74713
2064	1304	151.79688
2064	1234	149.70828
2064	541	149.48209
2064	1136	147.01738
2064	1267	145.7145
2064	1278	138.22522
2064	1206	137.72723
2064	1198	136.62997
2065	1196	34.912712
2065	589	32.585865
2065	608	32.494617
2065	1210	31.722485
2065	296	31.53665
2065	480	31.112427
2065	2858	31.109896
2065	457	31.048796
2065	527	30.830196
2065	1240	30.655622
2066	1580	17.955906
2066	2028	17.765701
2066	1265	17.64664
2066	480	17.599876
2066	589	17.451206
2066	1196	17.367508
2066	356	17.302002
2066	1704	17.019566
2066	1	17.015295
2066	593	16.88739
2067	919	79.98594
2067	923	79.98565
2067	3035	76.47919
2067	1084	76.3779
2067	1247	75.89398
2067	1252	75.84244
2067	2300	74.01518
2067	1204	73.52711
2067	750	73.44379
2067	1267	73.191605
2068	1197	101.685524
2068	2571	97.94378
2068	1240	96.92425
2068	592	96.08357
2068	2916	94.16591
2068	1097	92.5409
2068	1200	92.322525
2068	2000	91.86649
2068	2028	91.49783
2068	1374	90.92292
2069	608	44.33972
2069	858	40.72383
2069	2858	40.619415
2069	1198	40.585434
2069	1197	40.56964
2069	541	39.7221
2069	1252	39.702312
2069	1	39.267704
2069	50	38.685577
2069	593	38.59952
2070	296	88.10525
2070	2571	83.12317
2070	2396	81.51612
2070	50	80.862854
2070	589	79.30973
2070	1196	79.17778
2070	480	78.09727
2070	110	78.044044
2070	2762	77.20342
2070	1	76.93768
2071	1196	128.59518
2071	1197	118.97565
2071	1270	117.60767
2071	1610	116.79134
2071	377	115.53888
2071	2987	115.27072
2071	1200	111.56285
2071	2628	110.27874
2071	1265	109.49535
2071	1214	108.83587
2072	1219	111.32303
2072	1617	102.00145
2072	919	101.22349
2072	858	100.11303
2072	910	98.171776
2072	1294	96.222244
2072	1234	94.59047
2072	923	94.51005
2072	1304	92.811714
2072	260	92.439
2073	318	270.7502
2073	1265	261.8683
2073	296	258.8229
2073	1196	258.10312
2073	1617	254.02872
2073	1270	250.91733
2073	1394	239.19936
2073	1094	238.4076
2073	260	237.7826
2073	923	230.79831
2074	2571	27.18176
2074	1196	26.890167
2074	480	25.811506
2074	260	25.194408
2074	2028	24.952988
2074	457	24.709333
2074	1240	24.682726
2074	1210	24.57716
2074	1580	24.486263
2074	2916	23.912024
2075	2716	24.01336
2075	2706	23.033394
2075	2599	21.950087
2075	2355	20.984812
2075	2959	20.522589
2075	2762	20.431015
2075	2395	20.239365
2075	2396	20.19944
2075	2770	20.088243
2075	296	19.757818
2076	223	25.238895
2076	2959	24.148207
2076	2396	22.224272
2076	296	21.973536
2076	608	21.680016
2076	2683	21.562727
2076	2762	21.341215
2076	2700	21.329367
2076	2502	20.627546
2076	3174	20.58648
2077	2916	310.91516
2077	3253	303.26343
2077	1210	296.20737
2077	2997	290.47556
2077	260	289.02274
2077	733	288.06137
2077	588	286.13943
2077	1220	279.2128
2077	1370	278.3224
2077	1097	272.78824
2078	296	71.72465
2078	608	71.45403
2078	318	71.18589
2078	593	67.72057
2078	2918	66.40712
2078	39	65.8425
2078	1259	65.7139
2078	1500	65.64622
2078	1213	64.70045
2078	1196	64.36532
2079	2916	79.681526
2079	1580	77.64177
2079	480	77.0894
2079	1127	73.48549
2079	1214	73.21496
2079	592	72.47434
2079	780	71.86068
2079	2000	70.797424
2079	377	70.63449
2079	1370	70.47655
2080	593	29.100283
2080	1617	28.888336
2080	296	28.55932
2080	527	28.046951
2080	1214	27.91397
2080	1213	27.399387
2080	2858	27.226479
2080	541	26.733091
2080	1387	26.677858
2080	1240	26.51278
2081	2858	13.041097
2081	2028	12.624365
2081	2571	12.347357
2081	296	12.288267
2081	593	12.185982
2081	2762	12.170643
2081	110	12.150166
2081	589	12.025697
2081	318	11.922846
2081	50	11.858992
2082	1580	57.717632
2082	589	57.448143
2082	480	57.026157
2082	380	55.532345
2082	377	55.325943
2082	2916	54.782776
2082	1	53.87977
2082	648	53.012062
2082	780	52.82872
2082	2353	52.429913
2083	1198	44.22051
2083	1210	43.975727
2083	1240	43.688385
2083	608	43.407543
2083	480	42.052593
2083	318	41.92478
2083	296	41.498985
2083	2916	41.015614
2083	1580	40.989315
2083	1214	40.98585
2084	2396	122.74022
2084	1136	116.44072
2084	1259	115.22895
2084	1197	113.612495
2084	912	112.64065
2084	1208	112.15779
2084	1394	111.73732
2084	1094	111.280624
2084	1079	110.62226
2084	1358	110.61315
2085	1517	139.09596
2085	1923	138.03691
2085	231	128.8391
2085	1500	126.054985
2085	367	123.56597
2085	2302	122.49224
2085	2124	121.95694
2085	440	119.15297
2085	3263	118.386734
2085	380	117.962006
2086	1196	17.965738
2086	2858	17.877249
2086	2987	17.60919
2086	260	17.358404
2086	2571	17.090843
2086	1270	17.060736
2086	1210	16.820763
2086	589	16.659388
2086	480	16.44576
2086	2997	16.40656
2087	2571	33.20768
2087	1196	32.47675
2087	2028	31.062685
2087	260	30.867815
2087	1210	30.571012
2087	457	30.433598
2087	1270	30.175596
2087	1265	30.095474
2087	2916	30.048992
2087	1198	30.017578
2088	2662	223.4407
2088	1036	222.39703
2088	2054	220.77966
2088	1610	211.51337
2088	1653	210.86475
2088	1748	209.02052
2088	2000	207.06473
2088	457	206.82428
2088	1275	204.4615
2088	1220	199.14987
2089	924	56.563572
2089	260	52.070625
2089	1278	50.7296
2089	904	50.59883
2089	858	50.468163
2089	2366	49.95728
2089	903	49.041435
2089	1196	48.982025
2089	1267	48.868965
2089	1617	48.707344
2090	2916	184.47948
2090	480	176.01956
2090	1676	163.3526
2090	1356	161.90225
2090	2628	161.23738
2090	110	157.6076
2090	2640	153.88734
2090	1275	151.34877
2090	95	150.6069
2090	2002	149.2417
2091	2916	103.088745
2091	1580	101.97106
2091	1200	101.21066
2091	1214	96.62922
2091	2028	95.09952
2091	2985	92.86267
2091	110	92.45148
2091	2406	90.10418
2091	780	89.49836
2091	2858	87.441246
2092	1221	318.87906
2092	1259	312.00647
2092	1265	307.46857
2092	3361	287.3718
2092	592	286.19342
2092	1307	286.01248
2092	34	275.4523
2092	1206	272.93643
2092	110	269.9096
2092	1954	267.68854
2093	1580	34.097305
2093	2571	32.480682
2093	1196	31.211954
2093	2916	31.07763
2093	1210	30.517368
2093	2028	30.274374
2093	1240	29.976633
2093	2858	29.971102
2093	1200	29.795494
2093	457	29.53356
2094	924	48.761543
2094	260	48.655125
2094	1214	48.029938
2094	1240	46.17458
2094	750	43.979187
2094	1198	42.43286
2094	589	42.268826
2094	1219	42.139664
2094	1270	42.133305
2094	2987	41.830215
2095	2355	26.362072
2095	2762	26.083975
2095	2396	25.580833
2095	223	25.449615
2095	2599	25.283588
2095	2706	24.572908
2095	3175	24.222013
2095	2571	23.324018
2095	2959	23.31415
2095	1196	23.281578
2096	480	82.96568
2096	1196	78.876724
2096	1240	78.62231
2096	2028	76.57877
2096	1610	76.27734
2096	1198	75.98178
2096	380	75.883224
2096	1270	75.5654
2096	1573	75.442825
2096	1200	74.95871
2097	2916	84.981575
2097	1573	82.59403
2097	733	80.117195
2097	1676	79.381485
2097	1370	79.11348
2097	377	78.55782
2097	1196	78.51478
2097	316	78.365364
2097	2628	77.148346
2097	1917	76.89961
2098	260	193.83116
2098	541	180.11664
2098	2985	179.93956
2098	1127	178.16553
2098	1198	175.87932
2098	1374	175.18074
2098	110	169.3849
2098	377	167.82777
2098	1036	167.66956
2098	296	167.5528
2099	1196	16.339039
2099	480	16.315498
2099	1580	16.079268
2099	2571	16.010674
2099	1270	15.711322
2099	260	15.150846
2099	2028	15.150425
2099	1210	15.145582
2099	608	15.038635
2099	1265	14.964873
2100	1580	151.38559
2100	1270	149.6746
2100	34	145.9585
2100	1097	145.64485
2100	480	145.605
2100	2716	144.26923
2100	2797	143.70143
2100	1198	143.04005
2100	260	141.9905
2100	1073	140.9419
2101	1240	64.45231
2101	1196	63.92092
2101	1374	63.363052
2101	1200	62.968895
2101	1676	62.915916
2101	2628	62.3991
2101	1210	61.482216
2101	2985	61.12639
2101	1573	60.858994
2101	1214	60.589508
2102	457	206.98882
2102	1500	202.18198
2102	589	201.20963
2102	1259	199.77429
2102	1270	196.7253
2102	480	195.5006
2102	2321	195.2105
2102	2716	192.94183
2102	2916	191.87057
2102	2918	190.07855
2103	2858	49.412006
2103	2716	47.798668
2103	223	46.75764
2103	2355	46.716927
2103	2599	45.413635
2103	2706	45.372032
2103	2959	43.60373
2103	2571	43.361164
2103	2710	42.287884
2103	1196	41.506462
2104	1196	19.206268
2104	1270	19.066645
2104	589	18.458767
2104	1240	18.200987
2104	1200	18.057407
2104	260	17.758684
2104	1198	17.744297
2104	480	17.648808
2104	1210	17.496613
2104	592	17.347641
2105	457	289.40674
2105	1240	270.21417
2105	1210	264.2495
2105	260	263.5132
2105	1079	263.46152
2105	356	262.229
2105	39	258.6097
2105	590	253.9474
2105	1200	250.58076
2105	858	249.74075
2106	1265	169.02379
2106	2321	159.70242
2106	380	158.88698
2106	440	158.52486
2106	11	153.40431
2106	1777	152.78487
2106	1517	152.19748
2106	1704	150.40009
2106	2028	149.95883
2106	589	149.63898
2107	608	23.709047
2107	1213	23.139662
2107	50	21.958399
2107	318	21.92395
2107	593	21.629026
2107	1617	21.534855
2107	2997	20.79498
2107	527	20.23432
2107	2028	20.174374
2107	1265	20.172758
2108	2396	18.691624
2108	34	18.277483
2108	1197	17.933178
2108	608	17.904173
2108	1617	17.799585
2108	1196	17.746483
2108	2858	17.394184
2108	296	17.35033
2108	1270	17.327103
2108	593	17.1257
2109	1617	276.22412
2109	2028	274.84937
2109	1200	271.4051
2109	1097	265.34634
2109	541	264.4956
2109	1036	263.59317
2109	919	258.52206
2109	592	253.65826
2109	2791	251.19954
2109	356	246.74237
2110	1240	123.10874
2110	2571	118.64453
2110	1200	117.845566
2110	1214	116.65743
2110	1036	114.276306
2110	2000	113.67826
2110	1097	113.04079
2110	2115	112.271484
2110	780	112.15057
2110	2985	112.04624
2111	1221	7.4488325
2111	912	7.278446
2111	750	7.192855
2111	1278	7.0632997
2111	2640	7.013895
2111	919	6.965955
2111	1196	6.928769
2111	969	6.8939977
2111	923	6.884974
2111	3363	6.8418465
2112	608	41.360863
2112	296	40.870186
2112	527	38.92936
2112	1704	38.577457
2112	1617	37.980587
2112	1213	37.169678
2112	457	37.113594
2112	1196	36.578896
2112	356	36.55591
2112	1580	35.682827
2113	608	29.714432
2113	1196	29.308865
2113	1580	29.201557
2113	260	27.686222
2113	1198	27.30562
2113	1617	27.172386
2113	1270	27.158863
2113	858	26.753578
2113	1197	26.443403
2113	2997	26.006607
2114	2916	127.98488
2114	377	122.086075
2114	1610	120.58502
2114	380	117.11592
2114	1240	114.68786
2114	1527	114.10309
2114	2628	112.30217
2114	1036	112.15557
2114	1291	110.698456
2114	316	110.104965
2115	2321	36.79117
2115	1784	35.54583
2115	1923	35.423004
2115	39	34.938736
2115	2858	34.50285
2115	1500	34.272133
2115	1580	34.24815
2115	1517	34.01101
2115	440	33.521008
2115	1270	33.35014
2116	2571	379.34198
2116	2916	363.73425
2116	733	362.62283
2116	648	355.0036
2116	1573	351.60754
2116	2353	346.766
2116	1370	341.51135
2116	2321	337.96378
2116	1682	323.11893
2116	349	322.66345
2117	2716	21.099949
2117	2762	20.92408
2117	2997	19.639841
2117	2355	19.55659
2117	2706	18.954473
2117	2712	18.871515
2117	1127	18.866753
2117	2433	18.738485
2117	2028	18.357512
2117	2599	18.209137
2118	2396	69.34148
2118	1394	68.38619
2118	318	68.23782
2118	527	66.86261
2118	1196	65.25553
2118	858	64.054344
2118	1259	64.00348
2118	34	63.691353
2118	1089	61.259613
2118	111	60.86119
2119	1198	115.11285
2119	457	114.321815
2119	1036	113.57294
2119	1291	109.319565
2119	1270	108.74535
2119	1127	107.98533
2119	593	106.83477
2119	2985	106.579056
2119	1197	105.09883
2119	2000	104.67341
2120	2916	118.050316
2120	1573	107.6871
2120	260	104.72808
2120	1676	102.869545
2120	2028	100.33834
2120	380	100.246994
2120	329	97.715126
2120	1127	97.6316
2120	1270	96.79463
2120	1391	96.637665
2121	2186	67.44074
2121	908	67.03798
2121	1252	65.07521
2121	922	64.06742
2121	904	63.897095
2121	910	63.808895
2121	969	63.718307
2121	903	62.136868
2121	919	61.034763
2121	1267	60.88368
2122	296	137.1749
2122	1265	128.91002
2122	589	123.75632
2122	2762	120.86976
2122	858	120.63272
2122	480	118.705696
2122	1270	116.84901
2122	2916	116.62771
2122	1197	115.39571
2122	1	114.993454
2123	587	25.067215
2123	1569	25.037706
2123	356	24.983742
2123	2424	24.60833
2123	39	24.136936
2123	3255	23.302687
2123	708	23.210217
2123	2396	22.373343
2123	1784	22.06298
2123	1777	21.927633
2124	1196	331.14532
2124	1079	314.53033
2124	296	312.36194
2124	1136	310.3343
2124	1208	307.42767
2124	260	306.06644
2124	1617	304.04898
2124	111	300.3213
2124	919	299.9759
2124	1265	297.31876
2125	1196	155.72565
2125	1610	149.42998
2125	780	139.5957
2125	2628	134.83572
2125	2985	133.60852
2125	608	130.10635
2125	1374	130.10031
2125	1356	130.08061
2125	1270	129.67969
2125	474	126.88877
2126	1240	61.54191
2126	1200	60.773357
2126	1374	58.730564
2126	2985	56.14914
2126	2968	53.128586
2126	1356	50.884796
2126	2105	50.871563
2126	1527	50.19073
2126	1198	50.005745
2126	1129	48.66554
2127	3253	87.71603
2127	1580	85.98328
2127	39	84.189125
2127	2321	82.97409
2127	1777	82.67134
2127	1784	82.24823
2127	1	81.90013
2127	1500	79.67607
2127	480	78.392044
2127	1485	78.170204
2128	1196	15.609548
2128	260	14.850635
2128	1198	14.115485
2128	589	14.055946
2128	480	13.952947
2128	1270	13.755962
2128	2571	13.604047
2128	608	13.534142
2128	2791	13.142316
2128	1617	13.097118
2129	2571	177.14859
2129	1580	163.53015
2129	608	151.64215
2129	1265	149.1504
2129	1617	147.50185
2129	1	147.3995
2129	2628	144.95462
2129	296	142.73091
2129	50	141.1865
2129	733	140.64738
2130	1580	20.401695
2130	1196	19.030293
2130	1200	18.665888
2130	1240	18.618153
2130	1270	18.27993
2130	2858	18.144163
2130	1214	18.099934
2130	260	18.034077
2130	2916	17.89129
2130	110	17.852543
2131	733	139.95126
2131	1573	139.11836
2131	648	134.16022
2131	1552	132.23686
2131	1196	130.37608
2131	1544	129.62462
2131	2167	128.94653
2131	316	128.85208
2131	1240	128.5341
2131	165	128.35994
2132	2916	42.071323
2132	2640	40.12466
2132	1206	39.100536
2132	1097	38.859993
2132	1580	38.62062
2132	2968	38.11971
2132	750	37.44072
2132	1198	36.53854
2132	2105	36.240196
2132	1129	36.202778
2133	589	7.2692823
2133	2571	7.262737
2133	480	7.197749
2133	2916	7.114545
2133	457	7.0616913
2133	2028	6.8924246
2133	780	6.744902
2133	1610	6.735962
2133	1196	6.7181907
2133	380	6.6686416
2134	2918	36.106018
2134	1196	35.955486
2134	2174	35.478306
2134	2797	35.24671
2134	1265	34.66766
2134	1220	33.685944
2134	1	33.38526
2134	1394	32.93653
2134	1307	32.898506
2134	1259	32.85649
2135	608	25.000841
2135	1265	24.735441
2135	296	23.689009
2135	527	23.426096
2135	1196	23.344074
2135	593	22.966866
2135	2028	22.593102
2135	34	22.355896
2135	1213	22.150873
2135	50	21.780926
2136	380	106.08727
2136	377	105.73818
2136	356	105.35149
2136	457	105.214485
2136	2571	102.3261
2136	110	99.01923
2136	1610	97.702835
2136	21	96.18281
2136	318	95.98132
2136	2396	95.9215
2137	2571	66.10576
2137	2916	65.47888
2137	1374	64.83823
2137	1527	61.988705
2137	1200	61.97796
2137	1376	61.03371
2137	329	60.09056
2137	2985	59.992313
2137	1372	59.973145
2137	1676	59.05108
2138	1580	54.5884
2138	316	53.071457
2138	1356	49.993374
2138	329	48.21612
2138	2012	47.713505
2138	1372	47.161255
2138	1544	47.05504
2138	1240	46.02586
2138	2393	45.821346
2138	1909	45.29093
2139	1196	35.032093
2139	260	32.694588
2139	1580	32.56741
2139	2797	32.291462
2139	1210	31.996136
2139	1198	31.726528
2139	1097	31.696774
2139	480	31.36042
2139	1265	31.098503
2139	1197	30.92277
2140	1294	137.14679
2140	1079	133.21597
2140	924	129.50229
2140	1265	127.875946
2140	1240	125.60525
2140	750	125.47558
2140	912	123.684845
2140	296	123.663734
2140	1247	123.086685
2140	1	123.00308
2141	1259	15.546638
2141	2791	14.4236965
2141	1673	14.275486
2141	608	14.248825
2141	318	14.154429
2141	480	14.135226
2141	1580	13.904802
2141	593	13.78126
2141	2028	13.649229
2141	2571	13.451468
2142	296	69.70147
2142	110	65.88675
2142	50	65.64304
2142	1610	64.97286
2142	1196	64.92778
2142	480	64.87885
2142	1213	64.167915
2142	1198	61.1224
2142	2396	60.903492
2142	260	60.296864
2143	1580	72.92265
2143	480	71.67734
2143	1610	71.47031
2143	1370	71.39933
2143	1527	68.50558
2143	780	68.48614
2143	1036	68.45801
2143	1291	67.41268
2143	1198	66.8378
2143	592	65.34551
2144	2513	42.797928
2144	1342	42.51199
2144	1991	42.099434
2144	1644	42.075184
2144	1994	42.04939
2144	2517	41.153225
2144	1987	39.65616
2144	2121	39.14423
2144	2003	39.11169
2144	1321	39.03269
2145	2640	142.3147
2145	2105	141.2625
2145	1584	133.65732
2145	1917	132.90263
2145	32	132.73552
2145	196	128.99664
2145	2455	127.72617
2145	1396	127.68214
2145	1291	126.8199
2145	2699	126.34576
2146	1196	83.08284
2146	2571	76.64096
2146	2916	75.90829
2146	1610	74.112595
2146	592	73.66639
2146	480	73.59027
2146	1374	71.044945
2146	2985	70.59297
2146	1580	70.44641
2146	377	67.33088
2147	1196	76.42173
2147	1580	76.3027
2147	608	72.9454
2147	260	72.49924
2147	1265	70.57228
2147	2028	70.21056
2147	1617	70.16691
2147	457	69.627045
2147	1270	69.42499
2147	1210	69.38036
2148	2916	193.25647
2148	780	189.68996
2148	457	182.63054
2148	380	179.16008
2148	1036	177.81876
2148	2000	177.52776
2148	316	176.30374
2148	1374	174.0042
2148	1200	173.42404
2148	2406	171.35245
2149	1196	36.664
2149	608	36.139946
2149	260	35.114796
2149	110	35.08214
2149	2571	34.80141
2149	1617	34.198227
2149	1197	34.02704
2149	1198	33.888126
2149	1240	33.602158
2149	1	33.084026
2150	1196	28.505093
2150	260	27.35139
2150	589	27.003609
2150	1036	26.8793
2150	1240	26.771778
2150	1214	26.63099
2150	2571	26.574366
2150	2716	26.481426
2150	1291	26.059668
2150	1210	25.82185
2151	608	18.22435
2151	1196	17.609674
2151	1259	17.488958
2151	260	17.062403
2151	1580	16.730957
2151	1214	16.508753
2151	858	16.475195
2151	480	16.45021
2151	541	16.44152
2151	1270	16.143595
2152	1196	8.106783
2152	260	7.8512983
2152	1240	7.448975
2152	1210	7.390395
2152	1214	7.314102
2152	480	7.276389
2152	589	7.1288524
2152	2571	7.127096
2152	1580	7.1258035
2152	1200	7.003431
2153	589	210.27303
2153	2916	204.72285
2153	457	202.23686
2153	2028	199.39386
2153	260	198.00366
2153	1210	197.80663
2153	32	197.72975
2153	110	195.48419
2153	1259	194.65642
2153	2321	192.61446
2154	608	39.21419
2154	1196	37.09145
2154	296	36.041668
2154	318	35.554554
2154	260	35.185402
2154	858	34.858814
2154	50	33.829037
2154	1213	33.65408
2154	1198	33.62334
2154	541	33.29046
2155	1717	53.4025
2155	1644	51.918934
2155	1339	51.004074
2155	2107	48.631912
2155	2004	45.662937
2155	177	45.491898
2155	879	45.26048
2155	3264	43.042126
2155	188	42.781902
2155	799	42.708305
2156	1270	185.16093
2156	1214	180.61975
2156	2987	168.92009
2156	1580	168.21133
2156	2716	167.70102
2156	2916	164.102
2156	2797	163.95732
2156	1036	162.9681
2156	1220	161.40903
2156	2791	157.97409
2157	1196	106.71857
2157	1214	98.745804
2157	858	96.88276
2157	1617	96.68116
2157	2858	96.41411
2157	1270	94.996124
2157	1197	94.271194
2157	2174	93.660614
2157	541	93.16892
2157	1259	93.13026
2158	1196	82.49359
2158	1617	77.851295
2158	593	77.401985
2158	858	76.33609
2158	2028	74.465546
2158	1089	71.936195
2158	1240	71.59618
2158	589	71.51303
2158	1197	71.394806
2158	2571	71.3435
2159	923	16.864061
2159	908	15.963281
2159	1248	15.81053
2159	1267	15.703087
2159	1230	15.546547
2159	913	15.54535
2159	111	15.53695
2159	922	15.48274
2159	904	15.310851
2159	2186	15.189197
2160	1	15.363085
2160	1265	15.123628
2160	2918	14.85627
2160	1136	14.85258
2160	2797	14.627293
2160	1394	14.6094055
2160	1270	14.430664
2160	1079	14.321052
2160	2791	14.302959
2160	2174	14.216341
2161	296	81.73479
2161	593	75.42249
2161	2289	72.13765
2161	2997	70.51072
2161	25	69.54152
2161	2291	69.44874
2161	337	68.282646
2161	2028	67.99718
2161	1179	66.83911
2161	2890	66.276695
2162	1270	126.66733
2162	608	123.384094
2162	2396	121.155106
2162	318	119.61589
2162	480	117.4301
2162	2028	116.800224
2162	2571	116.21441
2162	2797	114.899254
2162	1617	113.40998
2162	1079	111.45069
2163	1610	102.00001
2163	2916	100.508286
2163	1573	97.84328
2163	2571	97.79747
2163	589	96.35585
2163	780	96.03429
2163	474	91.76281
2163	2058	89.58342
2163	1036	88.7139
2163	316	87.678055
2164	2916	264.4632
2164	1240	256.75272
2164	1374	246.42227
2164	1610	243.2024
2164	1573	236.15282
2164	1210	233.98792
2164	1676	233.63733
2164	1127	231.79578
2164	2167	226.92014
2164	70	224.02403
2165	380	173.95856
2165	1552	168.3391
2165	349	168.18495
2165	10	163.81633
2165	1676	162.88408
2165	2628	159.96906
2165	474	158.66417
2165	1356	157.49338
2165	2194	157.22852
2165	1544	156.07945
2166	380	94.9025
2166	1377	93.24797
2166	231	88.788765
2166	3253	85.583824
2166	368	85.46893
2166	780	84.896126
2166	586	83.872986
2166	466	83.68003
2166	2916	83.4108
2166	153	83.37375
2167	2105	101.76971
2167	1676	101.70732
2167	1200	101.49386
2167	1372	100.24179
2167	1375	99.34233
2167	1214	98.354065
2167	589	98.32623
2167	2529	94.652115
2167	541	93.590004
2167	1831	91.93458
2168	296	158.57773
2168	357	155.11266
2168	1270	153.53339
2168	2716	151.68362
2168	2174	149.04408
2168	2797	148.62274
2168	3108	147.72234
2168	588	146.45618
2168	2124	145.78268
2168	551	144.91776
2169	1717	24.310238
2169	1342	23.470276
2169	2026	21.722248
2169	2338	21.273138
2169	366	20.943325
2169	70	20.675127
2169	742	20.654135
2169	253	20.351913
2169	879	20.17909
2169	177	19.949308
2170	1090	87.594055
2170	2791	86.80522
2170	858	84.77919
2170	1968	84.72545
2170	608	84.644356
2170	2000	84.45709
2170	1246	84.119446
2170	1136	83.990005
2170	2804	83.68871
2170	2248	83.558235
2171	1247	67.16976
2171	1617	64.96175
2171	924	64.15362
2171	1230	63.838417
2171	1945	61.47622
2171	1213	60.7491
2171	1193	60.594948
2171	1084	60.23896
2171	1952	60.12683
2171	593	60.040802
2172	1200	193.4815
2172	1214	190.40779
2172	2028	187.48286
2172	1	182.05042
2172	110	181.3561
2172	1291	179.98814
2172	592	179.62389
2172	318	178.06544
2172	1610	176.8913
2172	1259	176.63339
2173	318	164.4296
2173	1213	163.46524
2173	1247	158.70216
2173	1288	156.80273
2173	1294	156.55202
2173	1197	155.10382
2173	2858	155.00017
2173	1097	154.03914
2173	1136	153.355
2173	3424	152.55191
2174	1265	124.36586
2174	1704	120.28336
2174	39	117.00113
2174	1617	111.2052
2174	357	108.37679
2174	50	108.17107
2174	2291	108.06098
2174	1923	106.76853
2174	1682	104.60172
2174	1	104.18677
2175	1196	127.25802
2175	1265	122.458305
2175	1210	121.19894
2175	457	120.441635
2175	260	120.32589
2175	1240	119.278725
2175	1	118.275116
2175	1198	116.50951
2175	377	115.88606
2175	1610	115.427246
2176	1617	134.91962
2176	1265	129.1159
2176	858	128.9418
2176	541	123.586716
2176	1394	122.69005
2176	1198	121.96827
2176	2396	119.47469
2176	1259	119.292816
2176	1197	118.96656
2176	1	118.08822
2177	1270	112.4789
2177	1265	105.65868
2177	1580	103.88021
2177	1291	102.82691
2177	1240	102.51414
2177	34	101.86289
2177	2571	100.763466
2177	1214	100.664566
2177	480	100.51109
2177	1136	100.01403
2178	318	125.00554
2178	1617	112.94659
2178	36	109.89693
2178	2268	104.89751
2178	50	103.5086
2178	2291	102.83944
2178	34	102.443756
2178	1673	101.84504
2178	300	101.57039
2178	2396	100.92052
2179	1094	83.17891
2179	2268	82.12543
2179	1265	80.68938
2179	2396	79.57661
2179	1673	78.28896
2179	337	77.74389
2179	1183	75.06041
2179	3100	74.92079
2179	590	73.93366
2179	778	73.574905
2180	1370	212.05595
2180	457	210.32843
2180	733	208.26569
2180	1197	197.13522
2180	1270	197.09004
2180	1220	196.5969
2180	1552	194.88223
2180	2001	188.50246
2180	1320	187.46153
2180	2353	186.04247
2181	1198	257.8298
2181	1197	244.23094
2181	1291	242.99724
2181	592	242.34912
2181	1278	240.66632
2181	1036	238.06602
2181	1371	237.00282
2181	2174	236.63449
2181	2393	228.34035
2181	457	226.62303
2182	608	5.2633905
2182	318	5.1207447
2182	1196	4.988631
2182	527	4.961647
2182	296	4.7967267
2182	1617	4.7680464
2182	2858	4.692243
2182	260	4.691561
2182	2396	4.5829678
2182	2762	4.4878316
2183	2716	21.23847
2183	2396	20.26918
2183	2355	20.236517
2183	2858	20.11937
2183	2683	19.787537
2183	2706	19.208294
2183	2997	18.682802
2183	1127	18.530323
2183	2762	17.803514
2183	2571	17.601732
2184	2858	27.037743
2184	2997	26.357895
2184	2716	25.84371
2184	2706	23.998468
2184	2395	23.229631
2184	2762	22.759064
2184	296	22.69565
2184	2396	22.60067
2184	2700	22.46109
2184	2699	22.057344
2185	1394	173.73546
2185	2918	162.97041
2185	3363	162.85782
2185	3361	161.86174
2185	1259	158.19409
2185	2797	157.69559
2185	2174	156.37036
2185	608	153.54205
2185	1304	151.9199
2185	919	151.48244
2186	2916	231.08272
2186	1580	221.21355
2186	480	219.02232
2186	1676	201.0567
2186	1608	199.78902
2186	1917	198.99925
2186	474	197.20024
2186	353	192.42226
2186	1127	191.28232
2186	1220	178.3522
2187	296	99.003784
2187	589	94.750984
2187	1580	89.5323
2187	1704	88.83873
2187	527	86.74856
2187	1610	86.364975
2187	1	86.14322
2187	1500	84.93253
2187	21	84.64409
2187	47	84.02277
2188	1580	144.14542
2188	1923	141.95935
2188	2858	140.95192
2188	608	139.82466
2188	2918	136.27995
2188	2797	135.04413
2188	32	133.25978
2188	2716	133.18079
2188	318	132.403
2188	367	131.46521
2189	2716	20.173565
2189	2706	20.040668
2189	1196	18.717342
2189	2699	18.649057
2189	2571	18.59998
2189	2997	18.216494
2189	2762	18.028112
2189	223	18.015429
2189	2770	17.847715
2189	589	17.74346
2190	2916	83.61523
2190	1196	81.712006
2190	2858	79.09474
2190	780	77.73114
2190	457	77.14807
2190	1210	76.84534
2190	1265	76.24726
2190	260	76.10814
2190	1240	75.47107
2190	377	74.85453
2191	1	31.129204
2191	1265	30.930105
2191	1196	30.926285
2191	2571	29.427473
2191	260	29.28047
2191	2028	29.185188
2191	589	29.029701
2191	608	28.72137
2191	480	28.656662
2191	1270	28.599852
2192	1036	84.73431
2192	480	84.43351
2192	2916	83.97642
2192	1580	83.68526
2192	2028	83.28787
2192	1214	82.57274
2192	1270	81.69776
2192	2858	79.430565
2192	1374	79.32805
2192	457	79.0741
2193	589	16.747229
2193	1580	16.394278
2193	1210	16.344017
2193	480	16.00023
2193	1240	15.935929
2193	1198	15.88223
2193	260	15.71038
2193	2916	15.041913
2193	1200	14.910301
2193	2716	14.764142
2194	1374	71.77289
2194	2985	70.30305
2194	1210	67.15164
2194	2640	66.99868
2194	1580	66.893234
2194	480	65.54465
2194	1376	65.48668
2194	2105	64.35507
2194	1127	64.34757
2194	780	63.370014
2195	2916	166.02869
2195	589	164.30489
2195	1240	157.36507
2195	380	157.20824
2195	1377	151.47446
2195	457	151.03397
2195	1374	149.79695
2195	377	149.54582
2195	733	149.46913
2195	1197	149.25436
2196	2716	25.26744
2196	2683	24.564394
2196	223	24.294895
2196	2762	23.77522
2196	2959	23.183977
2196	2599	23.09698
2196	2699	23.060617
2196	2571	23.014158
2196	2028	22.138182
2196	3175	22.097519
2197	608	42.503284
2197	2858	40.618763
2197	593	39.50899
2197	318	39.181606
2197	2571	37.02128
2197	1265	36.62589
2197	2762	35.931404
2197	260	35.458084
2197	1198	34.80392
2197	1	34.62744
2198	2918	46.770782
2198	1270	44.93768
2198	2100	43.62189
2198	1197	42.376778
2198	2406	42.231583
2198	1079	42.203407
2198	2791	41.521965
2198	1968	41.31778
2198	1663	40.789593
2198	1220	40.611347
2199	2716	50.414024
2199	785	46.396423
2199	2580	46.323013
2199	2762	45.61052
2199	2502	43.313553
2199	3174	42.08597
2199	1513	41.96887
2199	3081	41.8975
2199	2395	41.842373
2199	2333	40.805363
2200	1573	58.6735
2200	1240	57.7921
2200	1374	57.171185
2200	1200	55.755688
2200	32	55.75466
2200	2985	55.695114
2200	1544	55.13601
2200	1127	54.869102
2200	1376	54.7813
2200	1196	54.284298
2201	1196	55.23527
2201	1374	53.878872
2201	1240	53.786175
2201	1200	50.86495
2201	1214	50.25957
2201	1210	49.963623
2201	2916	49.943165
2201	1580	49.454716
2201	480	49.243294
2201	2571	49.1657
2202	1270	38.992706
2202	2571	38.596333
2202	1196	37.91851
2202	2858	37.66949
2202	1197	37.156982
2202	589	37.102394
2202	2028	36.655567
2202	593	36.64242
2202	457	36.094196
2202	1210	36.070347
2203	1552	304.55182
2203	1876	291.87335
2203	1608	284.84937
2203	1214	283.3156
2203	368	281.9165
2203	2353	279.6354
2203	1220	279.08795
2203	2617	275.88293
2203	474	273.3696
2203	1270	271.46344
2204	1334	17.51602
2204	2662	17.212547
2204	2553	16.966013
2204	2663	15.992383
2204	2665	14.24765
2204	1019	14.205698
2204	1924	13.614053
2204	3375	12.947559
2204	968	12.921272
2204	2288	12.839975
2205	919	214.37486
2205	593	213.0182
2205	2396	212.97403
2205	1240	210.81879
2205	2716	210.05273
2205	1	209.76279
2205	1200	205.39697
2205	589	204.2193
2205	2987	203.91042
2205	50	201.5837
2206	593	111.51069
2206	1213	110.63262
2206	50	107.53631
2206	1641	105.45512
2206	1500	104.36711
2206	2395	102.50649
2206	1784	101.84561
2206	457	101.495705
2206	2321	100.34682
2206	3418	99.69062
2207	1197	11.341366
2207	1270	11.218631
2207	1196	11.190837
2207	589	11.052848
2207	1265	10.942154
2207	1210	10.932955
2207	260	10.88111
2207	110	10.724848
2207	2174	10.688308
2207	1	10.628188
2208	1	131.62895
2208	1259	131.55495
2208	1196	130.89946
2208	2918	130.81084
2208	2762	130.54675
2208	1358	128.59451
2208	1641	127.513176
2208	1197	127.24874
2208	589	127.067345
2208	1784	126.58949
2209	1196	7.324024
2209	260	7.0364904
2209	1265	6.6856127
2209	1197	6.599017
2209	1270	6.5270214
2209	745	6.486361
2209	2396	6.4784145
2209	2858	6.3769116
2209	1240	6.333038
2209	1291	6.214209
2210	608	7.1034474
2210	1210	6.8739
2210	527	6.8636255
2210	150	6.689922
2210	1214	6.672629
2210	1200	6.623254
2210	2858	6.566737
2210	1704	6.517156
2210	2028	6.397946
2210	1387	6.381798
2211	2797	157.16869
2211	1307	155.22139
2211	1259	153.81784
2211	1198	152.85153
2211	1394	152.65125
2211	2716	147.59262
2211	1197	147.1966
2211	2918	147.14655
2211	1304	146.64287
2211	1221	144.91965
2212	2605	41.936295
2212	2762	39.821983
2212	3081	39.36194
2212	2700	37.581448
2212	3005	37.233627
2212	2722	36.47149
2212	1093	36.426537
2212	3175	36.159767
2212	2396	35.65467
2212	2395	35.65027
2213	1259	23.200125
2213	608	22.914291
2213	1617	21.936832
2213	1196	21.57217
2213	296	21.190647
2213	260	20.86893
2213	1197	20.856894
2213	1580	20.850737
2213	1136	20.728437
2213	1221	20.598146
2214	2396	60.18142
2214	2858	51.455917
2214	608	51.22711
2214	1307	51.192703
2214	1617	50.45987
2214	34	48.981823
2214	527	47.96554
2214	593	47.742775
2214	2997	47.572636
2214	1	47.31967
2215	1089	112.32985
2215	480	110.31192
2215	1580	110.21205
2215	1265	108.92008
2215	1240	106.66503
2215	1	102.0442
2215	1270	101.709335
2215	21	101.4002
2215	6	99.43622
2215	1358	99.249344
2216	608	19.092365
2216	2858	18.212082
2216	1213	18.202639
2216	296	17.67614
2216	1394	17.548746
2216	1259	17.543268
2216	1617	17.396078
2216	1079	17.379261
2216	1265	17.317545
2216	1136	17.082487
2217	1196	19.997131
2217	1259	19.977766
2217	480	19.844421
2217	1270	19.689678
2217	1265	19.561789
2217	2571	18.999918
2217	608	18.85323
2217	1198	18.824097
2217	2716	18.724918
2217	1197	18.655016
2218	608	18.51422
2218	1580	18.342274
2218	589	18.165316
2218	1259	18.097345
2218	2791	17.694525
2218	1196	17.352955
2218	1617	17.18232
2218	858	16.600466
2218	260	16.454193
2218	1198	16.439434
2219	1	144.72855
2219	1270	143.9765
2219	1197	140.7978
2219	1704	137.6948
2219	1259	136.9265
2219	2762	136.90997
2219	1784	136.5249
2219	457	135.33652
2219	2918	135.15088
2219	2716	135.12944
2220	2028	21.217667
2220	593	20.567734
2220	318	19.824202
2220	110	19.659956
2220	589	19.449125
2220	50	19.411932
2220	480	19.32005
2220	2571	19.289024
2220	1617	19.04206
2220	1610	19.026085
2221	2571	121.40766
2221	260	110.69823
2221	1198	102.11932
2221	1214	101.145454
2221	457	100.73887
2221	1396	100.39464
2221	110	100.06651
2221	1197	99.08522
2221	1610	96.890274
2221	1676	96.675316
2222	2797	119.573235
2222	1	112.94149
2222	357	109.22696
2222	3253	107.44507
2222	2321	107.4104
2222	11	107.19378
2222	3361	106.920074
2222	1197	106.86652
2222	2000	105.952255
2222	1923	105.412094
2223	1240	273.64
2223	1200	264.89554
2223	296	263.69308
2223	2000	256.433
2223	592	247.09422
2223	2700	232.93318
2223	590	230.23366
2223	2406	228.41628
2223	2985	227.87302
2223	1573	225.63344
2224	1240	37.084152
2224	2571	34.686043
2224	1206	34.522583
2224	589	34.183037
2224	1210	33.32094
2224	1374	33.017002
2224	1097	32.578785
2224	1198	32.1428
2224	2916	32.118862
2224	2985	31.72124
2225	1136	197.32733
2225	1200	192.32123
2225	1097	190.01903
2225	3421	189.68893
2225	2987	189.5896
2225	1073	181.55933
2225	608	177.93336
2225	21	175.83334
2225	2054	173.51582
2225	593	172.22572
2226	1196	48.060257
2226	2028	47.75149
2226	589	47.085926
2226	593	46.29372
2226	1198	46.041462
2226	608	45.850243
2226	1580	45.59474
2226	1610	45.153374
2226	1617	44.853413
2226	110	44.818104
2227	2916	39.444626
2227	1580	38.630676
2227	480	38.492065
2227	1036	37.927357
2227	2028	37.914616
2227	260	37.746704
2227	1610	37.62938
2227	110	37.14881
2227	1210	36.958717
2227	1198	36.695946
2228	1240	57.61398
2228	1196	57.273872
2228	1210	53.116165
2228	1198	52.640648
2228	1036	51.713963
2228	2985	50.05422
2228	1291	49.93364
2228	1374	49.686073
2228	2000	48.65329
2228	1127	48.46235
2229	2858	29.95624
2229	39	29.60454
2229	1641	29.295017
2229	1580	28.659248
2229	1500	28.592604
2229	357	28.417519
2229	34	28.050453
2229	3253	28.03951
2229	1784	28.033836
2229	608	27.6346
2230	1704	109.99377
2230	150	100.22178
2230	296	97.51087
2230	1094	96.33602
2230	3100	94.86901
2230	593	94.22872
2230	25	93.104324
2230	1784	90.098015
2230	3386	86.97785
2230	590	84.9464
2231	1197	190.43005
2231	1136	185.10173
2231	2174	185.0047
2231	296	184.94963
2231	1036	184.81845
2231	1247	181.54803
2231	2918	181.46521
2231	1214	181.03778
2231	541	180.4521
2231	2791	178.76866
2232	457	210.68466
2232	260	188.43031
2232	1036	184.98064
2232	380	184.81816
2232	1676	184.32597
2232	1265	184.16963
2232	1356	183.9329
2232	50	183.57216
2232	1198	179.47787
2232	2985	178.09218
2233	2797	110.79949
2233	2918	109.20432
2233	1307	108.88357
2233	1079	105.948654
2233	2396	104.09728
2233	2100	103.49
2233	356	103.37963
2233	1580	102.00172
2233	2321	100.81357
2233	1136	98.667
2234	1252	15.93856
2234	608	15.244088
2234	903	14.898973
2234	908	13.706719
2234	1267	13.413154
2234	50	13.276642
2234	912	13.087515
2234	858	12.9220295
2234	924	12.807725
2234	541	12.806812
2235	1485	89.81455
2235	3253	86.488556
2235	333	82.09884
2235	586	78.86368
2235	440	77.731186
2235	3254	75.01021
2235	39	74.13826
2235	520	72.99239
2235	1020	72.69029
2235	1784	72.64769
2236	608	46.55187
2236	296	46.0867
2236	2028	45.04285
2236	2571	44.53027
2236	1196	43.84022
2236	2762	43.2877
2236	1923	43.069523
2236	457	42.818428
2236	50	42.80458
2236	1704	42.090256
2237	608	247.48936
2237	593	225.4818
2237	2396	223.2759
2237	1213	222.7833
2237	1617	219.20729
2237	34	215.05617
2237	2289	208.6583
2237	1079	208.51152
2237	1394	208.2611
2237	1196	208.24443
2238	608	65.22155
2238	296	62.768753
2238	36	57.917645
2238	1704	57.379875
2238	593	57.329163
2238	1617	55.063507
2238	2291	54.22756
2238	1095	53.57871
2238	50	53.53998
2238	2997	51.93772
2239	480	101.307594
2239	1580	98.98256
2239	1214	96.949585
2239	1197	93.51086
2239	1291	92.26366
2239	541	90.52017
2239	1610	88.86586
2239	32	88.77081
2239	1127	88.56751
2239	2628	88.3039
2240	1196	94.00704
2240	1580	91.541176
2240	480	89.588165
2240	780	86.83279
2240	1372	82.93761
2240	541	82.71672
2240	329	82.35053
2240	316	82.224655
2240	2105	80.99653
2240	1676	80.56336
2241	910	74.953575
2241	908	71.9303
2241	928	68.95136
2241	1252	68.87938
2241	1247	67.73192
2241	1945	66.7394
2241	1267	65.6986
2241	1219	65.32458
2241	2300	64.51972
2241	951	64.40732
2242	1265	184.3874
2242	32	179.75264
2242	457	178.9074
2242	1374	175.53984
2242	1527	175.38443
2242	2054	171.98222
2242	2640	170.82127
2242	316	168.24185
2242	1610	167.85773
2242	2716	167.39673
2243	1196	49.839214
2243	858	49.171185
2243	296	48.020103
2243	1213	47.594448
2243	260	47.52547
2243	919	47.05954
2243	1198	46.42295
2243	923	46.002274
2243	111	45.56034
2243	2028	45.420074
2244	1240	227.28122
2244	1136	215.99268
2244	1036	211.44739
2244	593	210.8743
2244	457	209.51268
2244	1265	209.47133
2244	1259	203.52238
2244	2000	201.36469
2244	318	200.15471
2244	2716	198.9187
2245	3301	4.886261
2245	2502	4.3900776
2245	2959	4.275456
2245	1777	4.1965528
2245	2706	4.086942
2245	2858	4.002884
2245	1923	3.9876435
2245	2355	3.971153
2245	588	3.9592373
2245	39	3.9575694
2246	608	113.70173
2246	1240	113.25262
2246	589	111.96645
2246	296	108.85733
2246	2916	108.77439
2246	1036	108.54247
2246	1200	107.43413
2246	480	106.82594
2246	1610	102.87863
2246	50	102.34443
2247	919	149.3111
2247	1252	147.0085
2247	593	146.01732
2247	908	145.75151
2247	111	141.00272
2247	1294	137.73924
2247	2289	135.17554
2247	1207	134.59023
2247	1259	131.37022
2247	1394	131.10141
2248	1617	52.449913
2248	1196	51.489605
2248	50	50.55892
2248	2571	50.43008
2248	1214	49.679207
2248	260	49.345238
2248	1610	48.622036
2248	1198	47.739647
2248	480	47.65497
2248	904	46.999565
2249	480	38.739887
2249	1196	38.126263
2249	1270	36.75847
2249	260	35.96758
2249	1240	35.94482
2249	1200	35.61133
2249	1214	35.505646
2249	2571	35.0789
2249	1210	34.970036
2249	2858	34.948055
2250	2571	36.810093
2250	1196	35.747112
2250	2916	34.36362
2250	260	34.000015
2250	1240	33.364044
2250	1210	33.09438
2250	2028	32.95366
2250	608	32.211586
2250	32	32.0942
2250	1200	31.471298
2251	1394	213.37524
2251	1136	211.97046
2251	924	211.54482
2251	1221	209.37984
2251	1230	201.88667
2251	1214	201.34872
2251	1198	200.69257
2251	1234	200.63176
2251	593	199.88712
2251	1304	197.9934
2252	1	13.904189
2252	1265	13.716782
2252	1580	13.242256
2252	1270	13.035543
2252	1923	12.828972
2252	3255	12.560303
2252	2321	12.529717
2252	3253	12.51777
2252	1517	12.511002
2252	1500	12.491519
2253	1196	34.089943
2253	260	32.971504
2253	1198	32.768303
2253	1210	32.584053
2253	480	32.55399
2253	592	32.542362
2253	1240	32.27715
2253	2000	31.541039
2253	589	31.215918
2253	2571	31.025723
2254	1198	82.84954
2254	1580	76.95675
2254	1610	76.13109
2254	2985	75.691124
2254	1387	74.710785
2254	2640	72.20141
2254	1270	71.84693
2254	1220	70.72436
2254	541	68.85535
2254	1954	68.20843
2255	2987	107.28917
2255	2797	105.40949
2255	2054	100.34779
2255	3114	97.94426
2255	2918	97.06746
2255	1196	96.36416
2255	1580	96.19716
2255	2294	95.86107
2255	551	95.325714
2255	2161	95.31104
2256	1197	63.42812
2256	1394	61.433186
2256	1196	60.66063
2256	608	60.026043
2256	1	59.196045
2256	1198	59.149635
2256	296	58.892548
2256	2858	58.66814
2256	593	58.018417
2256	1617	56.15365
2257	2396	11.756478
2257	39	11.176161
2257	2858	11.144668
2257	1393	11.135473
2257	357	10.840869
2257	1580	10.729296
2257	380	10.629025
2257	2028	10.51698
2257	377	10.509155
2257	1270	10.480828
2258	1270	182.31577
2258	2797	177.20532
2258	1214	169.04742
2258	592	167.49675
2258	2571	164.27179
2258	1240	163.58003
2258	1200	162.43893
2258	589	160.35262
2258	2406	160.25641
2258	1136	159.27985
2259	858	150.84691
2259	2997	147.07446
2259	1196	146.0236
2259	912	142.91998
2259	111	141.31805
2259	923	140.45126
2259	919	139.95146
2259	1394	139.36995
2259	1094	139.03273
2259	1198	137.33252
2260	1196	23.631025
2260	2571	23.261768
2260	1580	23.242285
2260	1197	23.022543
2260	589	22.559475
2260	1270	22.428883
2260	608	22.141306
2260	356	22.05408
2260	480	21.921225
2260	296	21.80499
2261	2571	145.78946
2261	457	136.48773
2261	527	130.39293
2261	1610	130.17407
2261	1196	129.22826
2261	3418	129.12808
2261	377	128.9835
2261	1265	128.87791
2261	50	124.74624
2261	2762	124.74139
2262	377	112.09739
2262	1197	111.62089
2262	1370	108.18592
2262	1676	107.21939
2262	329	104.57016
2262	2105	103.25318
2262	2406	103.182014
2262	2115	103.145386
2262	541	102.92881
2262	1375	102.51981
2263	589	147.50223
2263	1240	142.39417
2263	2028	139.07472
2263	1036	138.74828
2263	733	134.84184
2263	1573	133.64531
2263	1291	133.44847
2263	780	133.22507
2263	2000	132.68523
2263	2985	128.33736
2264	377	136.42502
2264	1580	135.79315
2264	1610	134.92749
2264	380	133.66965
2264	589	130.04494
2264	1265	129.77771
2264	780	129.74535
2264	2028	129.58499
2264	733	127.48132
2264	318	127.21197
2265	2571	159.24686
2265	1374	151.63208
2265	1387	145.45847
2265	733	144.21915
2265	2406	142.18907
2265	1220	141.2107
2265	1270	137.10461
2265	1573	136.96065
2265	1954	136.52765
2265	1527	136.0085
2266	608	70.61419
2266	318	69.97706
2266	296	68.4329
2266	1704	68.2823
2266	2858	65.18567
2266	2028	64.34623
2266	2396	63.715687
2266	1213	63.610725
2266	1265	63.59395
2266	50	62.190258
2267	1259	31.35029
2267	858	30.397743
2267	1079	29.529848
2267	1617	28.883913
2267	1196	28.611757
2267	1394	28.562054
2267	2858	28.402086
2267	1247	28.219677
2267	1208	28.088541
2267	1674	27.893959
2268	1265	20.639427
2268	2396	19.74493
2268	1641	19.515144
2268	1	19.212559
2268	1500	19.154736
2268	2321	18.951506
2268	357	18.948713
2268	2997	18.754734
2268	608	18.618092
2268	34	18.452341
2269	2858	12.912415
2269	2028	12.041741
2269	593	11.976225
2269	2762	11.793247
2269	1580	11.666576
2269	110	11.573441
2269	2997	11.461699
2269	589	11.373625
2269	2571	11.2555485
2269	2396	11.152799
2270	1196	70.90888
2270	2571	70.495384
2270	2916	69.093704
2270	1240	67.94063
2270	260	67.61345
2270	2628	65.785286
2270	780	65.32323
2270	1270	63.913963
2270	1200	63.52666
2270	1527	62.212276
2271	1270	210.8825
2271	2985	201.28987
2271	593	197.10298
2271	2640	196.76443
2271	2987	194.84389
2271	296	193.98941
2271	2406	193.90106
2271	1242	193.458
2271	1097	193.43327
2271	50	190.4666
2272	260	77.212906
2272	1259	75.0479
2272	1036	74.5069
2272	1394	72.93228
2272	589	71.772766
2272	593	71.654236
2272	858	71.32566
2272	1097	71.32084
2272	2028	71.20124
2272	2571	70.46513
2273	1196	54.875668
2273	1210	52.411816
2273	1240	52.127113
2273	589	50.91008
2273	1580	50.79051
2273	2916	50.740215
2273	1198	50.45471
2273	2571	49.92892
2273	1036	49.06333
2273	1291	48.854088
2274	1196	30.379553
2274	2105	29.989658
2274	2140	29.910145
2274	2100	29.295336
2274	1291	29.194527
2274	1198	28.508635
2274	1580	28.326097
2274	2987	28.22104
2274	1197	28.049242
2274	592	27.798622
2275	2858	21.083311
2275	2716	20.575298
2275	223	18.796858
2275	2762	18.728357
2275	2997	18.526314
2275	2599	18.432064
2275	593	18.14669
2275	2355	17.99458
2275	2987	17.763546
2275	2699	17.593174
2276	608	80.70433
2276	1358	74.67445
2276	36	71.446495
2276	1682	71.226425
2276	1617	70.842735
2276	3418	70.17968
2276	50	69.00466
2276	1393	68.493225
2276	300	67.78059
2276	1673	67.50105
2277	1	19.62451
2277	318	19.064213
2277	1265	18.866562
2277	356	17.875269
2277	2028	17.730194
2277	1704	17.606857
2277	1580	17.44322
2277	608	17.307968
2277	593	17.007652
2277	2762	16.976671
2278	2571	35.510784
2278	1196	35.41032
2278	2716	34.43351
2278	260	33.655243
2278	1240	33.344933
2278	1210	33.110577
2278	1127	32.7176
2278	593	32.394302
2278	2028	32.26459
2278	2762	32.24483
2279	1240	189.72107
2279	1276	177.60367
2279	919	174.34111
2279	1220	174.28049
2279	1394	174.1989
2279	1210	173.05762
2279	1259	172.91583
2279	1225	171.50966
2279	608	168.14961
2279	1080	167.72127
2280	296	44.928356
2280	318	44.723488
2280	593	44.2255
2280	1265	44.02255
2280	1617	43.859753
2280	2997	43.39116
2280	1213	42.556652
2280	2396	42.07841
2280	34	41.859547
2280	1704	40.801174
2281	608	54.383636
2281	1196	54.37102
2281	260	51.834793
2281	593	50.78061
2281	2028	50.668934
2281	296	50.284218
2281	527	48.859173
2281	2571	48.361332
2281	50	48.21477
2281	1270	48.165
2282	2571	152.66798
2282	1527	141.27998
2282	377	140.4501
2282	1200	138.05734
2282	1210	135.97816
2282	260	134.4794
2282	1356	133.98686
2282	1676	133.84442
2282	1374	133.27277
2282	2628	132.193
2283	2396	21.014244
2283	223	20.900787
2283	2683	20.388493
2283	2355	19.76193
2283	2762	19.717953
2283	2959	19.03544
2283	2987	18.968437
2283	2395	18.537678
2283	608	18.412209
2283	1196	18.207558
2284	1374	45.54455
2284	2916	44.885765
2284	1580	43.86111
2284	480	43.695564
2284	2985	42.772697
2284	32	42.25016
2284	750	41.728542
2284	2640	41.2751
2284	1376	40.95668
2284	2968	40.955544
2285	2858	29.625301
2285	318	29.608809
2285	1196	28.933939
2285	1617	28.870935
2285	296	28.747015
2285	1265	28.708881
2285	527	28.3745
2285	2396	28.06797
2285	50	28.024021
2285	2028	27.574196
2286	2694	24.250414
2286	2716	24.096891
2286	2699	23.841429
2286	2858	23.702757
2286	2355	23.533888
2286	2605	23.270647
2286	2502	23.0899
2286	2599	22.701277
2286	2541	22.600887
2286	2997	21.861017
2287	1196	23.35641
2287	1208	23.084774
2287	260	22.116129
2287	858	22.058516
2287	1250	21.874722
2287	1198	21.724651
2287	1304	20.675322
2287	2028	20.638233
2287	1263	20.579033
2287	1234	20.403051
2288	260	203.85596
2288	296	199.89294
2288	1198	197.42924
2288	1136	191.70207
2288	1240	190.40369
2288	593	189.64833
2288	111	189.4389
2288	1265	189.21881
2288	2028	186.58618
2288	1259	186.14853
2289	1028	26.363497
2289	594	25.515278
2289	1029	23.475647
2289	1022	23.435015
2289	2081	23.148476
2289	1196	23.02804
2289	899	22.688374
2289	2096	22.664162
2289	1947	22.64229
2289	1197	22.271566
2290	1265	98.95644
2290	1196	94.314224
2290	318	93.781815
2290	2028	92.16282
2290	457	92.14357
2290	608	92.08233
2290	356	91.33397
2290	593	90.97096
2290	110	90.5071
2290	1197	90.12407
2291	1196	41.673035
2291	1291	39.243473
2291	1197	37.45403
2291	2916	36.88857
2291	1374	36.81149
2291	1240	36.45328
2291	589	36.325317
2291	1270	35.993465
2291	2640	35.724293
2291	2571	35.71936
2292	2571	16.734833
2292	2916	16.683916
2292	1240	15.993705
2292	1196	15.817202
2292	260	15.46057
2292	780	14.984056
2292	457	14.943618
2292	1210	14.900783
2292	1198	14.777012
2292	1036	14.70575
2293	1247	165.65445
2293	1230	162.93375
2293	111	159.44687
2293	1219	156.73563
2293	1276	154.30342
2293	1267	152.16727
2293	541	152.07042
2293	593	150.57935
2293	1214	149.72052
2293	1193	149.1743
2294	1196	44.085587
2294	919	43.9902
2294	260	42.394012
2294	923	41.27034
2294	1252	40.166157
2294	969	40.004402
2294	924	39.8112
2294	1304	39.634567
2294	1219	39.47688
2294	1221	39.465652
2295	1196	12.849571
2295	1240	11.913579
2295	1198	11.575081
2295	1214	11.516916
2295	480	11.472755
2295	1036	11.467021
2295	1200	11.34351
2295	589	11.291021
2295	2916	10.888153
2295	1291	10.792603
2296	296	19.804764
2296	2028	19.542845
2296	1196	19.492569
2296	589	19.444921
2296	318	19.4165
2296	593	19.401936
2296	480	18.975887
2296	527	18.594654
2296	1580	18.579668
2296	1617	18.488426
2297	1196	36.067104
2297	608	34.510532
2297	1198	34.49331
2297	318	32.32645
2297	1214	32.216717
2297	1387	31.618334
2297	1213	31.467442
2297	1240	31.150248
2297	296	30.972893
2297	1200	30.822739
2298	2762	53.00802
2298	2699	52.32512
2298	3081	48.197273
2298	2396	47.98629
2298	2987	47.459503
2298	2700	47.389587
2298	3005	47.365955
2298	3176	45.335873
2298	2841	45.190544
2298	2723	45.132435
2299	1374	69.7681
2299	1356	69.606865
2299	1527	66.898575
2299	2985	64.36403
2299	1214	64.178955
2299	1676	62.963192
2299	2640	62.204296
2299	32	60.948708
2299	1198	60.408985
2299	1097	60.16762
2300	1240	47.077938
2300	1200	44.912903
2300	589	44.58527
2300	1214	44.208885
2300	2571	44.20331
2300	1197	44.022144
2300	480	43.45321
2300	1610	43.243416
2300	110	42.901535
2300	592	42.76063
2301	296	28.760027
2301	1213	28.494705
2301	1259	28.326805
2301	858	27.399033
2301	318	27.23073
2301	111	27.173185
2301	1225	27.091076
2301	1617	26.995668
2301	2997	26.473173
2301	593	26.306076
2302	1580	173.95229
2302	1036	163.96707
2302	1370	159.16458
2302	592	158.483
2302	1573	151.26457
2302	1197	149.96324
2302	1527	149.70007
2302	1356	147.69917
2302	2353	145.05887
2302	2640	144.58963
2303	1196	236.29695
2303	1210	212.62624
2303	1291	204.77612
2303	593	203.37675
2303	592	201.3189
2303	1197	200.06566
2303	1265	193.6624
2303	2194	193.36888
2303	541	191.089
2303	1	185.54291
2304	2641	382.26657
2304	292	354.02582
2304	2193	351.6832
2304	1259	346.24524
2304	2918	345.2342
2304	2791	344.99515
2304	3033	330.42163
2304	593	329.1815
2304	296	328.1506
2304	1587	326.04565
2305	1265	47.114445
2305	39	45.84824
2305	1500	45.071968
2305	3253	42.044533
2305	1747	41.927982
2305	608	41.51693
2305	235	40.314945
2305	223	39.572403
2305	1517	39.389088
2305	440	39.3626
2306	1247	45.548958
2306	919	45.449436
2306	1230	42.002666
2306	920	41.915863
2306	1094	41.635193
2306	34	40.862045
2306	899	40.821827
2306	910	40.61839
2306	1028	40.272358
2306	1617	40.19568
2307	318	118.38666
2307	589	114.228714
2307	2571	113.81116
2307	1265	113.08317
2307	457	110.74838
2307	1197	106.863785
2307	1240	105.53689
2307	2762	105.123436
2307	1	104.05021
2307	2916	103.54678
2308	2997	38.284336
2308	2706	36.700886
2308	2987	36.663605
2308	223	36.38226
2308	1127	35.2182
2308	2336	34.492023
2308	2699	33.600975
2308	1196	33.28172
2308	2712	32.756454
2308	785	32.568707
2309	539	71.08722
2309	597	69.33238
2309	357	69.15919
2309	1569	63.691616
2309	440	61.748466
2309	1183	60.497486
2309	39	59.82093
2309	708	59.202583
2309	17	57.504757
2309	1265	57.199738
2310	1079	62.559113
2310	2352	57.570232
2310	2918	56.42425
2310	2797	55.904903
2310	608	55.346394
2310	2174	55.136658
2310	1136	55.023792
2310	541	54.95903
2310	1197	54.32621
2310	858	54.18
2311	527	13.650367
2311	296	13.606214
2311	318	13.326855
2311	593	13.241322
2311	1617	12.878508
2311	50	12.662296
2311	1213	12.584972
2311	1704	12.282237
2311	1198	11.959629
2311	1196	11.942805
2312	1374	27.256912
2312	260	26.074297
2312	1214	25.472305
2312	589	23.68796
2312	1291	23.646238
2312	1036	23.633078
2312	2571	23.617292
2312	2640	23.468397
2312	2916	23.360699
2312	1580	23.200626
2313	1210	44.37846
2313	589	43.473614
2313	1200	43.345352
2313	1214	43.18739
2313	1198	42.50229
2313	1580	41.01971
2313	1374	40.678043
2313	1197	40.00379
2313	1127	38.890884
2313	2028	38.045986
2314	223	19.230284
2314	296	19.017767
2314	608	18.910309
2314	2396	18.74174
2314	2762	18.631073
2314	2395	18.588848
2314	593	18.169834
2314	1617	17.472452
2314	1213	17.453493
2314	3176	17.338207
2315	1270	15.681129
2315	1214	15.526911
2315	1200	15.0887375
2315	260	14.920716
2315	1196	14.890921
2315	1240	14.8150215
2315	1208	14.002428
2315	858	13.81994
2315	3363	13.736847
2315	541	13.721365
2316	1198	96.58426
2316	1220	95.85325
2316	260	94.21175
2316	1291	94.075226
2316	592	92.88004
2316	2406	92.45582
2316	1197	91.50476
2316	1200	90.50615
2316	2797	89.07796
2316	1610	88.46771
2317	2706	38.236076
2317	2599	35.7496
2317	2762	33.55894
2317	2710	33.51476
2317	2396	32.54464
2317	785	32.073055
2317	2699	31.948895
2317	2694	31.803236
2317	2712	31.1115
2317	2502	31.055624
2318	1270	19.759167
2318	1200	19.6084
2318	1196	19.588177
2318	260	19.379833
2318	1240	19.082191
2318	480	18.832453
2318	1210	18.757303
2318	592	18.647072
2318	1580	18.464495
2318	2916	18.255867
2319	780	35.02825
2319	2916	34.90312
2319	380	34.46028
2319	589	34.369022
2319	1270	34.098198
2319	1196	34.09766
2319	2571	33.505466
2319	1198	33.40071
2319	316	32.838787
2319	1291	32.8164
2320	39	54.215637
2320	1265	54.016026
2320	440	52.25116
2320	1641	51.35656
2320	1784	50.05985
2320	539	48.61275
2320	1500	48.2734
2320	1747	48.044205
2320	587	46.656452
2320	1	46.21965
2321	1196	79.926186
2321	2571	79.016266
2321	2028	77.79236
2321	2396	76.57972
2321	1517	75.483574
2321	480	75.40703
2321	3253	75.20534
2321	1210	75.12781
2321	2918	74.962395
2321	39	74.88039
2322	2716	40.39968
2322	593	39.618534
2322	2028	38.039303
2322	2599	37.800922
2322	296	36.071735
2322	2959	35.960636
2322	223	35.401264
2322	2336	35.386806
2322	2683	35.373215
2322	2706	35.040993
2323	1270	155.0928
2323	1617	153.14508
2323	2571	150.20187
2323	1200	149.03482
2323	2174	144.49384
2323	2028	144.47318
2323	1079	144.07722
2323	1097	142.92888
2323	1210	142.87227
2323	2916	142.08342
2324	858	71.542725
2324	1213	68.80176
2324	1617	66.892006
2324	296	66.8493
2324	1221	66.21337
2324	1196	64.86946
2324	1252	63.785175
2324	750	62.720768
2324	50	60.92362
2324	1219	60.679012
2325	223	17.430395
2325	2959	16.630093
2325	2762	16.377216
2325	2716	16.038187
2325	2396	15.827318
2325	593	15.772909
2325	318	15.543087
2325	2355	15.265898
2325	2712	14.705332
2325	2770	14.524628
2326	1580	38.434628
2326	2916	37.927784
2326	780	37.505424
2326	1196	37.462654
2326	2571	36.861763
2326	480	36.42544
2326	1240	35.971348
2326	1210	35.933975
2326	589	35.641148
2326	1527	35.528793
2327	2916	52.880672
2327	457	50.678387
2327	780	48.79721
2327	1610	48.662384
2327	1196	47.686226
2327	1370	47.199883
2327	110	46.989826
2327	1240	45.884125
2327	1210	45.81481
2327	260	45.44569
2328	480	20.1606
2328	1580	20.029146
2328	110	18.394224
2328	2571	18.18851
2328	1240	17.927149
2328	1196	17.610239
2328	1270	17.12655
2328	457	16.87077
2328	260	16.547985
2328	1259	16.516085
2329	910	18.933126
2329	898	18.581648
2329	903	18.177197
2329	908	18.089788
2329	904	17.856714
2329	1252	17.409286
2329	930	17.285961
2329	905	17.206182
2329	899	17.198195
2329	955	17.147512
2330	1200	77.52872
2330	1210	75.93861
2330	2985	70.99541
2330	1198	70.0644
2330	1127	68.784645
2330	2968	66.67334
2330	2105	66.55277
2330	780	66.07879
2330	1197	65.46952
2330	1206	65.33094
2331	296	59.529522
2331	1704	56.455765
2331	1213	56.29975
2331	593	55.51745
2331	527	54.780483
2331	50	53.40724
2331	2028	52.051514
2331	25	51.800625
2331	39	51.49318
2331	2291	51.24954
2332	608	34.10047
2332	1247	33.303238
2332	923	32.17902
2332	1617	31.045832
2332	1225	30.6501
2332	1213	30.586214
2332	296	30.35139
2332	111	30.07322
2332	1252	30.003931
2332	2858	29.953005
2333	296	53.29458
2333	1265	52.00583
2333	2396	48.645973
2333	1196	48.30232
2333	110	48.21505
2333	1	47.72463
2333	1213	47.554996
2333	1580	47.18017
2333	589	46.92536
2333	1198	45.81574
2334	1307	143.87396
2334	919	140.43513
2334	1197	140.01624
2334	1198	139.03476
2334	356	138.7452
2334	1259	137.2977
2334	2396	137.17528
2334	2406	136.31943
2334	318	135.4535
2334	593	133.82039
2335	750	56.563972
2335	1214	55.14025
2335	903	51.411144
2335	1219	50.40658
2335	2662	48.918087
2335	2186	48.326115
2335	912	48.110504
2335	2529	48.06585
2335	1617	46.667442
2335	2968	45.124172
2336	260	14.160217
2336	589	13.62504
2336	2571	13.379211
2336	1200	13.2749405
2336	1036	13.2429695
2336	1210	13.124169
2336	1214	13.033297
2336	1291	13.017601
2336	2028	12.786087
2336	2916	12.520549
2337	377	57.795387
2337	1196	57.507298
2337	780	56.197186
2337	1210	54.673573
2337	733	54.583813
2337	1198	53.56756
2337	1240	53.235527
2337	1036	52.51497
2337	1270	52.25725
2337	1370	52.051422
2338	1200	133.78857
2338	2571	129.59589
2338	1210	125.810875
2338	1198	119.693245
2338	1206	118.55729
2338	1127	117.238945
2338	1197	111.94783
2338	1372	111.76568
2338	1129	109.075195
2338	1387	106.90609
2339	1265	18.67331
2339	2028	18.144932
2339	608	17.424496
2339	1196	17.405787
2339	2396	17.331415
2339	318	17.323183
2339	1270	17.086744
2339	593	16.994343
2339	858	16.772282
2339	260	16.639154
2340	1265	214.54993
2340	527	212.81252
2340	1213	206.99704
2340	1307	199.58836
2340	1079	195.38333
2340	1198	194.3997
2340	1208	191.54497
2340	34	191.28572
2340	1394	191.01714
2340	1674	190.42047
2341	1196	35.284
2341	1270	33.991806
2341	589	33.86618
2341	2571	33.555138
2341	260	33.50174
2341	1240	32.557144
2341	1097	31.739628
2341	1200	30.489754
2341	1214	30.280867
2341	1198	30.108978
2342	1196	54.33061
2342	260	52.119255
2342	858	50.968647
2342	296	50.392178
2342	2858	49.348885
2342	1213	49.193752
2342	1214	48.67825
2342	1240	48.670647
2342	2571	48.23931
2342	593	48.11384
2343	914	24.768347
2343	594	23.775381
2343	2080	23.608501
2343	1029	22.502571
2343	2096	22.06576
2343	919	21.975847
2343	2941	21.409445
2343	1282	20.979256
2343	901	19.699183
2343	1032	19.367708
2344	780	110.151024
2344	1356	105.821625
2344	2699	103.673065
2344	1372	101.14968
2344	329	100.56763
2344	1584	100.35777
2344	2716	95.263275
2344	2012	95.181366
2344	1544	93.76472
2344	1876	93.645935
2345	1213	14.620344
2345	1617	14.304892
2345	111	14.296297
2345	593	14.292534
2345	296	14.277233
2345	527	14.232805
2345	318	14.170112
2345	1247	14.135706
2345	1193	14.0916815
2345	1196	13.981894
2346	594	48.000584
2346	1022	47.976757
2346	919	46.41898
2346	2987	44.043903
2346	1	43.117325
2346	1580	42.670795
2346	1097	41.96005
2346	592	41.95019
2346	480	41.08767
2346	1240	40.871838
2347	1196	23.240513
2347	1198	22.32452
2347	1240	21.061157
2347	1214	20.739681
2347	2571	20.502523
2347	1210	20.27132
2347	1387	20.159166
2347	457	19.863535
2347	1200	19.624273
2347	1291	19.593468
2348	858	106.381165
2348	1221	98.61979
2348	1036	98.2196
2348	1222	97.95771
2348	1294	97.16814
2348	1197	94.99321
2348	2194	94.78822
2348	919	93.87854
2348	1259	93.441635
2348	1954	93.28081
2349	1200	75.3929
2349	1214	74.59873
2349	2571	70.11749
2349	589	70.01882
2349	2028	69.88333
2349	1387	69.5018
2349	1270	67.74072
2349	457	67.43595
2349	2916	67.03646
2349	1610	66.633835
2350	589	92.416245
2350	1240	86.458786
2350	1198	85.80777
2350	1197	85.76718
2350	1265	84.73675
2350	457	83.5503
2350	1200	82.19503
2350	1356	80.65777
2350	1374	80.5158
2350	1584	80.28576
2351	1265	83.8376
2351	318	82.85855
2351	2858	81.911865
2351	2396	78.55327
2351	1617	76.719475
2351	1213	76.32868
2351	1500	75.24103
2351	2028	75.18957
2351	39	75.05192
2351	1784	75.01496
2352	1345	65.20297
2352	1982	63.44708
2352	1321	62.672493
2352	1997	60.522102
2352	2867	56.04112
2352	1991	55.414196
2352	1407	55.03399
2352	2121	52.344185
2352	2459	51.99132
2352	3018	50.985226
2353	318	108.92024
2353	1196	105.34241
2353	858	104.76933
2353	50	101.590675
2353	1198	100.18404
2353	1704	96.90765
2353	1270	96.46295
2353	1225	95.868675
2353	1197	95.78859
2353	1097	94.91909
2354	1196	61.95125
2354	1200	61.227993
2354	1214	60.494957
2354	1580	56.971077
2354	1210	56.582417
2354	2640	55.094772
2354	1356	52.49443
2354	1198	51.53388
2354	1527	51.42157
2354	2105	51.062122
2355	919	90.088356
2355	1247	86.61421
2355	910	85.429016
2355	1230	85.037415
2355	904	84.627625
2355	903	82.48046
2355	1136	82.47651
2355	924	78.8437
2355	1304	78.24346
2355	1225	76.05817
2356	923	15.982344
2356	111	15.325516
2356	1225	15.32526
2356	912	15.142875
2356	750	14.546467
2356	1208	14.513655
2356	1252	14.494709
2356	919	14.414309
2356	1104	14.190603
2356	908	14.125071
2357	2858	10.80424
2357	318	9.615051
2357	110	9.589446
2357	296	9.235441
2357	1704	9.158258
2357	2028	9.066975
2357	608	8.9853115
2357	2762	8.984786
2357	2291	8.971338
2357	527	8.902923
2358	2683	17.113474
2358	2762	16.717457
2358	2716	16.471125
2358	2706	16.318138
2358	2997	15.294958
2358	2599	15.049544
2358	2712	15.034296
2358	223	14.881513
2358	2355	14.791702
2358	2770	14.749522
2359	2987	21.723553
2359	2716	21.606636
2359	2858	20.927544
2359	2396	20.047724
2359	904	19.718355
2359	912	19.406023
2359	903	19.1428
2359	908	18.946375
2359	750	18.918541
2359	2762	18.848269
2360	1196	27.366768
2360	260	26.453245
2360	1198	26.286018
2360	1240	24.937557
2360	1270	24.438385
2360	1197	24.407026
2360	1214	24.241781
2360	1291	23.928408
2360	480	23.836308
2360	2571	23.6235
2361	2918	25.271446
2361	2797	23.944117
2361	1220	23.561655
2361	2406	23.55145
2361	3039	23.411526
2361	1270	23.206991
2361	3210	22.951788
2361	2716	22.721834
2361	2174	22.720377
2361	2915	22.713448
2362	1265	35.941376
2362	318	35.38036
2362	2028	33.847614
2362	2716	33.566605
2362	1270	33.49913
2362	1196	33.442474
2362	1	33.220543
2362	2396	32.86014
2362	1213	32.847122
2362	2918	32.829647
2363	2571	29.294876
2363	1196	28.528788
2363	2916	27.794622
2363	1240	27.613817
2363	260	27.593159
2363	1210	26.957462
2363	2028	26.313541
2363	1200	26.109795
2363	1214	25.901138
2363	457	25.627941
2364	1265	17.10617
2364	2858	16.310001
2364	1	16.039152
2364	2396	15.881155
2364	356	15.542231
2364	296	15.312294
2364	593	15.252712
2364	608	15.069128
2364	318	15.067803
2364	39	14.783017
2365	3363	35.212196
2365	1247	31.84588
2365	1084	31.20214
2365	1136	30.997034
2365	1252	30.201088
2365	1244	30.165493
2365	2300	30.148018
2365	3362	30.065027
2365	3037	29.914028
2365	1208	29.873951
2366	1610	37.62071
2366	2916	37.022907
2366	2571	36.170216
2366	589	36.010715
2366	380	34.67486
2366	780	33.7117
2366	1608	33.594788
2366	1036	33.24215
2366	110	32.712627
2366	1196	32.63086
2367	3256	39.448837
2367	1580	39.16061
2367	480	38.924168
2367	2571	38.62232
2367	648	37.564262
2367	2028	37.410954
2367	1036	36.95897
2367	2353	36.758125
2367	2000	36.106
2367	1573	36.03589
2368	608	132.64737
2368	1225	121.370804
2368	593	121.16223
2368	1213	121.06095
2368	36	120.61376
2368	1674	113.65973
2368	25	113.54805
2368	1617	112.82871
2368	337	110.49659
2368	923	108.58896
2369	1196	25.800972
2369	260	24.627869
2369	1617	24.626385
2369	1198	23.81488
2369	2571	23.701508
2369	858	23.643576
2369	541	23.632456
2369	1214	23.523335
2369	1200	23.147537
2369	50	23.119709
2370	1196	51.940662
2370	1304	50.52142
2370	1221	49.598415
2370	1294	49.404938
2370	260	48.773727
2370	1198	48.282032
2370	1214	47.668056
2370	1953	47.436344
2370	1242	46.821327
2370	608	46.359364
2371	2671	47.050842
2371	339	46.708973
2371	1569	46.21472
2371	2424	45.748028
2371	1265	44.645237
2371	377	44.19909
2371	39	43.865402
2371	440	43.63263
2371	708	42.329712
2371	1784	42.05315
2372	1704	56.27911
2372	296	55.019432
2372	36	48.94087
2372	50	47.22463
2372	2762	46.55611
2372	1094	46.51836
2372	2396	46.350754
2372	2291	45.10132
2372	3418	45.046795
2372	1265	44.990574
2373	3334	8.729605
2373	908	7.9038243
2373	1294	7.857875
2373	1953	7.769826
2373	1267	7.7478514
2373	3363	7.493754
2373	1304	7.3797164
2373	1234	7.377915
2373	750	7.3302116
2373	969	7.2758164
2374	1270	127.6295
2374	1198	125.53586
2374	2797	118.8991
2374	2571	118.56906
2374	1240	117.66387
2374	1036	114.5931
2374	2987	114.12583
2374	1259	113.79523
2374	1097	113.30967
2374	457	113.184586
2375	1580	19.534134
2375	1196	19.343788
2375	260	18.439249
2375	608	18.41385
2375	1259	18.394516
2375	1270	18.144363
2375	2916	18.049623
2375	457	17.931831
2375	2028	17.898157
2375	1240	17.873386
2376	2291	196.60889
2376	1265	189.6424
2376	3386	188.36496
2376	3100	188.07472
2376	2890	187.91112
2376	2396	186.645
2376	590	185.50974
2376	1784	183.49219
2376	1179	180.08392
2376	1641	179.19559
2377	1240	29.85085
2377	1198	29.51079
2377	1214	28.218554
2377	2571	28.047096
2377	1197	27.114065
2377	2028	27.064663
2377	1580	27.059053
2377	457	26.51194
2377	2000	26.491095
2377	2916	26.40077
2378	1485	104.487236
2378	380	101.7688
2378	586	97.11919
2378	1923	94.99873
2378	1777	94.94482
2378	367	91.971176
2378	1377	91.865105
2378	333	91.68769
2378	2335	89.8617
2378	1517	89.40023
2379	1196	21.708035
2379	1198	20.653532
2379	2028	20.529469
2379	1197	20.11096
2379	1210	19.602484
2379	608	19.598598
2379	919	19.285019
2379	1270	19.168432
2379	593	19.14601
2379	858	19.10658
2380	2571	205.33203
2380	1	205.25945
2380	1197	199.85384
2380	1036	197.0738
2380	592	194.38383
2380	1307	192.54095
2380	1198	189.88338
2380	1210	188.23166
2380	1291	188.0812
2380	2174	187.40099
2381	2997	8.683209
2381	608	8.42085
2381	2396	8.0128765
2381	2599	7.993735
2381	2706	7.8754807
2381	223	7.8342595
2381	2716	7.828269
2381	527	7.53374
2381	2762	7.514539
2381	858	7.406663
2382	589	33.753223
2382	480	33.48765
2382	593	31.724705
2382	1196	31.583355
2382	2762	31.239002
2382	2028	30.686905
2382	2571	30.68518
2382	2716	29.807232
2382	1617	29.73372
2382	457	29.482414
2383	2918	235.5909
2383	1220	219.65295
2383	1079	216.13466
2383	1307	215.13237
2383	1196	209.31479
2383	3253	208.97708
2383	380	207.92743
2383	1517	207.30865
2383	440	205.10545
2383	39	204.85934
2384	1580	23.387953
2384	1	23.243927
2384	457	22.739075
2384	480	22.652992
2384	2571	22.536728
2384	589	22.341202
2384	380	22.232197
2384	377	22.230988
2384	2916	22.046656
2384	1196	22.005342
2385	457	10.0794935
2385	318	9.749233
2385	2858	9.341514
2385	377	9.093421
2385	1610	8.996302
2385	2571	8.987483
2385	589	8.977329
2385	2268	8.969486
2385	593	8.8727045
2385	1196	8.691551
2386	2096	49.108875
2386	2078	47.584927
2386	1032	46.874393
2386	596	44.40553
2386	1028	44.06162
2386	1025	42.653957
2386	3034	41.78536
2386	2054	40.95471
2386	1	40.02099
2386	2141	39.591682
2387	296	56.853035
2387	1196	49.828236
2387	2571	49.801743
2387	2762	48.395496
2387	2396	47.818916
2387	1	47.662407
2387	1089	47.559097
2387	1198	46.541866
2387	480	46.38441
2387	1580	46.206814
2388	1196	23.384903
2388	1198	22.84408
2388	260	22.400547
2388	1036	22.086018
2388	1214	21.135136
2388	589	20.970034
2388	1200	20.76957
2388	2571	20.64036
2388	1291	20.615356
2388	110	20.447823
2389	1617	179.11227
2389	1219	169.47565
2389	1214	168.91658
2389	1197	167.95872
2389	1136	167.80733
2389	924	166.0167
2389	1252	165.58405
2389	912	165.13339
2389	1294	164.30186
2389	1259	163.10077
2390	3255	49.431164
2390	1265	48.88058
2390	440	48.020462
2390	2321	46.62036
2390	11	46.244686
2390	339	45.77938
2390	3253	45.30351
2390	708	44.85093
2390	1923	44.74754
2390	2302	44.66403
2391	480	40.061848
2391	2571	36.175987
2391	1240	36.171207
2391	1210	36.063396
2391	1270	35.77604
2391	2455	35.19791
2391	2028	35.137707
2391	1200	34.583763
2391	1214	34.52759
2391	593	34.28625
2392	2997	27.085323
2392	2683	25.851433
2392	2396	25.27796
2392	2762	24.84953
2392	2599	24.440168
2392	223	23.848602
2392	2770	22.937857
2392	2712	22.80601
2392	2710	22.565779
2392	2987	22.305634
2393	1196	92.35291
2393	858	90.269585
2393	1136	85.18952
2393	1198	83.180954
2393	1097	81.9748
2393	1240	81.7355
2393	919	81.557846
2393	1304	81.2917
2393	1210	80.723114
2393	1387	79.58647
2394	1196	62.166542
2394	2571	60.279377
2394	1210	60.169724
2394	2797	59.40633
2394	1198	58.244457
2394	1240	58.205723
2394	260	57.89964
2394	1291	57.83167
2394	1265	57.46399
2394	592	56.696968
2395	589	146.87215
2395	1610	140.24132
2395	1036	136.60529
2395	1265	135.50517
2395	1240	134.29684
2395	2000	131.9713
2395	733	128.15367
2395	527	127.55638
2395	1197	126.96748
2395	1270	126.669624
2396	593	37.119125
2396	1617	35.78523
2396	527	35.150322
2396	1265	34.950806
2396	2028	33.398502
2396	1704	32.337006
2396	457	30.97889
2396	1196	30.94911
2396	34	30.514702
2396	2571	30.337465
2397	858	37.30011
2397	912	34.798916
2397	608	34.004585
2397	1221	33.45726
2397	919	32.761723
2397	1252	32.38881
2397	1617	32.150116
2397	1247	32.091457
2397	750	31.624722
2397	908	31.350027
2398	608	78.95615
2398	318	75.59016
2398	593	74.259766
2398	1196	72.89463
2398	1617	72.314384
2398	1213	71.69599
2398	2858	70.15279
2398	1198	68.13575
2398	919	65.80232
2398	1247	65.78178
2399	858	13.255747
2399	593	11.658512
2399	1219	11.5167055
2399	919	11.490675
2399	1252	11.350157
2399	1136	11.3090105
2399	111	11.290417
2399	912	11.0434885
2399	1617	10.995982
2399	260	10.960172
2400	1347	33.259586
2400	1321	31.78581
2400	1350	31.71264
2400	1196	30.539982
2400	1240	30.356253
2400	1333	29.940329
2400	2288	29.93992
2400	260	29.81789
2400	1200	29.817226
2400	1278	29.573887
2401	2762	39.0105
2401	2599	38.796772
2401	608	37.54822
2401	593	37.079697
2401	2355	36.349728
2401	1196	36.278084
2401	296	36.218166
2401	1617	36.201683
2401	318	35.860966
2401	1265	35.558598
2402	1240	248.778
2402	32	232.33746
2402	1198	226.46951
2402	457	224.04445
2402	1610	221.7261
2402	1584	219.80081
2402	1036	219.55592
2402	2640	218.16763
2402	593	214.48697
2402	1527	213.20872
2403	2916	126.98046
2403	1580	122.68167
2403	1210	119.417595
2403	1200	118.891365
2403	592	116.15672
2403	3256	108.550705
2403	380	107.147675
2403	316	102.99052
2403	165	102.52511
2403	1676	102.49778
2404	589	83.10717
2404	457	81.66709
2404	2571	81.259445
2404	2916	78.79722
2404	593	78.38223
2404	318	76.94748
2404	1036	76.63232
2404	1265	76.29672
2404	1610	75.86917
2404	1240	75.31918
2405	1198	36.669197
2405	2406	36.34382
2405	1197	36.18888
2405	1307	35.910954
2405	2100	35.552555
2405	2000	35.287075
2405	1259	35.247295
2405	260	35.23388
2405	1265	35.170395
2405	1210	34.70289
2406	1259	62.60167
2406	1265	62.582085
2406	2797	61.235638
2406	608	60.84577
2406	296	58.805286
2406	1393	58.28145
2406	2000	58.181503
2406	2396	57.266975
2406	3255	57.259903
2406	3039	57.251396
2407	919	108.232025
2407	903	105.191444
2407	111	104.45003
2407	750	104.22307
2407	1234	101.403854
2407	924	97.312416
2407	922	96.90581
2407	1952	96.82801
2407	1193	95.74081
2407	1953	95.28289
2408	608	40.0084
2408	457	39.585373
2408	1610	37.34668
2408	318	37.176636
2408	2028	37.065853
2408	296	36.286907
2408	589	35.621082
2408	2571	35.51492
2408	1625	35.39319
2408	2858	34.924873
2409	1307	76.25424
2409	1259	75.26299
2409	1079	74.806656
2409	2406	74.20622
2409	2174	73.95238
2409	1036	72.00928
2409	1197	71.20462
2409	2194	70.55782
2409	1968	69.8969
2409	2352	69.679955
2410	608	67.615326
2410	1247	66.94303
2410	912	64.125786
2410	593	60.41079
2410	953	59.859604
2410	1213	59.76408
2410	111	58.531845
2410	1231	58.502724
2410	1617	58.26669
2410	296	58.222115
2411	780	177.57227
2411	2640	176.08691
2411	2716	174.24263
2411	1527	171.05864
2411	1573	167.17825
2411	1376	165.03973
2411	1097	164.29097
2411	2115	161.67847
2411	349	159.34683
2411	2105	157.84119
2412	1196	27.62218
2412	1198	27.246883
2412	1240	26.297726
2412	589	25.394527
2412	1036	25.246346
2412	2571	24.880955
2412	1200	24.838215
2412	457	24.711758
2412	480	24.37672
2412	1210	24.316048
2413	608	13.976238
2413	457	13.904436
2413	593	13.841714
2413	110	13.407455
2413	1196	13.177646
2413	318	13.141289
2413	2571	13.037655
2413	589	12.894456
2413	1617	12.834117
2413	1610	12.7945
2414	1198	163.87102
2414	1097	158.19388
2414	2918	157.46132
2414	2174	156.79762
2414	2571	156.35225
2414	589	155.80223
2414	1291	152.89005
2414	2028	152.81587
2414	457	151.23267
2414	1240	150.75305
2415	50	16.416536
2415	593	16.13133
2415	296	16.087328
2415	2762	15.101196
2415	1089	14.962701
2415	1213	14.731831
2415	318	14.569474
2415	457	14.532635
2415	2028	14.336102
2415	2571	13.757544
2416	110	15.488111
2416	296	15.330725
2416	608	15.273739
2416	318	15.266073
2416	593	15.005846
2416	2858	14.948219
2416	457	14.709167
2416	1617	14.503283
2416	1704	14.256546
2416	589	14.18586
2417	1	23.54224
2417	919	22.744059
2417	1270	22.599394
2417	1196	22.106676
2417	1265	21.83722
2417	1278	21.668709
2417	858	21.465916
2417	260	21.29281
2417	1394	21.245045
2417	608	21.237568
2418	440	36.60449
2418	3253	35.696995
2418	1569	35.49704
2418	1923	35.431496
2418	357	34.963593
2418	11	34.306007
2418	2302	33.884598
2418	1580	33.08727
2418	1641	32.904423
2418	1517	32.89679
2419	296	197.90198
2419	1923	196.23056
2419	318	194.28896
2419	2028	193.39328
2419	2797	192.0288
2419	1259	191.67899
2419	457	188.06482
2419	3253	187.95645
2419	110	187.62456
2419	1307	184.68398
2420	1036	37.21533
2420	1210	37.003483
2420	1291	35.903618
2420	2028	35.261448
2420	110	34.693905
2420	480	34.58391
2420	1387	34.43138
2420	457	34.19214
2420	2916	33.7497
2420	1580	33.57033
2421	2985	55.380173
2421	1356	52.193604
2421	1127	51.51492
2421	1198	51.235535
2421	1097	50.563213
2421	780	50.164276
2421	924	50.12822
2421	2105	49.873547
2421	2968	49.1463
2421	2628	49.058468
2422	2918	15.189417
2422	1307	14.834941
2422	2716	14.745695
2422	1265	14.56044
2422	1394	14.458866
2422	2797	14.374938
2422	1259	14.238465
2422	2791	14.156846
2422	1197	14.153806
2422	3361	14.099323
2423	2396	53.364464
2423	1197	48.571022
2423	919	48.217815
2423	2797	46.747208
2423	1270	45.91251
2423	2406	45.721767
2423	440	45.48327
2423	539	44.384068
2423	1196	44.278603
2423	11	44.22368
2424	2916	107.88649
2424	1610	103.49979
2424	1291	101.289604
2424	2000	99.356865
2424	380	97.340866
2424	1200	96.87832
2424	1527	95.456665
2424	2985	94.51793
2424	1374	92.96714
2424	3256	92.62674
2425	589	45.951588
2425	480	45.199036
2425	1196	44.929268
2425	1580	44.868347
2425	110	44.806362
2425	2916	44.27185
2425	1198	43.21846
2425	1265	43.166542
2425	296	42.51318
2425	1617	42.37157
2426	608	28.79945
2426	111	26.012257
2426	1193	25.763496
2426	593	25.687674
2426	912	25.541365
2426	1208	25.485062
2426	1196	25.461456
2426	923	25.393047
2426	296	25.251587
2426	919	25.18287
2427	2987	60.372757
2427	595	58.14701
2427	2716	56.568333
2427	1197	55.421707
2427	2396	55.09108
2427	1210	53.5296
2427	1580	52.841125
2427	260	52.381943
2427	2571	52.369305
2427	1270	51.91801
2428	1079	44.476128
2428	3363	44.249496
2428	1234	44.20408
2428	1136	43.87587
2428	2797	42.941067
2428	1307	42.558254
2428	1265	42.39124
2428	1278	42.084072
2428	919	41.431484
2428	2918	41.23914
2429	2571	99.44229
2429	1580	96.72209
2429	457	94.262924
2429	1200	93.885826
2429	110	93.2302
2429	1259	89.583626
2429	1097	89.46468
2429	2000	89.001595
2429	1291	88.885056
2429	1610	88.006226
2430	1196	31.267859
2430	2571	31.174881
2430	2916	31.133097
2430	457	29.899185
2430	1240	29.889578
2430	1210	29.540495
2430	1198	29.42797
2430	2000	29.210806
2430	1610	29.122726
2430	1291	28.98339
2431	318	12.6194725
2431	1265	12.2867365
2431	527	12.034665
2431	2396	11.9405365
2431	1196	11.74743
2431	1704	11.695135
2431	356	11.6782675
2431	593	11.569625
2431	608	11.483369
2431	1197	11.480678
2432	1196	31.697487
2432	589	30.096395
2432	480	29.19023
2432	1580	29.071556
2432	1240	28.899817
2432	1198	28.484528
2432	110	27.858723
2432	457	27.84407
2432	2916	27.390255
2432	1200	27.350143
2433	1196	24.513773
2433	1580	23.041931
2433	2571	22.895475
2433	589	22.853962
2433	480	22.812243
2433	1210	22.78328
2433	1198	22.69194
2433	1270	22.651176
2433	1197	22.516388
2433	1265	22.462347
2434	1213	13.877208
2434	2858	13.56342
2434	608	13.474105
2434	296	13.441231
2434	1617	13.311967
2434	2028	13.000546
2434	1196	12.782585
2434	1221	12.663012
2434	318	12.643634
2434	1089	12.466015
2435	480	98.53085
2435	592	96.45137
2435	1200	95.23532
2435	377	94.89162
2435	1220	91.50979
2435	1387	88.30608
2435	1374	88.18831
2435	1270	87.801445
2435	780	87.51338
2435	21	85.65071
2436	1198	258.9177
2436	592	245.57643
2436	1291	243.92757
2436	593	240.59271
2436	1214	233.86224
2436	21	232.0438
2436	2858	231.61922
2436	2194	230.03467
2436	318	228.57552
2436	1127	224.63216
2437	1196	34.072506
2437	608	32.591625
2437	2571	32.408314
2437	260	32.22611
2437	457	31.614027
2437	296	31.437538
2437	1240	31.069378
2437	318	30.7845
2437	1617	30.462862
2437	480	30.210176
2438	1196	101.76669
2438	1270	99.0779
2438	2000	98.43375
2438	1198	95.45689
2438	1240	94.540665
2438	1210	93.5456
2438	1580	93.406006
2438	1197	93.30532
2438	2916	92.61261
2438	1265	92.49806
2439	1265	44.357292
2439	539	40.35718
2439	1580	40.005684
2439	457	39.521664
2439	2028	39.226322
2439	1784	38.743443
2439	1704	38.637638
2439	593	38.50453
2439	296	38.186543
2439	318	37.873055
2440	2706	6.0766797
2440	2699	5.747458
2440	785	5.3685026
2440	1580	5.2084427
2440	2770	5.175302
2440	380	5.142918
2440	2694	5.11184
2440	457	5.070833
2440	589	5.0458956
2440	2571	4.9889827
2441	377	16.203169
2441	1597	15.159452
2441	733	14.977705
2441	457	14.812612
2441	2571	14.787283
2441	2353	14.391109
2441	47	14.311038
2441	1092	14.172348
2441	1892	14.145045
2441	1370	14.008526
2442	594	24.444818
2442	1028	22.436485
2442	1029	22.423714
2442	1022	22.246061
2442	2096	21.058632
2442	2087	20.787292
2442	2081	19.806341
2442	1032	19.66668
2442	2078	19.578995
2442	1197	19.44043
2443	1	15.979753
2443	1265	15.867416
2443	587	14.838788
2443	539	14.769865
2443	3255	14.678682
2443	357	14.46256
2443	2396	14.192023
2443	440	14.03243
2443	1569	14.01045
2443	1784	13.943449
2444	1347	46.9579
2444	1345	45.731236
2444	1321	42.844685
2444	2517	41.59575
2444	2455	41.20358
2444	1974	41.187626
2444	2867	40.384583
2444	1342	40.285385
2444	1333	39.98721
2444	2716	39.836056
2445	589	184.28307
2445	780	178.34361
2445	260	173.29767
2445	1676	166.36615
2445	165	164.82364
2445	1275	164.33751
2445	1552	160.29846
2445	1372	156.57599
2445	329	154.68163
2445	1387	153.11862
2446	1291	267.11505
2446	592	267.08905
2446	1097	261.13162
2446	1	255.07355
2446	1610	254.55472
2446	1374	243.5566
2446	2804	241.62793
2446	356	241.23651
2446	377	239.0072
2446	21	238.63834
2447	2797	56.26972
2447	1663	53.895527
2447	1079	53.31091
2447	2100	51.451084
2447	1394	51.01583
2447	2470	50.738525
2447	1307	50.48678
2447	1197	49.855446
2447	1259	49.11593
2447	3087	48.75085
2448	2858	54.044704
2448	1196	49.378418
2448	2571	47.76257
2448	296	46.42518
2448	1265	45.77441
2448	260	45.640045
2448	1	45.256695
2448	1210	45.17718
2448	589	45.1672
2448	1270	44.95117
2449	1196	23.166494
2449	2028	22.830595
2449	480	22.638891
2449	260	22.070435
2449	593	21.602951
2449	2858	21.430298
2449	1580	21.352055
2449	1198	21.233387
2449	1240	20.975948
2449	318	20.910728
2450	608	21.409689
2450	318	20.987772
2450	296	20.17288
2450	527	19.984478
2450	1213	19.330614
2450	2028	18.443378
2450	1617	17.823494
2450	50	17.234686
2450	2762	17.15073
2450	858	17.04583
2451	1196	54.135674
2451	1200	50.79585
2451	1240	50.131958
2451	1270	49.97397
2451	1198	49.244556
2451	1036	49.084145
2451	1291	48.820633
2451	592	48.53706
2451	2000	48.26122
2451	1580	48.02221
2452	2571	39.749725
2452	2028	38.455456
2452	296	37.957695
2452	318	36.78792
2452	110	36.198235
2452	1580	35.884575
2452	1196	35.747383
2452	47	35.536903
2452	377	35.260197
2452	2858	35.224285
2453	21	234.84442
2453	6	233.07355
2453	480	232.59111
2453	1682	228.43448
2453	356	224.08163
2453	2762	221.46341
2453	780	221.01025
2453	1784	220.15959
2453	3107	213.32721
2453	1584	210.33562
2454	1291	162.03224
2454	1198	161.83322
2454	592	158.1936
2454	1356	157.07051
2454	1527	155.12907
2454	316	154.9686
2454	1573	152.98167
2454	2987	152.5962
2454	1036	151.34671
2454	2000	151.0819
2455	1356	98.54944
2455	2529	97.34287
2455	1527	97.07758
2455	1584	88.88368
2455	2054	88.09804
2455	1371	88.08416
2455	2407	87.995674
2455	2000	87.983574
2455	1573	87.51006
2455	1391	86.195816
2456	1580	192.56863
2456	608	189.7452
2456	296	187.75226
2456	480	184.11528
2456	1270	179.85443
2456	110	178.44447
2456	260	175.85378
2456	1210	173.60057
2456	1610	171.12698
2456	1200	170.41077
2457	1196	247.4305
2457	1200	236.744
2457	2571	234.95837
2457	2174	231.55417
2457	1	215.98901
2457	1394	213.58847
2457	2100	211.70355
2457	2011	211.14915
2457	2987	210.1038
2457	1129	206.8894
2458	377	124.159004
2458	1196	123.89878
2458	780	121.23573
2458	380	119.83941
2458	1240	119.556526
2458	1210	119.06449
2458	1036	118.14487
2458	2028	117.95409
2458	1197	117.28438
2458	110	116.88452
2459	608	90.15096
2459	296	89.37549
2459	2571	84.1059
2459	377	83.231224
2459	480	82.93398
2459	2396	82.92941
2459	1580	82.75932
2459	1784	82.127556
2459	3418	81.38145
2459	150	80.79715
2460	858	41.699623
2460	1270	40.635662
2460	912	39.530495
2460	1097	38.76393
2460	1291	38.537388
2460	527	38.45023
2460	2987	37.93236
2460	2571	37.85595
2460	608	37.790718
2460	1240	37.776222
2461	1196	72.24675
2461	377	71.86858
2461	380	70.70122
2461	780	69.3495
2461	1210	68.95341
2461	1	68.25778
2461	260	67.67003
2461	1197	67.034584
2461	1573	67.03038
2461	648	66.88258
2462	260	168.64746
2462	2987	154.8452
2462	1073	152.07571
2462	1374	151.55943
2462	1291	146.87366
2462	480	146.48846
2462	2571	145.9918
2462	2918	145.09883
2462	592	143.59244
2462	1036	141.86583
2463	260	66.9601
2463	1214	63.334183
2463	2571	63.180817
2463	1580	63.092655
2463	2916	62.135662
2463	1270	61.03069
2463	1387	60.657352
2463	1374	60.56121
2463	457	60.46253
2463	2985	59.416374
2464	296	29.640158
2464	1617	28.347178
2464	1196	28.221811
2464	1213	28.176798
2464	1198	26.745651
2464	50	26.284328
2464	2762	25.78
2464	1193	25.518663
2464	1704	25.387741
2464	110	25.294477
2465	1200	163.77548
2465	589	158.65735
2465	1210	157.83742
2465	296	157.49971
2465	541	157.12183
2465	1213	157.01654
2465	1270	156.1538
2465	2571	154.48836
2465	919	150.91968
2465	1291	150.10957
2466	2985	85.83285
2466	1198	85.55588
2466	858	83.31897
2466	1097	83.08487
2466	1374	82.786896
2466	296	82.65819
2466	50	82.06413
2466	1197	81.11836
2466	1259	80.90741
2466	593	80.21564
2467	1198	15.417675
2467	1270	15.295028
2467	1580	15.071122
2467	2571	14.99418
2467	1240	14.854978
2467	480	14.72176
2467	1197	14.544798
2467	589	14.458239
2467	1200	14.185302
2467	1291	14.138817
2468	110	98.67847
2468	608	96.588936
2468	377	96.46177
2468	260	96.39261
2468	296	95.51991
2468	1270	94.52013
2468	1393	92.95992
2468	780	92.66806
2468	1617	92.54663
2468	3418	92.04668
2469	2858	36.339695
2469	2770	30.095922
2469	2395	29.989628
2469	2762	29.966246
2469	2396	29.167883
2469	2700	29.140272
2469	2987	28.706448
2469	2699	28.37631
2469	1196	27.551527
2469	2502	27.492086
2470	1580	14.711089
2470	2916	14.561772
2470	377	14.547493
2470	457	14.381495
2470	648	14.081337
2470	1610	14.047332
2470	3256	14.015487
2470	1370	13.864429
2470	480	13.768884
2470	1198	13.640376
2471	1196	25.619944
2471	260	24.409567
2471	2571	24.04214
2471	593	23.499636
2471	1198	23.347273
2471	2028	22.884676
2471	296	22.864906
2471	1617	22.857315
2471	1240	22.497328
2471	318	22.353634
2472	1259	197.8008
2472	1197	190.592
2472	2716	190.20374
2472	457	186.62335
2472	2797	185.99641
2472	1240	184.51375
2472	2571	183.43732
2472	1	183.21814
2472	1210	181.3773
2472	1580	179.49768
2473	1196	26.537619
2473	2571	26.196524
2473	1580	25.858875
2473	2028	25.538385
2473	457	25.258316
2473	1240	25.23669
2473	1198	25.210438
2473	260	25.008524
2473	1210	24.49314
2473	1036	24.425137
2474	1196	24.976507
2474	260	23.547688
2474	2028	23.419437
2474	480	23.255352
2474	593	23.133114
2474	1580	22.77975
2474	1240	22.73207
2474	2571	22.583248
2474	1198	22.514034
2474	296	22.505648
2475	1387	27.451954
2475	1994	24.80052
2475	1982	24.102053
2475	1345	24.087156
2475	1196	23.903957
2475	2366	23.68529
2475	1240	23.33503
2475	1333	23.291212
2475	1200	23.22704
2475	2455	23.215387
2476	1225	41.625122
2476	923	41.44372
2476	318	40.056427
2476	1213	39.957596
2476	527	39.844143
2476	919	39.692787
2476	1221	38.636078
2476	1196	38.539433
2476	1617	38.434322
2476	1207	38.265408
2477	2858	35.90747
2477	919	33.310184
2477	260	33.110558
2477	1198	31.97756
2477	527	31.91162
2477	2762	31.726492
2477	1247	31.695814
2477	593	31.519817
2477	908	31.23625
2477	608	31.02598
2478	1198	159.46796
2478	1136	153.86113
2478	1234	151.8091
2478	1225	151.607
2478	969	150.88097
2478	1200	144.06029
2478	3362	139.87695
2478	1207	139.72453
2478	1259	138.69649
2478	2871	138.3739
2479	1196	32.80665
2479	1198	29.65239
2479	589	29.625992
2479	1210	29.62301
2479	1200	29.083725
2479	1580	29.076267
2479	2916	27.994612
2479	1270	27.6883
2479	1097	27.068624
2479	541	27.004496
2480	2858	29.277922
2480	2997	28.532907
2480	2987	27.964909
2480	2762	26.373774
2480	1196	26.200785
2480	2599	26.16939
2480	1197	25.754284
2480	2395	25.510767
2480	1210	25.049255
2480	1	24.907024
2481	858	88.97298
2481	1196	88.285576
2481	1247	81.58943
2481	1136	80.97065
2481	1294	80.664986
2481	924	79.46849
2481	1387	78.82124
2481	541	78.74275
2481	908	77.91722
2481	1208	77.44124
2482	1265	14.661663
2482	1270	14.577221
2482	608	14.512762
2482	356	14.4115925
2482	1196	14.326386
2482	2396	14.324757
2482	593	13.965665
2482	318	13.845449
2482	1784	13.834117
2482	1617	13.829334
2483	912	44.41482
2483	923	42.760036
2483	1247	42.095997
2483	1252	41.77918
2483	1084	41.436394
2483	919	41.40394
2483	1953	41.189938
2483	913	40.82677
2483	1294	40.79018
2483	1304	40.498737
2484	2987	207.58815
2484	1079	205.22594
2484	1220	204.88788
2484	480	202.77644
2484	1198	202.17659
2484	2571	200.45345
2484	589	199.78246
2484	2355	199.47128
2484	260	197.92694
2484	3255	196.40268
2485	527	126.0727
2485	296	125.50586
2485	1617	116.143196
2485	2762	112.980415
2485	50	110.09304
2485	858	108.499725
2485	110	108.12808
2485	2396	107.80837
2485	3418	107.08751
2485	1094	106.23113
2486	858	88.5603
2486	1617	85.054344
2486	1193	81.28859
2486	1704	80.59753
2486	2289	80.19164
2486	50	79.97965
2486	1358	79.32948
2486	36	78.918915
2486	2028	78.287766
2486	1228	77.117386
2487	1196	34.912197
2487	2000	32.908344
2487	2918	32.285263
2487	1220	32.115883
2487	1197	32.096066
2487	2797	31.854507
2487	1079	31.734823
2487	1036	31.665504
2487	1394	31.131775
2487	2174	30.993212
2488	608	9.521376
2488	593	9.120709
2488	318	9.044021
2488	2858	8.911177
2488	296	8.420168
2488	1674	8.325156
2488	2762	8.317451
2488	1213	8.230013
2488	527	8.228946
2488	1704	8.225311
2489	1196	213.05582
2489	2918	196.12054
2489	1240	195.16174
2489	589	194.82852
2489	1291	194.20103
2489	296	194.0515
2489	592	193.73984
2489	1210	192.29506
2489	260	189.20506
2489	2987	184.15529
2490	296	17.073105
2490	318	16.683367
2490	50	16.381285
2490	1617	16.346558
2490	1265	16.285973
2490	1213	16.166101
2490	593	16.060747
2490	1580	16.058758
2490	2571	16.019537
2490	2028	16.016937
2491	2571	55.26654
2491	480	54.05044
2491	457	54.048622
2491	377	53.039146
2491	1370	52.68486
2491	733	52.645874
2491	780	50.945496
2491	3256	49.667534
2491	1552	48.366146
2491	380	48.240158
2492	1196	60.81516
2492	1270	57.75305
2492	919	57.65809
2492	1198	56.697014
2492	1259	53.252785
2492	1580	51.922287
2492	1	51.44574
2492	2987	51.098312
2492	1136	50.9191
2492	480	50.13688
2493	1214	51.08336
2493	260	50.941784
2493	1210	47.40254
2493	1270	47.002037
2493	589	46.269413
2493	1198	46.180164
2493	2571	46.056637
2493	1580	45.855305
2493	750	45.29229
2493	2916	45.09395
2494	1265	22.80653
2494	1923	22.517727
2494	2396	22.253227
2494	1	21.967926
2494	3255	21.746794
2494	2321	21.577257
2494	318	21.52316
2494	2028	21.518852
2494	593	21.093609
2494	39	21.050114
2495	597	21.34325
2495	2424	20.586924
2495	2671	20.323376
2495	1569	20.274536
2495	339	19.95013
2495	587	19.830029
2495	356	19.623854
2495	357	19.6024
2495	1393	19.171804
2495	708	19.059486
2496	1214	192.65941
2496	260	186.30879
2496	1240	177.53145
2496	1294	172.0372
2496	1219	169.98875
2496	1210	168.43817
2496	919	167.04355
2496	1278	166.70158
2496	2000	166.12952
2496	1291	163.56807
2497	1196	69.55135
2497	1265	69.04748
2497	1198	65.94443
2497	2918	65.18996
2497	1197	65.18384
2497	1307	65.1224
2497	1259	64.83768
2497	1	64.36994
2497	1097	64.26644
2497	1580	64.18965
2498	608	60.934288
2498	1214	59.284405
2498	858	59.209377
2498	912	58.32199
2498	930	57.91289
2498	750	57.626556
2498	111	56.72018
2498	1221	56.1818
2498	50	56.167824
2498	260	56.058384
2499	2706	25.52706
2499	2762	24.238157
2499	2710	23.93496
2499	2355	23.790936
2499	2881	23.363224
2499	2858	22.669312
2499	2770	22.645943
2499	2541	21.650562
2499	223	21.52982
2499	2694	21.311468
2500	1370	111.61696
2500	377	107.56977
2500	3256	105.13089
2500	2916	102.898865
2500	589	100.58753
2500	1917	97.86422
2500	3107	93.71212
2500	1544	92.41692
2500	1036	91.023186
2500	2617	90.77984
2501	1198	66.76244
2501	318	65.995964
2501	2716	65.50954
2501	593	65.47479
2501	296	64.8842
2501	1259	64.36792
2501	2028	63.486732
2501	1617	63.128075
2501	1079	62.638866
2501	2918	60.772297
2502	1270	11.06519
2502	919	11.011152
2502	608	10.988386
2502	34	10.910121
2502	2797	10.731467
2502	318	10.634852
2502	2791	10.630592
2502	2174	10.550335
2502	1265	10.475646
2502	1197	10.16224
2503	260	101.56335
2503	1127	96.7968
2503	1214	95.795395
2503	1580	94.439125
2503	2640	93.672325
2503	2797	93.12163
2503	1220	91.74326
2503	2571	91.60932
2503	2916	91.39079
2503	589	90.93935
2504	1240	176.54874
2504	457	172.20023
2504	1036	162.5092
2504	110	158.10216
2504	2985	156.37006
2504	1198	154.09422
2504	1127	153.02518
2504	733	151.88718
2504	2628	151.23906
2504	1676	149.96901
2505	1196	24.212864
2505	1036	22.963184
2505	1291	22.787167
2505	1198	22.557016
2505	1240	22.535152
2505	2000	22.34727
2505	592	22.187395
2505	589	21.587158
2505	480	21.393835
2505	1200	21.252335
2506	597	103.34302
2506	440	100.897125
2506	11	99.543785
2506	1784	89.39561
2506	2797	89.0713
2506	2918	88.075424
2506	1641	87.73714
2506	2321	87.56414
2506	1	87.54561
2506	1704	86.67033
2507	1197	408.5585
2507	1198	391.20105
2507	2716	374.90555
2507	2028	368.0206
2507	1641	360.328
2507	1208	358.68207
2507	480	354.48886
2507	2406	353.25922
2507	2762	348.7365
2507	1291	341.75827
2508	2858	24.947971
2508	2706	24.706316
2508	1127	24.653528
2508	2571	23.449127
2508	223	23.42464
2508	1196	23.354105
2508	2770	23.141348
2508	2997	22.716911
2508	2762	22.607183
2508	2599	22.560472
2509	2028	16.910559
2509	1240	16.431244
2509	589	16.206226
2509	2571	16.196297
2509	1210	16.151955
2509	1214	16.042751
2509	1036	15.986781
2509	1291	15.76122
2509	1200	15.677427
2509	1197	15.598651
2510	1374	45.215565
2510	2571	44.935894
2510	1036	43.298397
2510	2916	42.861584
2510	480	42.52727
2510	1197	42.408066
2510	2640	42.220043
2510	2985	41.839886
2510	592	41.392612
2510	1387	41.34317
2511	260	23.061846
2511	589	21.939978
2511	1240	21.903471
2511	2028	21.752811
2511	593	21.35567
2511	2858	21.271002
2511	608	21.206245
2511	1259	21.203514
2511	1197	21.037184
2511	1200	20.89978
2512	608	19.26248
2512	858	18.949148
2512	1247	18.444437
2512	912	18.125164
2512	919	18.093136
2512	1225	17.76957
2512	1193	17.58002
2512	908	17.477404
2512	593	17.387129
2512	1221	17.13237
2513	1136	52.917557
2513	1265	49.413773
2513	1197	47.729496
2513	3361	47.633152
2513	1259	47.076557
2513	608	46.566765
2513	2174	45.796654
2513	2997	45.55146
2513	2797	45.180416
2513	1234	44.82183
2514	904	18.135674
2514	1252	17.929775
2514	903	17.837118
2514	1617	16.061844
2514	1219	15.598523
2514	608	15.456042
2514	1267	15.1832485
2514	908	15.179947
2514	858	14.583502
2514	912	14.582658
2515	1240	45.356377
2515	1580	44.19763
2515	589	44.098194
2515	1200	43.428013
2515	480	43.087517
2515	2916	42.056774
2515	32	41.89033
2515	1376	40.09014
2515	1127	39.709194
2515	2640	39.69509
2516	1265	18.175648
2516	2028	17.531075
2516	1580	17.27712
2516	608	17.238287
2516	1196	17.128365
2516	318	17.040827
2516	2571	16.829828
2516	589	16.565351
2516	480	16.538813
2516	1197	16.527933
2517	1517	17.131186
2517	1784	16.865057
2517	588	16.71146
2517	1580	16.080223
2517	2124	15.790658
2517	2028	15.658049
2517	380	15.6571045
2517	480	15.430247
2517	457	15.38286
2517	587	15.337612
2518	356	24.752243
2518	1196	24.314157
2518	1580	23.998257
2518	2000	22.963482
2518	380	22.790033
2518	587	22.734575
2518	2396	22.676107
2518	1307	22.542772
2518	1197	22.337479
2518	357	22.289274
2519	1580	41.83437
2519	480	38.94369
2519	589	38.750217
2519	2916	38.537884
2519	780	37.732933
2519	316	37.24872
2519	1196	36.147663
2519	1584	36.04262
2519	32	35.155025
2519	1270	34.88358
2520	1252	20.941278
2520	924	19.822762
2520	608	19.634186
2520	923	18.93182
2520	1084	18.844494
2520	1221	18.634506
2520	1230	18.553682
2520	1247	18.55073
2520	1196	18.159239
2520	912	18.137589
2521	1580	52.50191
2521	1036	50.05226
2521	1291	49.87459
2521	1200	48.972744
2521	1610	48.313137
2521	1270	47.110283
2521	1127	46.73607
2521	1197	46.71287
2521	1214	46.36994
2521	780	46.210457
2522	589	64.86181
2522	1200	62.165543
2522	1580	61.129726
2522	2028	60.421803
2522	1214	59.917946
2522	2194	59.675785
2522	1374	59.225742
2522	1197	59.00441
2522	2985	58.976395
2522	2406	56.84014
2523	593	112.65998
2523	1617	111.70227
2523	2028	107.09175
2523	2571	106.472626
2523	1240	106.10294
2523	527	104.856255
2523	1	104.07294
2523	1210	103.19477
2523	2716	103.0021
2523	1580	102.44728
2524	1294	18.112257
2524	1197	17.925003
2524	1079	17.410366
2524	1278	17.33912
2524	919	17.254513
2524	260	17.239265
2524	1394	17.232735
2524	3421	17.11629
2524	1307	17.115664
2524	1265	17.073042
2525	1265	37.017254
2525	1259	36.23548
2525	1079	35.873634
2525	2396	34.894096
2525	2858	34.86394
2525	3361	34.677483
2525	608	34.503277
2525	1197	34.399254
2525	2716	33.80751
2525	2791	33.655434
2526	912	152.85176
2526	923	152.08432
2526	919	146.11145
2526	1294	143.64091
2526	750	143.1005
2526	903	139.3463
2526	924	138.98097
2526	910	138.52884
2526	1304	137.42322
2526	1230	137.23521
2527	1198	21.516893
2527	1240	20.398922
2527	1387	20.24968
2527	1200	19.730377
2527	1210	19.661268
2527	1036	19.36527
2527	589	18.798101
2527	1291	18.663385
2527	2028	18.591904
2527	1197	18.484888
2528	1089	42.970352
2528	457	40.427994
2528	593	39.883526
2528	2028	39.11097
2528	2571	38.671455
2528	589	38.359245
2528	2916	38.29619
2528	1610	38.191547
2528	318	38.08476
2528	21	37.466476
2529	2987	339.6248
2529	592	335.04868
2529	1036	319.78006
2529	589	318.58325
2529	1079	314.40808
2529	1376	310.13556
2529	457	305.4076
2529	110	302.71262
2529	2396	301.9374
2529	2115	294.73206
2530	608	17.706425
2530	50	16.433748
2530	593	16.123917
2530	1617	16.054628
2530	318	15.91875
2530	2997	15.858131
2530	2028	15.137407
2530	1196	14.819452
2530	527	14.489333
2530	2762	14.421065
2531	357	16.391281
2531	1265	15.975958
2531	1393	15.655524
2531	527	15.516205
2531	608	15.268545
2531	318	14.851877
2531	34	14.704317
2531	1674	14.69084
2531	1183	14.5228615
2531	1247	14.435883
2532	608	25.882402
2532	527	25.083862
2532	858	23.565327
2532	296	22.886219
2532	1247	22.669973
2532	1617	22.592867
2532	919	22.323421
2532	1196	22.301008
2532	1674	22.261497
2532	2028	22.23991
2533	587	78.94082
2533	39	78.05182
2533	3253	77.03785
2533	2321	77.01156
2533	1777	76.59023
2533	1923	76.0628
2533	2396	75.45353
2533	367	73.81737
2533	1393	73.66846
2533	1270	72.22631
2534	1294	17.622839
2534	1136	17.199776
2534	1230	16.51112
2534	3421	16.414967
2534	1265	15.743054
2534	919	15.60288
2534	1304	15.434119
2534	1079	15.30413
2534	1394	15.215887
2534	2396	15.17766
2535	1265	36.632683
2535	2396	36.47843
2535	357	34.941658
2535	1641	34.486332
2535	608	34.040257
2535	39	33.201477
2535	2289	32.353245
2535	1079	32.263817
2535	34	32.026505
2535	296	31.674652
2536	357	35.311745
2536	1	34.691032
2536	39	34.62257
2536	1923	34.590057
2536	2321	34.23472
2536	1641	33.298973
2536	3253	33.20027
2536	1393	32.506973
2536	587	32.477596
2536	1500	32.4498
2537	2797	205.29007
2537	2918	201.95418
2537	2174	196.21182
2537	2716	185.99783
2537	1259	183.94302
2537	3039	180.9298
2537	2396	174.76703
2537	1196	174.43922
2537	1968	171.81625
2537	2321	171.4043
2538	1196	21.407833
2538	457	20.19328
2538	2028	19.944696
2538	1036	19.633991
2538	858	19.63012
2538	1240	19.592916
2538	1214	19.589796
2538	1291	19.492151
2538	1210	19.251553
2538	589	19.238062
2539	1240	46.736347
2539	1291	42.690186
2539	1210	42.578182
2539	2916	41.654373
2539	480	40.70982
2539	1374	39.95782
2539	2000	39.626965
2539	1580	39.39347
2539	110	39.075443
2539	592	38.71205
2540	457	154.24869
2540	1580	147.45793
2540	2291	144.97873
2540	356	143.8412
2540	2858	143.80354
2540	2571	141.58748
2540	589	141.00879
2540	39	138.5777
2540	1	136.50496
2540	32	135.82129
2541	3087	117.907104
2541	586	116.64165
2541	2470	116.08729
2541	1485	112.86903
2541	2371	109.751724
2541	2302	108.55226
2541	2174	107.33858
2541	597	107.10891
2541	2011	107.00171
2541	539	106.16586
2542	1196	13.090501
2542	260	12.775909
2542	1580	12.160657
2542	1240	11.982133
2542	1198	11.967002
2542	1270	11.802804
2542	480	11.747583
2542	1200	11.653096
2542	110	11.609674
2542	1214	11.580656
2543	608	20.792816
2543	296	19.565636
2543	2858	19.523499
2543	1196	19.44276
2543	858	18.904018
2543	1198	18.58257
2543	2396	18.564291
2543	919	18.393051
2543	1213	18.39174
2543	1617	18.278439
2544	2243	287.4073
2544	2804	284.40344
2544	1233	276.39594
2544	2797	268.9239
2544	2918	261.92175
2544	1210	260.3193
2544	2716	256.42044
2544	2067	256.12766
2544	1220	252.4581
2544	2065	251.81474
2545	608	31.928362
2545	296	31.047039
2545	2028	30.561192
2545	2858	29.372778
2545	1265	28.946823
2545	2396	28.927769
2545	1617	28.329844
2545	110	28.232035
2545	1213	27.831861
2545	150	27.770512
2546	608	60.41842
2546	912	59.449574
2546	923	57.62454
2546	908	57.039024
2546	111	55.8866
2546	903	53.96112
2546	1084	53.835426
2546	1196	53.177486
2546	1230	53.116474
2546	1208	52.192974
2547	1230	93.121544
2547	1219	92.25796
2547	111	92.01399
2547	1221	92.00554
2547	924	90.46801
2547	1213	89.20215
2547	593	88.48955
2547	1084	88.28859
2547	1304	87.19544
2547	260	86.95699
2548	2706	25.061913
2548	2716	24.918095
2548	2762	23.835354
2548	2355	23.650215
2548	1127	23.468271
2548	2959	23.430717
2548	223	23.06835
2548	2699	22.325588
2548	2997	22.2188
2548	2688	21.978828
2549	480	14.788182
2549	1196	14.643132
2549	2571	14.5518265
2549	589	14.404955
2549	260	13.882491
2549	1210	13.706747
2549	457	13.664246
2549	1197	13.537277
2549	1265	13.477354
2549	1198	13.427774
2550	608	68.10198
2550	1200	67.81695
2550	1304	67.11969
2550	2028	66.25212
2550	1197	66.182945
2550	1291	66.07267
2550	1036	65.144646
2550	589	65.039925
2550	2571	64.27298
2550	912	63.34842
2551	1196	46.074272
2551	1580	44.36407
2551	1210	44.23101
2551	1240	43.40717
2551	1197	43.05666
2551	2571	42.946404
2551	1270	42.82924
2551	2916	42.56516
2551	1200	42.52596
2551	480	42.358074
2552	1580	65.84516
2552	2571	63.04623
2552	377	62.689365
2552	2028	59.75452
2552	110	59.366096
2552	1198	58.464333
2552	1	58.34587
2552	780	58.228416
2552	1210	57.295837
2552	1270	56.861286
2553	1240	24.066666
2553	1196	23.820608
2553	457	23.470903
2553	589	23.260996
2553	2571	23.121408
2553	1198	22.9448
2553	2916	22.911114
2553	260	22.854883
2553	1200	22.74841
2553	1291	22.65946
2554	608	32.7779
2554	318	31.675814
2554	1196	30.966265
2554	296	30.266855
2554	593	30.074165
2554	2028	29.305758
2554	1198	29.062723
2554	1213	28.957155
2554	1270	28.910746
2554	1307	28.860178
2555	1214	90.71269
2555	912	90.6573
2555	1294	89.34362
2555	1304	87.52217
2555	111	87.39222
2555	296	87.165276
2555	1213	86.721634
2555	1270	86.413376
2555	923	86.2219
2555	1387	85.90851
2556	608	17.329926
2556	1094	17.167349
2556	2289	16.896103
2556	593	15.403896
2556	296	15.2786255
2556	800	15.235918
2556	2858	15.232858
2556	1041	15.050325
2556	1635	15.002144
2556	994	14.952697
2557	1213	39.70574
2557	318	38.48176
2557	1704	36.962246
2557	2858	36.147636
2557	1358	35.549473
2557	2289	34.382065
2557	527	34.26078
2557	1094	34.206623
2557	2997	33.757896
2557	1673	33.40117
2558	1200	34.567554
2558	2571	33.181873
2558	589	33.004795
2558	480	32.796143
2558	1374	32.78347
2558	2916	32.467213
2558	2640	31.395294
2558	2985	31.341803
2558	1376	30.903044
2558	1291	30.878359
2559	589	156.19429
2559	1580	152.00266
2559	2916	150.06728
2559	377	141.27292
2559	2987	138.37059
2559	1	136.10092
2559	592	132.98903
2559	527	131.53603
2559	2997	130.1204
2559	1573	127.67557
2560	1704	27.685963
2560	608	25.000608
2560	1682	24.403013
2560	1393	24.09606
2560	2268	23.952524
2560	36	23.598997
2560	1213	22.958817
2560	1358	22.619429
2560	2291	22.445557
2560	590	22.304087
2561	527	58.74734
2561	296	58.155697
2561	1617	56.464634
2561	1265	55.514175
2561	2997	53.30408
2561	50	53.207657
2561	1704	51.07847
2561	1136	51.01949
2561	1	50.94374
2561	912	50.85142
2562	1240	132.94952
2562	457	125.88955
2562	780	123.15574
2562	110	122.616066
2562	1036	122.57119
2562	1198	121.79204
2562	1610	121.434235
2562	2985	118.873116
2562	1291	117.37143
2562	1374	116.13209
2563	608	16.98286
2563	527	15.664232
2563	50	15.005104
2563	1617	14.824243
2563	2858	14.694134
2563	2268	14.285582
2563	1393	14.132483
2563	1358	14.111683
2563	457	14.075019
2563	2762	13.888364
2564	1196	84.27927
2564	2797	81.86943
2564	457	80.5915
2564	2174	79.35852
2564	1307	79.11263
2564	1220	78.87819
2564	356	78.60409
2564	589	78.400826
2564	21	78.238815
2564	1259	78.07534
2565	1580	127.31063
2565	2174	125.56969
2565	1	125.350174
2565	2000	124.24235
2565	2028	123.52224
2565	1197	122.649254
2565	1259	122.030945
2565	1210	121.014786
2565	1784	120.884026
2565	2100	120.77859
2566	1291	162.07965
2566	1200	161.40302
2566	1527	159.33716
2566	592	157.7966
2566	1573	153.51608
2566	1214	152.28255
2566	1197	151.13933
2566	1676	149.48325
2566	1544	148.26694
2566	2105	145.75046
2567	589	220.10034
2567	1200	215.55568
2567	1291	211.31923
2567	2985	202.86415
2567	2194	197.69771
2567	2640	196.5316
2567	1222	193.30292
2567	2115	183.25218
2567	1265	183.2286
2567	1617	182.78828
2568	2699	19.10407
2568	2571	18.623892
2568	2997	18.444582
2568	2355	18.391815
2568	2762	18.274427
2568	2599	18.25396
2568	2710	18.214273
2568	2959	18.19619
2568	1196	17.756067
2568	2028	17.692583
2569	1196	22.941158
2569	858	22.66278
2569	1617	22.43949
2569	1213	21.516512
2569	260	21.475796
2569	589	21.47364
2569	1198	21.384136
2569	480	20.979706
2569	593	20.962421
2569	296	20.956907
2570	2028	63.78366
2570	1358	62.55036
2570	1617	62.32862
2570	1265	61.053764
2570	1094	60.31181
2570	2268	60.14419
2570	2396	59.67196
2570	2291	58.280697
2570	110	57.850296
2570	25	57.677925
2571	1240	63.17577
2571	1200	61.22644
2571	2571	60.106163
2571	1197	59.681667
2571	480	59.402386
2571	589	58.690117
2571	2916	58.53767
2571	2640	57.74384
2571	541	57.710644
2571	2985	56.583214
2572	296	125.86942
2572	2291	107.332596
2572	1196	102.83701
2572	2599	99.46558
2572	2289	98.8877
2572	1500	97.342155
2572	2395	96.80845
2572	39	96.40392
2572	260	95.651
2572	235	95.545494
2573	1580	77.89158
2573	1197	77.62405
2573	110	76.99464
2573	1610	76.61018
2573	1270	74.7374
2573	592	73.86716
2573	608	73.06897
2573	1374	72.62216
2573	593	72.38744
2573	1617	71.24291
2574	1294	25.278597
2574	1234	24.071476
2574	1136	24.005182
2574	3363	23.791483
2574	910	22.971905
2574	1079	22.889479
2574	1265	22.872204
2574	1270	22.551981
2574	1304	22.540747
2574	1394	22.4869
2575	1127	113.151634
2575	2916	108.290504
2575	480	107.6677
2575	1580	106.359055
2575	593	100.62327
2575	1270	99.13323
2575	2699	96.40613
2575	1374	95.17348
2575	1370	94.72402
2575	2628	94.49382
2576	1270	137.96928
2576	1690	136.54204
2576	1291	132.03206
2576	1653	129.19398
2576	2021	128.75603
2576	592	128.56638
2576	1129	128.11098
2576	1197	127.62665
2576	2529	127.33557
2576	1036	125.92708
2577	2706	20.436161
2577	2683	18.320215
2577	2762	17.370167
2577	2028	17.339478
2577	2688	17.282986
2577	223	17.111084
2577	2770	16.984106
2577	2541	16.876616
2577	3160	16.873081
2577	2712	16.654167
2578	608	25.065723
2578	858	22.749504
2578	50	22.621504
2578	908	22.10634
2578	1219	22.022549
2578	1213	21.392876
2578	593	21.087992
2578	1267	21.043432
2578	111	20.99362
2578	1221	20.749298
2579	1252	47.10943
2579	858	46.34029
2579	923	45.510666
2579	908	44.477097
2579	608	43.8258
2579	1617	43.43306
2579	111	43.41399
2579	1219	42.40452
2579	1221	42.397427
2579	260	42.287746
2580	2396	49.52077
2580	1	49.4557
2580	2918	49.379154
2580	1307	49.310505
2580	2797	48.65495
2580	39	48.55221
2580	608	48.172306
2580	2858	47.590347
2580	296	46.97214
2580	357	46.938198
2581	1358	216.7908
2581	919	215.90207
2581	1196	214.60915
2581	1193	214.32947
2581	1079	212.32765
2581	1294	207.77176
2581	2997	207.20457
2581	1198	205.64877
2581	1179	204.0425
2581	1270	199.61954
2582	608	14.452417
2582	296	13.690007
2582	2858	13.682298
2582	745	13.547636
2582	1197	13.525573
2582	1617	13.480363
2582	1394	13.475261
2582	2396	13.252054
2582	1265	13.192984
2582	1079	13.172092
2583	2571	236.96204
2583	2406	221.90411
2583	110	218.0429
2583	2028	215.65819
2583	1376	212.30838
2583	2194	212.06389
2583	1222	211.39438
2583	541	209.78828
2583	1527	204.94537
2583	1356	204.2848
2584	527	10.445596
2584	608	10.115754
2584	1704	9.4639015
2584	296	9.450226
2584	36	9.254872
2584	1213	9.107599
2584	1225	8.967976
2584	1094	8.660217
2584	1617	8.630224
2584	593	8.549431
2585	318	75.96212
2585	593	75.76198
2585	1270	72.69881
2585	1221	72.528114
2585	1617	72.47074
2585	296	71.5446
2585	1213	71.26709
2585	1259	70.78882
2585	1214	70.693794
2585	1208	70.37108
2586	608	41.433052
2586	858	38.789463
2586	1213	38.104546
2586	1252	36.33065
2586	593	35.63475
2586	1221	35.483974
2586	527	34.568462
2586	1247	34.514698
2586	1394	34.497612
2586	1193	34.32767
2587	457	27.799324
2587	2571	27.798594
2587	480	27.403732
2587	1580	26.850626
2587	2916	26.72196
2587	1196	26.633959
2587	260	24.96321
2587	593	24.823017
2587	318	24.77773
2587	1198	24.739862
2588	1641	27.35358
2588	39	26.833004
2588	2321	25.741669
2588	3255	25.077888
2588	11	24.707329
2588	1	24.370356
2588	34	24.245558
2588	440	24.087448
2588	1307	23.896027
2588	1704	23.81863
2589	50	127.16388
2589	1259	122.0596
2589	1221	119.78831
2589	541	118.18494
2589	111	116.53191
2589	1197	116.24893
2589	1193	116.18537
2589	34	115.57219
2589	1079	115.560104
2589	2987	114.88249
2590	2517	146.7347
2590	2513	145.39401
2590	1976	120.67496
2590	1334	117.94552
2590	2789	115.67878
2590	2710	114.434494
2590	1327	114.0189
2590	1346	111.41617
2590	2868	109.82096
2590	2525	108.5308
2591	1240	37.90519
2591	608	37.489754
2591	1214	36.71829
2591	296	35.931004
2591	1617	35.7724
2591	457	35.101696
2591	480	35.0243
2591	1270	34.991585
2591	1036	34.939884
2591	1197	34.811687
2592	1196	205.23271
2592	1265	198.29977
2592	1036	191.5534
2592	260	190.91081
2592	1197	189.91759
2592	296	188.7896
2592	589	188.39624
2592	1270	187.91328
2592	2406	187.1865
2592	1291	185.92352
2593	1214	99.47246
2593	1240	98.28627
2593	1387	96.800095
2593	1200	93.36026
2593	1197	92.11061
2593	1270	89.950836
2593	919	89.81727
2593	1097	88.33194
2593	2987	87.92821
2593	1221	87.81079
2594	1610	59.326405
2594	377	58.19955
2594	780	56.88583
2594	1196	56.731117
2594	110	56.283405
2594	1240	55.952377
2594	1573	54.56381
2594	1210	54.13539
2594	1198	53.961678
2594	648	53.951298
2595	1196	110.70921
2595	1573	103.76461
2595	1527	103.58547
2595	1240	103.43708
2595	733	103.07428
2595	648	99.37445
2595	1198	99.314896
2595	1197	99.11604
2595	1370	97.18487
2595	1200	97.14858
2596	1580	33.57496
2596	457	30.791893
2596	1393	30.139921
2596	11	30.111465
2596	357	29.793129
2596	39	29.59872
2596	2028	29.502172
2596	2396	29.441202
2596	589	29.40776
2596	2571	29.139233
2597	1094	38.470173
2597	1307	38.339962
2597	608	37.074463
2597	1247	35.51708
2597	17	35.18279
2597	39	35.00235
2597	2020	34.551212
2597	527	34.440006
2597	2291	33.983257
2597	2243	33.49859
2598	1200	29.36316
2598	589	28.545424
2598	2571	28.5147
2598	1036	28.118534
2598	1291	27.671118
2598	2916	27.214138
2598	2028	27.018648
2598	480	26.81039
2598	1270	26.509886
2598	1197	26.20207
2599	592	155.10391
2599	1129	154.80547
2599	1097	152.85205
2599	2968	151.68231
2599	316	149.66742
2599	1573	147.23184
2599	1222	142.47533
2599	1391	141.17218
2599	1371	140.03535
2599	2028	138.43997
2600	593	44.567165
2600	296	44.208572
2600	2571	39.93935
2600	457	39.894222
2600	1617	39.672928
2600	1196	39.61047
2600	2268	39.401802
2600	2762	39.21628
2600	1265	39.173588
2600	50	39.097416
2601	1196	18.775562
2601	480	18.044676
2601	1580	17.875051
2601	1259	17.874863
2601	2858	17.788445
2601	2571	17.747053
2601	593	17.688654
2601	318	17.644157
2601	260	17.552229
2601	527	17.274649
2602	1225	14.351318
2602	608	14.176421
2602	923	14.103425
2602	111	14.0407915
2602	912	14.025592
2602	919	13.904888
2602	1952	13.890468
2602	858	13.723578
2602	750	13.49323
2602	908	13.248857
2603	2858	34.738735
2603	593	34.50796
2603	1213	31.56819
2603	1617	31.298029
2603	457	31.2165
2603	50	31.20482
2603	589	31.155039
2603	1196	30.541754
2603	1	30.409756
2603	480	30.133923
2604	2858	54.064606
2604	1196	52.1111
2604	2396	50.37892
2604	2987	49.533764
2604	1198	48.874123
2604	260	47.73449
2604	1580	47.732166
2604	1210	47.670376
2604	2599	47.519882
2604	1259	47.37544
2605	1196	143.37505
2605	1200	133.70435
2605	1198	125.71912
2605	1210	122.66665
2605	480	122.25881
2605	1387	121.00017
2605	1374	118.26634
2605	1197	116.88438
2605	50	116.16035
2605	1221	116.03791
2606	1136	43.618034
2606	1079	41.92498
2606	1394	41.54903
2606	1265	41.505177
2606	2791	40.63742
2606	1196	40.607624
2606	1307	40.19432
2606	1	39.819443
2606	2918	39.763687
2606	1198	39.501728
2607	1247	49.260033
2607	296	48.828594
2607	1196	48.740475
2607	1213	48.65227
2607	2858	47.590427
2607	1225	47.444504
2607	50	47.18059
2607	1198	47.048634
2607	750	46.836254
2607	904	46.405083
2608	1094	133.42874
2608	111	132.8301
2608	2997	129.42474
2608	1288	126.0026
2608	1196	125.45469
2608	34	123.91484
2608	1079	123.62049
2608	1252	122.54015
2608	1179	122.31008
2608	1136	122.178246
2609	1617	114.61747
2609	1213	109.19374
2609	457	100.85115
2609	2028	98.429695
2609	1094	97.04586
2609	858	95.22184
2609	1265	94.78306
2609	111	94.69685
2609	2396	94.23039
2609	47	93.29726
2610	2571	24.106087
2610	260	22.798761
2610	1240	22.660612
2610	2916	22.442694
2610	1196	22.414534
2610	1198	21.632158
2610	457	21.539497
2610	1210	21.5372
2610	1610	21.15391
2610	1036	21.146286
2611	1580	207.17035
2611	1210	204.16435
2611	2716	196.76558
2611	1097	195.46
2611	2797	194.1043
2611	1220	189.02647
2611	1610	185.57912
2611	2762	185.0989
2611	356	183.50204
2611	2997	181.46593
2612	1	30.519272
2612	608	29.728664
2612	1641	29.25206
2612	39	28.473213
2612	296	28.312948
2612	1617	27.855356
2612	1197	27.505526
2612	318	27.443521
2612	1270	27.245247
2612	2599	26.66472
2613	1294	13.077153
2613	1230	12.716873
2613	1136	12.418748
2613	1079	12.210472
2613	1265	12.098409
2613	919	11.979794
2613	1394	11.88335
2613	1234	11.799446
2613	3363	11.689883
2613	912	11.665056
2614	2028	25.18287
2614	1210	23.937027
2614	1198	23.606081
2614	1240	22.916412
2614	589	22.72056
2614	457	22.574114
2614	1200	22.52809
2614	858	22.334772
2614	1222	22.334042
2614	1036	22.205772
2615	2683	33.94693
2615	2997	31.749573
2615	2710	31.424728
2615	2959	31.20313
2615	2355	29.68469
2615	2699	28.850788
2615	2541	28.823685
2615	1127	28.341866
2615	1093	27.973766
2615	2028	27.8467
2616	608	33.493473
2616	593	30.766863
2616	1213	29.885105
2616	1617	29.441986
2616	1196	29.191584
2616	1247	29.07555
2616	296	28.793468
2616	912	28.386688
2616	1221	28.07774
2616	2396	27.993298
2617	1265	57.981674
2617	2858	57.852207
2617	2028	56.639538
2617	1213	55.673588
2617	50	54.180435
2617	150	54.04004
2617	1358	54.00746
2617	2291	52.183704
2617	2268	52.12632
2617	1682	51.320446
2618	2571	18.217712
2618	457	17.870073
2618	1196	17.841854
2618	2916	17.472706
2618	1610	17.277029
2618	2028	17.228802
2618	377	16.918457
2618	260	16.781925
2618	1240	16.555843
2618	1036	16.128782
2619	858	71.877266
2619	1196	71.18132
2619	608	69.9784
2619	1198	67.203995
2619	1221	66.59476
2619	1617	64.48434
2619	2028	64.41778
2619	2716	63.949623
2619	1294	63.325756
2619	541	63.0618
2620	1370	109.43116
2620	589	108.626236
2620	316	108.14224
2620	733	107.9872
2620	1610	105.28076
2620	377	104.83827
2620	380	104.11109
2620	1527	103.86205
2620	1240	103.72143
2620	1676	102.759865
2621	380	142.44305
2621	480	137.44876
2621	2571	134.51599
2621	733	134.13573
2621	1377	132.76881
2621	736	126.54276
2621	1573	125.89745
2621	457	125.7484
2621	1610	124.64599
2621	1552	124.48585
2622	1094	25.126865
2622	1265	23.805855
2622	608	23.76821
2622	2396	22.835377
2622	1393	22.479803
2622	296	21.916407
2622	1704	21.873194
2622	3108	21.494123
2622	1641	21.192566
2622	2858	20.857285
2623	597	32.994896
2623	1569	32.971375
2623	339	30.753988
2623	357	30.073648
2623	11	29.991592
2623	587	29.75134
2623	440	29.582886
2623	3255	28.612835
2623	1265	28.47064
2623	2396	28.299965
2624	1270	213.1238
2624	1240	212.19592
2624	2797	193.61745
2624	541	193.01134
2624	1136	191.10878
2624	593	185.43253
2624	2716	183.01997
2624	377	182.56036
2624	1079	182.19324
2624	296	181.04318
2625	1196	72.27594
2625	260	70.798065
2625	1240	70.29023
2625	1321	67.742935
2625	1198	66.87569
2625	2985	65.378525
2625	2529	65.10451
2625	541	64.96023
2625	589	64.48814
2625	1334	64.47683
2626	1196	12.782431
2626	1198	11.926477
2626	2716	11.562598
2626	1210	11.334979
2626	2571	11.278571
2626	589	11.19463
2626	2028	11.062936
2626	1240	11.05766
2626	1197	11.019089
2626	608	10.878307
2627	2028	208.34822
2627	1265	199.37859
2627	527	199.22917
2627	111	191.55501
2627	1610	190.71986
2627	1580	190.23615
2627	1270	190.16573
2627	235	188.26466
2627	1	184.48117
2627	2395	183.64108
2628	608	110.23996
2628	1213	104.72359
2628	1704	97.82954
2628	1617	94.312386
2628	3418	92.793564
2628	1208	91.09788
2628	337	90.6261
2628	2289	90.44372
2628	1247	90.168655
2628	1259	90.08004
2629	1370	178.42801
2629	480	164.79866
2629	165	161.45734
2629	292	159.8731
2629	1722	149.08775
2629	356	148.49785
2629	2006	147.4822
2629	590	146.70073
2629	1036	144.89508
2629	1408	144.01997
2630	2683	33.138863
2630	2762	32.751522
2630	2355	30.91921
2630	593	30.62171
2630	2395	30.072569
2630	2396	29.85479
2630	608	29.816679
2630	2770	29.613401
2630	2028	29.114185
2630	2580	29.07472
2631	1234	62.04184
2631	3363	59.959824
2631	1080	59.136757
2631	3361	58.35307
2631	1270	58.330685
2631	1307	57.8535
2631	3421	57.135315
2631	2791	56.61074
2631	2918	56.357346
2631	1288	55.70386
2632	608	19.797813
2632	50	19.606958
2632	1732	18.70952
2632	2391	18.476934
2632	296	18.39164
2632	1092	18.015415
2632	47	17.926485
2632	1500	17.795145
2632	1711	17.663042
2632	1213	17.497276
2633	2858	25.279102
2633	2997	24.13693
2633	2699	22.736109
2633	1127	22.472239
2633	2959	22.401016
2633	1196	22.13882
2633	2987	22.112787
2633	2395	21.887356
2633	2700	21.875477
2633	2396	21.569471
2634	1617	164.46497
2634	593	156.2432
2634	1259	152.8395
2634	111	148.03195
2634	1247	147.84969
2634	1225	147.34702
2634	1288	146.91785
2634	50	146.5065
2634	1358	144.31473
2634	2918	141.98517
2635	1580	27.178238
2635	2571	26.212715
2635	1196	25.98257
2635	1240	25.043009
2635	260	24.92919
2635	110	24.445356
2635	1210	24.31348
2635	1200	23.92407
2635	2916	23.70863
2635	1259	23.0691
2636	608	47.50393
2636	593	47.063217
2636	2571	45.731083
2636	1617	44.247078
2636	50	44.219284
2636	223	43.948887
2636	2716	43.813843
2636	527	43.33539
2636	110	42.975376
2636	1196	42.702465
2637	2858	29.229755
2637	2987	27.341412
2637	2997	26.0549
2637	2706	24.75728
2637	3175	24.717916
2637	1196	24.533043
2637	2599	24.516016
2637	2770	24.01541
2637	223	23.830719
2637	593	23.588877
2638	2571	266.77252
2638	2028	252.38905
2638	2987	244.0707
2638	1265	240.33498
2638	2628	233.46939
2638	380	231.90755
2638	608	226.72633
2638	1129	225.03143
2638	356	223.20998
2638	1573	221.99565
2639	608	23.87686
2639	318	23.732416
2639	34	23.278767
2639	1196	22.962894
2639	296	22.89521
2639	1580	22.720572
2639	527	22.646181
2639	2028	22.601574
2639	1197	22.600044
2639	356	22.520954
2640	1196	11.840576
2640	2571	11.425811
2640	1580	11.148979
2640	260	11.078125
2640	1127	10.871219
2640	1240	10.864134
2640	1270	10.75407
2640	589	10.728754
2640	480	10.653187
2640	2716	10.563716
2641	1617	230.3667
2641	1197	224.44302
2641	1240	218.45973
2641	2918	216.16699
2641	1394	216.16635
2641	480	215.7909
2641	1210	214.96567
2641	2174	212.20982
2641	1580	211.67009
2641	1291	209.62431
2642	593	52.207844
2642	110	49.318295
2642	1196	49.01321
2642	527	48.344967
2642	1265	46.664146
2642	480	46.593708
2642	1089	45.738888
2642	2916	45.6779
2642	1580	45.270737
2642	260	44.12284
2643	858	208.8389
2643	1213	196.55954
2643	260	195.43417
2643	1240	188.00694
2643	1214	186.5224
2643	1036	185.35481
2643	1222	182.49983
2643	1294	182.36813
2643	1259	180.85965
2643	912	179.3705
2644	2028	15.099028
2644	593	14.666702
2644	296	14.500061
2644	1196	14.4776125
2644	318	14.242236
2644	1617	14.090222
2644	1213	13.809223
2644	2571	13.773257
2644	858	13.705089
2644	480	13.701274
2645	2858	181.79669
2645	1	176.03143
2645	608	175.63194
2645	377	173.6572
2645	1610	171.73712
2645	1500	166.27911
2645	1036	159.77383
2645	3253	159.35184
2645	2000	158.51239
2645	2918	156.97565
2646	1196	25.994007
2646	457	25.453049
2646	2571	25.281115
2646	260	24.81018
2646	480	24.796976
2646	110	24.664036
2646	1198	24.659477
2646	1580	24.599838
2646	2916	24.57245
2646	1240	23.298601
2647	1265	15.774827
2647	1307	15.376185
2647	2918	15.110972
2647	1079	14.7768
2647	1259	14.502016
2647	2100	14.403872
2647	1663	14.395173
2647	3039	14.3859825
2647	357	14.36487
2647	2915	14.295513
2648	1196	66.7317
2648	260	65.24814
2648	1214	65.10674
2648	1219	64.89669
2648	1270	64.731316
2648	1136	64.349396
2648	541	63.09924
2648	1198	62.103657
2648	1197	61.41745
2648	1259	60.206547
2649	2797	125.83896
2649	1265	123.498924
2649	2174	119.42402
2649	2100	117.62683
2649	2791	114.68217
2649	1663	112.8467
2649	1394	111.27894
2649	2406	111.236885
2649	1	111.16714
2649	3210	110.92239
2650	1196	32.049553
2650	318	31.139465
2650	608	30.70156
2650	2028	30.571178
2650	1198	29.66235
2650	2762	29.366863
2650	2858	29.329376
2650	1	29.180643
2650	2396	29.051172
2650	1265	28.727348
2651	2916	85.57184
2651	457	84.14056
2651	1210	82.564384
2651	480	82.05194
2651	1580	79.34569
2651	2194	78.26261
2651	2640	75.8582
2651	377	75.575806
2651	1220	74.68948
2651	1370	74.234825
2652	1136	32.041183
2652	1079	30.619238
2652	1230	29.940125
2652	608	29.86089
2652	1234	29.767237
2652	3363	28.975584
2652	3421	28.794353
2652	1288	28.64004
2652	858	28.566738
2652	2396	28.385107
2653	2858	21.554064
2653	2997	20.068254
2653	608	19.16979
2653	2716	19.132492
2653	2762	18.060461
2653	593	18.055855
2653	2395	17.855526
2653	1196	17.781168
2653	1213	17.7455
2653	2396	17.725527
2654	608	70.39284
2654	2858	66.7255
2654	296	63.320694
2654	1617	60.13424
2654	1213	58.536232
2654	2028	57.300957
2654	1094	56.879143
2654	34	56.62022
2654	36	56.4128
2654	150	55.79189
2655	2716	37.173088
2655	2599	34.21254
2655	2762	33.734383
2655	2959	33.673744
2655	785	32.282536
2655	2712	31.807175
2655	2433	30.587261
2655	2580	30.45199
2655	2688	30.180882
2655	2502	29.734737
2656	1196	71.99355
2656	1265	70.24819
2656	1197	69.51471
2656	1198	69.14462
2656	260	68.96037
2656	1617	68.56801
2656	1210	68.53972
2656	457	67.64296
2656	608	67.52061
2656	480	67.30643
2657	608	20.266598
2657	296	19.775675
2657	2858	19.662035
2657	457	18.589336
2657	1196	18.52322
2657	2571	18.406536
2657	589	18.26964
2657	1265	18.24668
2657	1617	18.058447
2657	1213	18.034893
2658	50	29.606384
2658	1617	29.433516
2658	1265	28.017525
2658	2762	27.20288
2658	110	27.05072
2658	1358	26.871296
2658	2571	26.845808
2658	1196	26.728546
2658	1089	26.439837
2658	589	26.312204
2659	1079	122.82954
2659	1394	116.1854
2659	1265	116.16436
2659	1136	115.97476
2659	1307	114.889366
2659	2396	113.4186
2659	1196	112.84312
2659	1617	110.5027
2659	2791	110.44219
2659	1234	109.56571
2660	1265	31.557026
2660	2396	31.459923
2660	1197	28.80412
2660	39	28.500938
2660	919	28.27031
2660	912	27.659986
2660	1247	27.647293
2660	1094	27.173784
2660	1196	26.575203
2660	2100	26.359653
2661	1265	66.91408
2661	2918	64.965744
2661	1079	64.1199
2661	2100	61.779022
2661	1394	61.201645
2661	2716	61.168503
2661	1197	60.84725
2661	1580	60.677208
2661	2000	60.422863
2661	2406	59.897316
2662	1196	32.147675
2662	260	30.569504
2662	1580	30.199293
2662	858	29.514153
2662	1197	29.441078
2662	1198	29.327864
2662	1270	29.181047
2662	1210	28.869219
2662	593	28.216393
2662	1240	28.116123
2663	1784	92.64957
2663	1	91.70316
2663	1500	90.63657
2663	377	89.03525
2663	296	88.268456
2663	440	87.799255
2663	593	86.85408
2663	318	86.474625
2663	608	86.44838
2663	11	86.415306
2664	1580	195.66412
2664	2797	184.84102
2664	2916	184.74234
2664	1210	182.2007
2664	2918	180.25299
2664	2716	178.0571
2664	2174	177.13914
2664	1197	175.77885
2664	1265	174.98615
2664	2791	168.86337
2665	1200	375.56287
2665	480	364.3719
2665	2571	360.1468
2665	1220	360.03418
2665	1197	351.7757
2665	2716	343.19086
2665	1265	324.08087
2665	1	323.4543
2665	1129	317.76315
2665	2001	317.71658
2666	1704	68.82573
2666	296	68.72103
2666	593	66.73789
2666	1213	65.31013
2666	1393	61.945908
2666	1617	61.030098
2666	1682	60.955547
2666	1265	59.192665
2666	2291	58.972786
2666	50	58.897682
2667	608	20.983896
2667	919	19.981342
2667	1225	19.563766
2667	1307	19.42851
2667	858	19.26193
2667	1617	19.236506
2667	527	19.11327
2667	2858	19.030798
2667	923	18.996727
2667	1094	18.69859
2668	589	124.7725
2668	1198	123.57984
2668	1617	120.98929
2668	1200	118.14089
2668	858	116.622116
2668	1	116.600136
2668	924	114.79903
2668	2916	114.46559
2668	32	114.179794
2668	318	114.17911
2669	296	47.971786
2669	2028	47.351963
2669	1196	45.823666
2669	2762	45.654408
2669	527	45.34528
2669	50	43.894196
2669	2716	43.770874
2669	2396	42.605118
2669	1198	42.456554
2669	110	42.21042
2670	1196	157.3133
2670	1294	151.60529
2670	919	147.97113
2670	1247	145.64569
2670	924	145.35771
2670	541	144.4594
2670	1252	144.1722
2670	1304	143.9027
2670	1270	140.6798
2670	527	140.51042
2671	1196	15.611264
2671	480	15.546187
2671	2571	15.414665
2671	1580	15.3676195
2671	1198	14.608596
2671	260	14.542525
2671	296	14.428476
2671	1210	14.417376
2671	2916	14.389688
2671	2858	14.33578
2672	1196	42.704437
2672	457	41.45766
2672	1240	41.067955
2672	589	40.345684
2672	2571	40.07834
2672	1200	39.788883
2672	858	39.644073
2672	1610	39.643276
2672	2916	39.404877
2672	1210	38.711624
2673	2858	11.727246
2673	2997	11.001587
2673	296	10.703709
2673	318	10.641641
2673	2396	10.447846
2673	2762	10.43785
2673	593	10.429435
2673	2716	10.3971
2673	608	10.218587
2673	527	10.123103
2674	608	73.74995
2674	318	64.70454
2674	2396	64.282715
2674	1079	63.990982
2674	2599	62.89715
2674	50	62.510365
2674	1094	62.241024
2674	235	62.12891
2674	1179	60.15544
2674	1641	60.04499
2675	1580	28.005335
2675	1196	27.769365
2675	1967	26.746485
2675	2140	26.566294
2675	1210	26.546976
2675	592	26.346397
2675	1374	26.212395
2675	2916	26.122826
2675	1240	26.008108
2675	2640	25.903728
2676	1247	122.81521
2676	1193	113.52694
2676	1213	112.83716
2676	1952	111.56429
2676	1293	109.72541
2676	1094	109.06407
2676	912	108.84593
2676	296	108.60438
2676	593	107.18361
2676	1221	106.6792
2677	457	31.89486
2677	1196	30.63586
2677	1036	30.499609
2677	589	29.97808
2677	2916	29.816872
2677	1240	29.810843
2677	2028	29.357376
2677	1198	28.66362
2677	1210	28.66146
2677	480	28.630234
2678	1196	37.450394
2678	1240	35.117317
2678	1200	33.886883
2678	924	33.810856
2678	1198	33.33816
2678	858	32.736744
2678	480	32.607662
2678	1210	32.159348
2678	1617	31.740118
2678	2028	31.289894
2679	1265	244.0795
2679	1270	242.41692
2679	34	224.9144
2679	2797	223.62111
2679	1097	223.18665
2679	1307	223.03967
2679	2791	220.86574
2679	2918	218.05304
2679	2716	217.78679
2679	2028	217.06827
2680	1394	110.43394
2680	1307	106.952286
2680	2918	104.4018
2680	3361	103.01743
2680	858	101.50211
2680	1288	100.68069
2680	1230	100.345436
2680	1196	98.10211
2680	2997	97.45982
2680	2804	96.91482
2681	2797	150.25986
2681	1259	136.1674
2681	1196	132.74268
2681	1220	128.54042
2681	2804	128.15092
2681	3361	126.5543
2681	1097	126.50097
2681	356	124.81482
2681	1136	124.64424
2681	2987	124.079575
2682	2916	62.580597
2682	2571	61.80201
2682	589	59.696045
2682	1240	56.21338
2682	1200	55.033123
2682	1196	54.751606
2682	1909	54.175697
2682	1372	54.063316
2682	1653	54.058502
2682	2985	53.94089
2683	1291	218.74728
2683	1259	215.27365
2683	50	208.98747
2683	2174	200.25888
2683	1394	199.98558
2683	1222	198.97958
2683	2987	195.84387
2683	1136	194.7297
2683	32	193.82576
2683	733	193.1163
2684	608	127.942154
2684	296	117.81485
2684	593	112.3931
2684	318	110.198784
2684	527	110.19729
2684	1094	109.42819
2684	1213	109.138306
2684	1079	108.67895
2684	1259	108.6418
2684	1196	108.07617
2685	1214	96.36291
2685	1954	92.13507
2685	1304	88.84806
2685	924	85.7378
2685	1222	84.99323
2685	1278	84.849365
2685	2194	83.72783
2685	2985	81.818535
2685	589	80.66686
2685	919	80.405174
2686	1214	8.001433
2686	2716	7.869508
2686	1240	7.8169765
2686	541	7.718719
2686	260	7.6378045
2686	1387	7.5831456
2686	1200	7.5455246
2686	1221	7.4409885
2686	1196	7.3373623
2686	1258	7.2714972
2687	296	17.09948
2687	50	16.318392
2687	1617	15.8771925
2687	1213	15.845739
2687	1089	15.814766
2687	2858	15.757674
2687	2571	15.461388
2687	2028	15.181134
2687	1196	14.952494
2687	589	14.903428
2688	1	77.78986
2688	1580	75.61482
2688	1923	73.54723
2688	356	73.07404
2688	3253	71.901634
2688	1196	71.41226
2688	2716	71.324585
2688	2918	71.052086
2688	1197	70.93379
2688	3255	70.34467
2689	260	89.84941
2689	608	87.009415
2689	1197	86.01074
2689	318	85.06436
2689	2028	84.21624
2689	589	83.79293
2689	296	83.55022
2689	1097	81.95017
2689	2396	81.40623
2689	457	80.139015
2690	1196	18.308071
2690	260	17.608486
2690	1214	16.92343
2690	1222	16.786411
2690	1198	16.606861
2690	608	16.587166
2690	1294	16.440357
2690	1240	16.434696
2690	1036	16.354387
2690	2000	16.343084
2691	527	172.58942
2691	318	172.04807
2691	2028	170.00491
2691	919	166.58203
2691	1394	166.2123
2691	1097	164.62912
2691	2987	164.3551
2691	480	161.37228
2691	2716	158.77606
2691	110	158.4603
2692	480	116.7287
2692	377	115.239395
2692	780	110.322845
2692	1265	108.45665
2692	1196	105.50223
2692	1210	102.728905
2692	1240	101.33962
2692	1197	100.712036
2692	1036	100.44365
2692	316	99.1765
2693	912	85.192894
2693	919	81.29497
2693	1084	80.41174
2693	1250	77.99011
2693	1221	77.21085
2693	111	77.04255
2693	910	75.819115
2693	903	75.80904
2693	924	75.446144
2693	1304	74.79601
2694	1196	61.030773
2694	1580	60.80478
2694	2571	57.23069
2694	1240	56.463192
2694	2916	56.235195
2694	1270	55.13717
2694	1198	54.757
2694	1200	54.297424
2694	1197	53.620323
2694	1214	53.26191
2695	1265	48.980648
2695	1259	45.999172
2695	1	45.882195
2695	1197	44.516357
2695	1079	44.48595
2695	1307	44.2731
2695	1617	43.644394
2695	1196	43.517635
2695	318	43.33369
2695	593	42.89641
2696	608	11.605008
2696	1089	11.265032
2696	296	11.091813
2696	50	10.946877
2696	47	10.917849
2696	593	10.698856
2696	1213	10.592848
2696	1645	10.498563
2696	318	10.41222
2696	2762	10.308348
2697	1127	14.94445
2697	2028	14.869409
2697	2762	14.838917
2697	2683	14.20642
2697	2355	14.102416
2697	2959	14.101585
2697	2706	14.049773
2697	1196	13.944311
2697	2699	13.941426
2697	2396	13.902977
2698	919	22.458467
2698	1230	22.305853
2698	1252	22.251003
2698	1247	22.132738
2698	910	21.223648
2698	858	21.201908
2698	750	21.146097
2698	608	21.135784
2698	1294	20.91036
2698	1617	20.906506
2699	1029	56.106815
2699	2081	51.560207
2699	1947	51.105663
2699	2078	48.81002
2699	1035	48.657436
2699	1	47.661777
2699	1196	46.673756
2699	2018	45.42962
2699	912	45.254013
2699	1380	45.11563
2700	1213	148.36658
2700	2762	138.81816
2700	2268	137.1874
2700	3418	135.24905
2700	2890	134.45752
2700	36	133.6588
2700	1500	132.67027
2700	110	131.81544
2700	25	131.67245
2700	2396	131.21771
2701	1580	71.54801
2701	733	71.53862
2701	480	71.31994
2701	1573	69.47638
2701	110	66.832535
2701	349	66.24801
2701	1240	64.83709
2701	1036	64.116684
2701	165	63.926777
2701	1196	62.572895
2702	2571	16.07697
2702	1580	15.774179
2702	480	15.763268
2702	589	15.703341
2702	1214	15.316566
2702	70	15.201646
2702	2916	15.017249
2702	1690	14.683987
2702	1196	14.615168
2702	1200	14.610502
2703	608	50.71909
2703	858	50.092686
2703	912	49.185314
2703	908	48.17176
2703	1219	47.91386
2703	750	47.88678
2703	904	47.818356
2703	923	47.224148
2703	1230	47.051758
2703	910	46.712105
2704	608	42.429684
2704	296	38.475513
2704	1213	37.997025
2704	1198	37.59052
2704	1247	37.46301
2704	912	37.4373
2704	923	37.413647
2704	260	37.39478
2704	1617	36.750374
2704	1208	36.53838
2705	1196	17.056154
2705	1376	16.396751
2705	480	16.345362
2705	1580	16.239641
2705	589	16.235197
2705	1240	16.2162
2705	260	16.130423
2705	2571	16.11919
2705	1214	15.062321
2705	110	14.819214
2706	1196	20.438034
2706	1270	20.05275
2706	2797	19.685629
2706	1198	19.543133
2706	1097	19.037933
2706	1259	18.353363
2706	260	18.31995
2706	1265	18.291153
2706	1079	18.161118
2706	2987	18.09639
2707	2396	13.705334
2707	2997	12.905856
2707	2599	12.4001465
2707	2716	12.395564
2707	2762	12.37434
2707	593	12.178095
2707	1196	12.11963
2707	2987	11.992272
2707	608	11.979682
2707	318	11.935839
2708	2858	22.175898
2708	2716	21.93119
2708	785	20.902061
2708	2710	20.610914
2708	2694	20.50584
2708	2997	20.327301
2708	2355	20.153915
2708	2502	19.28955
2708	2541	19.19388
2708	2762	18.820124
2709	296	17.94011
2709	1617	17.857388
2709	1213	17.716515
2709	2997	17.353182
2709	318	17.34142
2709	593	17.32182
2709	1196	17.18
2709	527	16.889162
2709	50	16.839285
2709	858	16.722572
2710	608	6.315687
2710	1617	5.99006
2710	50	5.9433823
2710	296	5.657681
2710	1259	5.5685887
2710	593	5.540736
2710	589	5.538417
2710	1196	5.503785
2710	2571	5.495801
2710	1213	5.41712
2711	1200	23.806604
2711	260	23.288868
2711	1214	22.332666
2711	2571	21.297646
2711	589	21.020477
2711	2968	20.94114
2711	2640	20.838829
2711	2916	20.813173
2711	1198	20.579874
2711	2105	20.55176
2712	589	52.41858
2712	2916	52.00712
2712	1196	51.956894
2712	1210	51.92199
2712	2028	51.14805
2712	1240	50.4583
2712	1036	50.381454
2712	733	50.312233
2712	260	50.21627
2712	1127	49.20084
2713	480	5.672518
2713	2571	5.5938015
2713	1580	5.5406065
2713	1196	5.2681456
2713	2916	5.221658
2713	260	5.20381
2713	1210	5.183916
2713	1270	5.176931
2713	780	5.092639
2713	1356	4.927572
2714	1196	16.320805
2714	589	15.752039
2714	1198	15.665028
2714	1580	15.211685
2714	480	15.200627
2714	593	15.181936
2714	2028	15.01292
2714	1270	14.950302
2714	296	14.627503
2714	1240	14.587265
2715	1214	53.381172
2715	1240	52.500122
2715	1200	52.0088
2715	1197	51.163025
2715	2640	50.95399
2715	1376	50.70126
2715	541	50.32331
2715	1580	49.62762
2715	480	49.020966
2715	2529	48.473286
2716	904	10.824268
2716	903	10.51024
2716	1617	9.91891
2716	924	9.545565
2716	1247	9.474752
2716	913	9.291009
2716	3044	9.241872
2716	1225	9.21021
2716	1084	9.166373
2716	1219	9.162489
2717	2571	22.187393
2717	1580	21.349926
2717	457	20.945892
2717	1196	19.681808
2717	2028	19.677877
2717	110	19.290422
2717	377	19.168314
2717	1210	19.117035
2717	780	18.969666
2717	1240	18.967125
2718	1265	73.658134
2718	1784	68.88129
2718	1393	66.31875
2718	1704	65.73107
2718	318	65.62662
2718	39	64.006645
2718	380	63.71727
2718	593	63.085365
2718	1641	62.93927
2718	2858	62.835487
2719	924	65.48537
2719	750	64.571495
2719	858	60.857643
2719	1240	60.515503
2719	1270	60.328865
2719	3363	59.963
2719	1200	57.851322
2719	1079	57.243652
2719	3362	57.221283
2719	1197	57.174473
2720	1580	26.089163
2720	589	25.188606
2720	2916	25.07808
2720	1196	24.491732
2720	2571	24.22241
2720	260	23.65732
2720	1210	23.132998
2720	1240	22.947342
2720	1374	22.892277
2720	780	22.67015
2721	1196	25.350418
2721	1307	24.787846
2721	1	24.548939
2721	2858	24.07107
2721	1580	23.715828
2721	260	23.708487
2721	1198	23.51526
2721	608	23.020227
2721	2797	22.8868
2721	356	22.778801
2722	1580	10.608309
2722	1196	10.331971
2722	1270	10.32666
2722	1	10.252441
2722	260	10.063214
2722	1197	9.968192
2722	1210	9.925232
2722	2571	9.836311
2722	1097	9.813165
2722	1198	9.670991
2723	296	62.58344
2723	1394	60.585197
2723	1197	58.986645
2723	2997	58.98083
2723	1079	58.542915
2723	1196	58.278526
2723	39	57.830536
2723	1617	57.79345
2723	34	57.419365
2723	1923	57.27563
2724	2858	116.36479
2724	318	112.2513
2724	1784	111.82445
2724	296	111.06968
2724	2997	110.59127
2724	2291	109.651436
2724	527	105.93624
2724	3255	105.04335
2724	2324	104.29136
2724	1885	103.458725
2725	2028	21.85942
2725	608	21.83486
2725	1196	21.376987
2725	1265	21.364035
2725	296	21.173012
2725	1580	21.074564
2725	2571	21.017063
2725	593	20.887953
2725	480	20.853695
2725	1197	20.606245
2726	318	73.492
2726	1270	72.41066
2726	593	71.302246
2726	296	70.84475
2726	1617	70.42366
2726	1259	69.88979
2726	1136	69.55096
2726	1197	68.76901
2726	1394	67.87196
2726	1225	67.24631
2727	1200	71.83033
2727	1214	68.83492
2727	1291	68.00459
2727	1036	66.29284
2727	2985	65.78645
2727	1376	65.06593
2727	1356	64.986664
2727	592	64.29028
2727	457	63.591408
2727	1127	62.85455
2728	1580	40.34278
2728	356	38.5974
2728	377	36.984585
2728	1265	36.84424
2728	2571	35.62305
2728	1	35.432716
2728	780	35.24385
2728	2916	34.9659
2728	457	34.74911
2728	1210	34.51801
2729	1198	24.583931
2729	608	24.027342
2729	1240	23.226873
2729	1214	23.219086
2729	2571	23.019724
2729	1210	22.494108
2729	457	22.429655
2729	589	22.352219
2729	318	22.34563
2729	527	22.219511
2730	1210	113.738205
2730	1200	110.36771
2730	296	108.91485
2730	1259	108.29293
2730	1097	107.69874
2730	1617	106.76149
2730	2028	106.152016
2730	110	104.88906
2730	2916	104.571976
2730	858	104.093765
2731	858	206.0742
2731	1079	193.94379
2731	1197	192.73433
2731	1136	191.81184
2731	1617	191.7619
2731	1394	190.63144
2731	593	188.82593
2731	1213	188.55911
2731	2797	187.44148
2731	1214	186.79677
2732	1196	46.017563
2732	480	45.028194
2732	260	44.931828
2732	589	44.8616
2732	1580	44.722313
2732	1240	44.1558
2732	780	41.839954
2732	1200	40.888935
2732	1270	40.781635
2732	1291	40.78115
2733	608	75.54955
2733	111	68.22991
2733	1225	68.16862
2733	296	65.31387
2733	1617	64.62251
2733	923	64.28168
2733	1228	62.63588
2733	1230	62.53427
2733	1252	61.952957
2733	912	61.53269
2734	357	73.57952
2734	1393	72.9566
2734	318	70.18518
2734	356	69.74172
2734	2291	67.556114
2734	440	66.9007
2734	1704	66.73348
2734	608	66.44762
2734	527	66.30903
2734	1	65.836655
2735	2858	13.463724
2735	2716	13.169024
2735	2694	12.839765
2735	223	12.773072
2735	1127	12.173469
2735	2762	12.132495
2735	2770	12.097419
2735	2997	11.950453
2735	2688	11.930384
2735	2028	11.750607
2736	1196	60.966045
2736	260	58.310078
2736	1197	54.928482
2736	2571	54.339878
2736	296	53.966877
2736	1213	53.39404
2736	1259	53.378246
2736	2858	53.31467
2736	541	53.246166
2736	1214	53.227272
2737	1682	154.03658
2737	39	145.34181
2737	1885	142.33745
2737	1617	141.1688
2737	50	140.00348
2737	1500	138.69374
2737	2324	138.58438
2737	2599	138.03976
2737	357	137.93051
2737	1095	137.3461
2738	608	80.45442
2738	318	77.17735
2738	25	67.71337
2738	337	66.54582
2738	2858	66.21513
2738	1682	65.14229
2738	1393	63.84878
2738	778	63.337223
2738	50	63.101917
2738	1635	63.04611
2739	2716	19.989906
2739	2706	18.607964
2739	2710	17.956944
2739	1196	17.419363
2739	2762	17.3824
2739	2997	17.062702
2739	223	16.995392
2739	2770	16.633417
2739	1240	16.479992
2739	2987	16.407402
2740	1580	117.42163
2740	589	113.94014
2740	480	112.46924
2740	316	110.40732
2740	1127	108.23524
2740	1676	106.81651
2740	2968	105.747444
2740	1097	103.82053
2740	2021	102.690346
2740	1391	101.04003
2741	457	30.930826
2741	2028	29.372458
2741	296	28.89665
2741	1196	28.16763
2741	2916	28.044884
2741	480	27.826248
2741	110	27.671497
2741	2762	27.651497
2741	1580	27.338549
2741	318	27.214993
2742	260	67.99925
2742	1580	66.40022
2742	1214	64.10678
2742	2571	63.73907
2742	1198	63.53675
2742	2174	62.712597
2742	2716	62.307995
2742	589	62.098415
2742	2916	61.74674
2742	1220	61.492374
2743	377	241.51765
2743	593	228.06866
2743	380	227.09221
2743	3255	221.62108
2743	21	214.23698
2743	1370	210.49538
2743	1	209.71288
2743	3256	209.33543
2743	349	206.46707
2743	1608	203.25087
2744	2087	21.405752
2744	1022	21.337294
2744	1907	20.136295
2744	1025	19.954271
2744	2161	19.513254
2744	1566	18.788996
2744	2987	18.43734
2744	2141	17.872562
2744	2005	17.582453
2744	2048	17.474688
2745	1196	130.99364
2745	1265	129.63695
2745	1270	128.9706
2745	1197	127.87415
2745	2571	122.99671
2745	2916	120.48684
2745	1198	119.9718
2745	457	119.169014
2745	2797	117.73839
2745	1	117.49171
2746	2918	37.861847
2746	1079	37.845314
2746	1265	36.414772
2746	2791	36.274555
2746	2797	36.22929
2746	1394	36.15663
2746	1136	35.77528
2746	2174	35.7291
2746	3421	35.33414
2746	1197	35.09488
2747	1394	108.87416
2747	2396	105.75754
2747	2321	102.94163
2747	608	102.62013
2747	296	101.188484
2747	1259	100.44174
2747	34	100.239395
2747	3253	98.824
2747	235	98.43506
2747	1196	97.99879
2748	1270	159.08105
2748	2985	154.48184
2748	2000	145.80911
2748	2028	145.56583
2748	1387	144.66354
2748	608	144.64433
2748	1376	144.51056
2748	1265	142.66855
2748	1220	142.63475
2748	1259	139.96626
2749	589	69.97509
2749	2916	68.61291
2749	1210	64.99695
2749	1198	62.95526
2749	1374	62.772808
2749	457	60.480873
2749	1036	59.643913
2749	1270	59.499836
2749	2985	59.09558
2749	1527	58.68258
2750	1079	148.89047
2750	2918	148.86139
2750	2791	139.32146
2750	3361	135.4445
2750	1259	130.54031
2750	3210	129.3823
2750	3039	129.11491
2750	3421	128.07852
2750	357	127.88187
2750	1080	126.69674
2751	1307	88.61049
2751	2918	82.11479
2751	2406	81.32663
2751	1259	80.62159
2751	1079	79.96881
2751	1394	76.80838
2751	3039	74.68784
2751	2000	74.39896
2751	2352	74.03622
2751	2243	72.825836
2752	3039	173.21622
2752	1288	172.87764
2752	1036	171.35123
2752	858	169.40161
2752	1240	168.33221
2752	1968	167.7155
2752	1090	166.04591
2752	1197	165.52081
2752	3424	163.5023
2752	2243	162.8672
2753	2797	196.72641
2753	527	195.69228
2753	1252	194.99171
2753	1207	194.5447
2753	1674	193.04958
2753	1617	191.73941
2753	920	191.09024
2753	1244	190.85313
2753	1208	189.43268
2753	318	189.08817
2754	1197	71.75968
2754	1394	70.93156
2754	1259	70.13746
2754	1136	69.57502
2754	1196	68.57194
2754	3361	68.55272
2754	2396	67.71503
2754	1294	67.16631
2754	1220	66.970276
2754	1198	66.65359
2755	1196	13.067579
2755	1270	11.758769
2755	1198	11.719518
2755	296	11.638544
2755	1210	11.46158
2755	1197	11.3225975
2755	1265	11.187656
2755	2571	11.179293
2755	527	11.137723
2755	1240	11.070238
2756	380	179.79614
2756	2105	175.26555
2756	2115	172.73105
2756	3256	170.58035
2756	2406	170.04892
2756	1220	166.68881
2756	1129	166.00789
2756	1097	163.40593
2756	32	163.03964
2756	2194	162.73174
2757	858	81.354996
2757	1136	77.52938
2757	296	76.405365
2757	1394	76.3395
2757	1079	74.91808
2757	1265	74.503525
2757	1270	74.502144
2757	1214	74.40318
2757	1221	74.182816
2757	1259	74.143654
2758	1196	30.593348
2758	1	29.324415
2758	260	28.596601
2758	1580	28.547691
2758	1198	28.453516
2758	2571	28.389091
2758	608	27.724176
2758	1259	27.63944
2758	2716	27.594242
2758	2028	27.297857
2759	1196	13.233878
2759	2916	12.8649845
2759	2571	12.713777
2759	480	12.702393
2759	1240	12.672338
2759	1580	12.597259
2759	1210	12.154693
2759	1200	12.136108
2759	260	12.062828
2759	457	12.0579405
2760	296	44.61178
2760	1213	43.31523
2760	858	42.580753
2760	1252	42.290974
2760	593	42.275715
2760	527	41.626408
2760	1136	40.847553
2760	111	40.71931
2760	1196	40.605583
2760	1247	40.51392
2761	1200	267.057
2761	1374	260.9162
2761	2115	248.42357
2761	1573	247.13249
2761	1356	242.3461
2761	316	241.08331
2761	1220	239.83583
2761	1676	237.39105
2761	1129	236.2528
2761	1270	226.27766
2762	1036	46.56508
2762	1214	45.60767
2762	1291	43.762962
2762	589	43.10053
2762	1210	42.74194
2762	1222	42.265633
2762	2000	42.255905
2762	2571	42.20236
2762	2028	42.152477
2762	2916	40.83378
2763	2355	16.166603
2763	2716	15.058604
2763	2997	15.03233
2763	223	14.774501
2763	2571	14.617442
2763	2694	14.561114
2763	2699	14.503837
2763	2959	14.503678
2763	2770	14.492622
2763	2028	14.373683
2764	1247	210.20647
2764	1198	197.30722
2764	1136	196.41441
2764	904	196.04176
2764	924	194.35242
2764	1294	191.31876
2764	903	187.28519
2764	1197	185.47961
2764	1084	184.22823
2764	1207	183.41135
2765	1291	143.59404
2765	1259	143.04434
2765	2791	142.51288
2765	1200	141.12154
2765	2916	139.62105
2765	1136	138.25024
2765	1097	136.3011
2765	296	135.49904
2765	1307	135.27843
2765	593	134.64853
2766	1079	72.74349
2766	2174	71.709335
2766	1259	71.45098
2766	858	71.10417
2766	1210	70.818954
2766	1307	70.498695
2766	2918	70.17004
2766	2804	69.23843
2766	2000	68.87812
2766	2791	68.867836
2767	608	19.00991
2767	296	18.757633
2767	1213	18.172977
2767	2571	18.096815
2767	589	17.93769
2767	593	17.495872
2767	1196	17.259502
2767	457	17.125326
2767	2916	16.98985
2767	2028	16.751614
2768	608	67.521706
2768	2028	65.406204
2768	2571	64.791595
2768	2858	62.83612
2768	527	60.736134
2768	1089	59.26615
2768	1610	58.32363
2768	480	57.725048
2768	32	57.18129
2768	1580	57.074207
2769	1197	87.593414
2769	1198	86.88307
2769	1210	86.18953
2769	1580	85.587036
2769	1270	84.856606
2769	1	84.74848
2769	480	84.53057
2769	1265	84.226776
2769	1200	81.1833
2769	1097	80.127556
2770	1196	39.870113
2770	2571	38.703434
2770	260	37.71854
2770	2028	37.342896
2770	1198	36.525864
2770	593	36.328518
2770	1210	36.207172
2770	1270	36.047718
2770	1265	35.58307
2770	457	35.485268
2771	1240	153.68463
2771	1198	151.18614
2771	1036	151.16814
2771	1527	150.98303
2771	608	146.79457
2771	1197	146.23268
2771	1270	145.09958
2771	1291	144.87668
2771	2000	144.74414
2771	318	144.36668
2772	1196	104.79371
2772	1240	102.98626
2772	260	95.5282
2772	1197	93.949326
2772	2407	92.542694
2772	1580	92.27557
2772	2987	91.28587
2772	1214	90.9965
2772	2640	90.20391
2772	2916	90.15369
2773	296	58.42456
2773	593	56.231518
2773	1221	53.731415
2773	111	52.911915
2773	1247	52.33526
2773	1196	52.181366
2773	923	52.059074
2773	1208	50.724537
2773	260	50.562866
2773	2028	50.124695
2774	593	173.67699
2774	2028	172.46875
2774	1617	171.35217
2774	1580	168.62999
2774	457	165.82394
2774	1259	165.26465
2774	32	162.78214
2774	260	162.49503
2774	1	162.28711
2774	110	161.73663
2775	2395	16.359879
2775	1265	16.062687
2775	2997	15.6988535
2775	608	15.329971
2775	235	15.142251
2775	296	14.9741535
2775	2289	14.947977
2775	21	14.932132
2775	39	14.840668
2775	2599	14.733028
2776	1	185.74747
2776	1784	181.6854
2776	39	180.606
2776	2144	176.44566
2776	1220	172.08801
2776	231	167.06842
2776	543	164.35455
2776	2571	163.48181
2776	1198	163.32588
2776	1747	163.07758
2777	356	365.63742
2777	2916	342.2942
2777	589	337.421
2777	587	336.31372
2777	1	336.14554
2777	21	332.53748
2777	1393	325.87503
2777	11	320.25806
2777	588	317.33344
2777	1270	316.84634
2778	608	80.68166
2778	1265	76.4597
2778	296	74.61316
2778	1617	73.52452
2778	593	71.13164
2778	1307	71.04336
2778	858	70.53819
2778	3361	70.25003
2778	1197	70.036285
2778	235	69.46209
2779	1196	90.76012
2779	260	88.01885
2779	1259	87.7039
2779	541	87.56129
2779	1617	87.10271
2779	750	86.91199
2779	1270	86.15617
2779	1252	86.11863
2779	3363	85.58888
2779	1247	85.28949
2780	2683	30.200583
2780	2395	27.347845
2780	2700	26.466343
2780	2710	26.426483
2780	2762	26.334066
2780	785	26.092827
2780	2396	26.010532
2780	2699	25.886763
2780	296	25.502464
2780	2502	25.030243
2781	260	168.836
2781	2716	160.95537
2781	2987	158.11998
2781	1265	156.74957
2781	1259	155.92184
2781	1197	155.56514
2781	1200	152.33878
2781	1210	151.68846
2781	1225	151.33838
2781	1208	150.84038
2782	3253	45.095764
2782	2321	44.833336
2782	1517	42.74033
2782	1641	41.750324
2782	1777	41.741802
2782	357	41.707184
2782	440	41.344357
2782	2302	40.761677
2782	1580	40.107075
2782	367	39.509155
2783	1240	51.40587
2783	1374	50.565647
2783	2571	49.29447
2783	2985	46.793644
2783	1580	46.640667
2783	2916	46.50968
2783	1206	46.462776
2783	2529	44.45498
2783	2640	44.407917
2783	480	44.3661
2784	50	104.623146
2784	1265	99.83979
2784	2762	94.6931
2784	457	94.62335
2784	589	93.8413
2784	2268	92.61868
2784	1196	91.78112
2784	47	91.34908
2784	1682	90.341736
2784	2890	90.17739
2785	2797	74.927124
2785	1259	71.21989
2785	2174	70.93152
2785	1197	70.39063
2785	3210	67.263626
2785	3421	67.2506
2785	1968	66.609955
2785	1	65.56425
2785	356	65.12375
2785	1136	65.10939
2786	1214	206.03568
2786	377	197.46574
2786	2985	192.65956
2786	1374	190.13425
2786	593	189.35358
2786	296	185.11998
2786	1127	182.88889
2786	1259	181.73822
2786	1265	179.71686
2786	648	176.62712
2787	608	106.32762
2787	2571	99.07747
2787	589	95.20208
2787	1265	95.14261
2787	1270	94.45576
2787	858	93.90986
2787	2599	92.85904
2787	1240	92.57125
2787	110	92.05901
2787	1	90.34732
2788	608	91.40359
2788	912	89.00634
2788	750	87.86758
2788	1221	87.78183
2788	919	87.07635
2788	1225	85.47506
2788	924	84.54111
2788	1084	83.943794
2788	904	83.00414
2788	1294	82.43193
2789	1580	85.30737
2789	589	81.13644
2789	1374	80.192764
2789	1200	79.95496
2789	1356	77.7827
2789	1214	75.47045
2789	2628	74.43392
2789	32	74.11658
2789	541	74.10501
2789	2640	73.91033
2790	1198	86.47747
2790	527	85.896996
2790	296	85.407715
2790	1617	84.72521
2790	2997	80.53797
2790	1270	79.96288
2790	1097	79.06088
2790	111	78.93703
2790	1259	78.83451
2790	1240	78.61916
2791	111	26.191294
2791	1084	25.385029
2791	1247	25.371708
2791	1252	25.082426
2791	1230	24.840664
2791	1945	24.489954
2791	1952	24.472073
2791	1953	23.514784
2791	750	23.321556
2791	1228	23.154963
2792	2571	123.88226
2792	1196	122.47573
2792	1198	114.9481
2792	1210	113.609215
2792	260	113.609184
2792	1265	110.23585
2792	380	110.04819
2792	1197	109.87002
2792	1573	106.89347
2792	648	106.5636
2793	457	397.64447
2793	2716	388.27185
2793	2174	387.89352
2793	2571	387.53134
2793	2918	385.40298
2793	1	379.54532
2793	1200	379.4725
2793	34	374.35483
2793	1674	374.33145
2793	590	374.08493
2794	1617	79.9405
2794	318	78.19315
2794	1198	74.51024
2794	260	73.686554
2794	2997	73.42094
2794	1221	72.23663
2794	912	72.17952
2794	919	71.26043
2794	1193	69.2665
2794	923	68.92187
2795	1200	78.725006
2795	1374	77.799324
2795	1214	77.434845
2795	2571	74.464066
2795	1580	73.90912
2795	1376	72.26476
2795	480	71.748375
2795	2105	69.75
2795	32	68.80722
2795	1356	68.65721
2796	1240	166.56346
2796	2916	165.02043
2796	32	148.40048
2796	2797	148.31943
2796	2174	148.07303
2796	2406	147.03151
2796	541	145.42888
2796	110	144.21356
2796	2028	144.03706
2796	1610	143.03679
2797	1196	28.084742
2797	260	26.543924
2797	593	26.38477
2797	1617	26.163403
2797	110	26.125156
2797	1270	26.078348
2797	1198	25.702644
2797	858	25.624662
2797	1197	25.571373
2797	1240	25.261314
2798	608	62.605816
2798	1252	60.187977
2798	1221	59.73971
2798	923	58.92869
2798	1219	57.773052
2798	260	57.018894
2798	924	55.59872
2798	1196	55.460052
2798	1198	55.309486
2798	1230	54.949615
2799	1	19.01211
2799	1265	18.053892
2799	1197	17.215084
2799	1196	17.18068
2799	2858	17.149967
2799	608	16.954361
2799	1270	16.734846
2799	1394	16.557566
2799	2396	16.225681
2799	1198	16.21946
2800	356	47.778194
2800	457	46.864197
2800	1704	45.97265
2800	377	45.36492
2800	1393	44.759804
2800	110	43.77246
2800	296	43.372547
2800	1610	42.966984
2800	2396	42.076416
2800	1682	42.054382
2801	2762	50.020912
2801	2599	49.129616
2801	2716	45.910675
2801	2396	45.37199
2801	527	44.844936
2801	2712	44.268856
2801	110	43.77226
2801	50	43.75819
2801	3176	43.16344
2801	2580	42.987118
2802	2599	46.19064
2802	1196	44.24585
2802	1617	44.027763
2802	1265	43.981842
2802	593	43.766815
2802	296	42.130104
2802	50	41.960384
2802	1197	41.403736
2802	1198	40.720207
2802	1	40.64752
2803	1270	78.21331
2803	1259	75.95799
2803	593	75.615
2803	2918	75.17577
2803	1	75.16033
2803	1213	74.87906
2803	1307	74.772095
2803	1198	74.49117
2803	2797	73.796036
2803	318	73.70466
2804	2571	144.90991
2804	589	142.2105
2804	1610	141.79636
2804	380	140.47717
2804	1527	138.08145
2804	457	137.94975
2804	1573	137.5139
2804	1676	134.31883
2804	165	134.24828
2804	1210	133.48483
2805	608	62.510273
2805	919	62.495327
2805	908	61.089634
2805	111	60.89653
2805	1225	58.403572
2805	903	58.191036
2805	1208	58.162567
2805	1193	57.791153
2805	750	57.757652
2805	924	57.68524
2806	589	48.310207
2806	1270	48.161205
2806	2028	47.402943
2806	1240	47.101273
2806	1580	45.91787
2806	1200	45.340782
2806	457	45.19772
2806	2858	45.173943
2806	296	45.103928
2806	318	44.894573
2807	608	162.86461
2807	1394	150.64816
2807	1294	150.4652
2807	1225	149.18109
2807	1136	147.91547
2807	3363	147.48523
2807	858	146.19223
2807	2858	146.08757
2807	1617	145.30203
2807	1307	144.53815
2808	1270	95.93489
2808	2916	95.24943
2808	1200	94.97321
2808	1210	94.47645
2808	1198	89.75204
2808	608	89.597496
2808	2028	86.47779
2808	1197	86.11552
2808	593	84.885574
2808	1527	83.662415
2809	1196	101.93146
2809	1079	98.173744
2809	2797	97.74502
2809	2000	97.29085
2809	1394	97.06058
2809	2174	96.23277
2809	2716	95.70188
2809	2791	93.89904
2809	608	92.334465
2809	1580	90.938225
2810	588	173.51482
2810	2571	165.64552
2810	380	164.78717
2810	377	164.25696
2810	648	159.24709
2810	1210	158.89006
2810	1265	157.77231
2810	589	156.7404
2810	1270	155.36629
2810	1197	155.23912
2811	111	33.39559
2811	923	33.18103
2811	1267	32.074085
2811	1247	31.239962
2811	908	31.116533
2811	750	30.905842
2811	608	30.026728
2811	1945	29.568548
2811	1221	29.347668
2811	1228	29.06938
2812	1196	106.51133
2812	2571	105.10797
2812	1198	104.48898
2812	1610	104.13728
2812	1291	102.794975
2812	1200	98.96599
2812	110	97.198235
2812	780	92.71012
2812	2194	91.61193
2812	1220	90.45157
2813	1240	10.994453
2813	1200	10.987604
2813	260	10.93335
2813	608	10.877299
2813	924	10.841943
2813	750	10.840867
2813	1206	10.74711
2813	1214	10.648637
2813	2571	10.513588
2813	296	10.401318
2814	457	132.11772
2814	377	128.23912
2814	2916	127.240944
2814	780	122.481316
2814	1036	122.37484
2814	1291	119.123055
2814	1573	113.53518
2814	1265	113.177826
2814	349	112.73307
2814	592	112.63746
2815	2571	40.579506
2815	2028	40.002747
2815	589	39.86906
2815	1196	39.082207
2815	480	38.92687
2815	1580	38.736427
2815	318	38.431564
2815	110	38.263474
2815	527	37.466328
2815	1617	37.39289
2816	589	17.48819
2816	1196	17.465734
2816	2571	17.26687
2816	1198	17.16268
2816	1240	17.159008
2816	1580	17.07849
2816	2916	16.968384
2816	457	16.709373
2816	1210	16.508997
2816	1291	16.33324
2817	296	72.8743
2817	2028	72.506905
2817	457	71.882256
2817	2858	71.56776
2817	1196	71.1724
2817	1580	70.49772
2817	589	70.40329
2817	2762	67.89296
2817	527	67.87286
2817	1198	66.79303
2818	1270	185.07454
2818	1580	180.56584
2818	2571	180.15178
2818	589	175.30577
2818	1259	174.95372
2818	593	174.48691
2818	2858	173.87361
2818	1210	172.61559
2818	2918	171.66829
2818	2716	168.7238
2819	2028	8.551808
2819	2858	8.540979
2819	110	8.15136
2819	1265	8.077389
2819	318	7.8227606
2819	593	7.7139835
2819	527	7.675397
2819	1196	7.6551466
2819	296	7.5968533
2819	1617	7.5850096
2820	1079	237.19176
2820	1270	235.5364
2820	1200	226.81386
2820	1265	226.4731
2820	1225	225.28609
2820	908	225.13445
2820	1222	224.40436
2820	2174	222.23851
2820	1097	221.63632
2820	3362	221.43846
2821	2858	21.421312
2821	296	20.479744
2821	1213	19.743856
2821	50	19.707956
2821	318	19.649492
2821	2396	19.262585
2821	1265	19.179163
2821	527	18.76101
2821	1196	18.75667
2821	593	18.740711
2822	1307	19.420176
2822	1265	19.19412
2822	2396	19.01849
2822	919	18.65051
2822	2797	18.627474
2822	2174	18.621803
2822	1136	18.549316
2822	1	18.430906
2822	1079	18.380535
2822	608	18.369495
2823	608	31.155159
2823	296	30.872406
2823	593	29.43933
2823	318	29.36688
2823	1617	28.689873
2823	2028	28.542282
2823	1265	27.09916
2823	2571	26.977856
2823	2997	26.742807
2823	2762	26.698719
2824	589	172.45047
2824	1198	151.9069
2824	1213	151.2788
2824	1197	150.40495
2824	356	149.8255
2824	1573	149.68925
2824	2396	149.43648
2824	3418	148.39305
2824	1500	147.30855
2824	6	143.89342
2825	1673	106.98233
2825	36	106.92677
2825	1213	104.87204
2825	318	104.00744
2825	300	103.93357
2825	778	103.68402
2825	1358	103.33247
2825	1834	102.07536
2825	1095	101.03591
2825	527	100.578
2826	910	133.4508
2826	1294	132.57233
2826	3363	126.1448
2826	1945	123.785866
2826	924	123.585625
2826	1276	121.2998
2826	1304	119.59005
2826	3362	118.65884
2826	1207	117.891624
2826	969	115.68239
2827	2706	16.425531
2827	2716	16.136457
2827	2858	15.500732
2827	2699	15.2533455
2827	2355	14.97223
2827	2997	14.754084
2827	2710	14.17414
2827	2959	13.9825535
2827	785	13.956269
2827	1196	13.626688
2828	608	34.630253
2828	223	34.53522
2828	2396	31.80538
2828	2716	31.664282
2828	593	31.3374
2828	1213	31.333912
2828	50	31.197674
2828	2762	31.184008
2828	318	31.115253
2828	1265	30.926594
2829	1248	8.506463
2829	1252	8.130261
2829	922	7.940062
2829	1237	7.8589296
2829	2186	7.776062
2829	1221	7.696104
2829	923	7.63323
2829	3307	7.5464377
2829	1945	7.5336485
2829	1219	7.4713993
2830	1196	48.809116
2830	593	47.565426
2830	2858	47.15464
2830	2716	46.733574
2830	1198	46.589725
2830	2762	46.396793
2830	1214	46.087082
2830	296	45.384296
2830	2571	44.06421
2830	589	43.744015
2831	1196	32.354763
2831	2858	31.486393
2831	2028	31.02967
2831	1617	30.678646
2831	527	30.621826
2831	1198	30.57945
2831	260	30.550087
2831	296	30.002647
2831	1580	29.53643
2831	2571	29.532583
2832	1213	103.2596
2832	2396	102.11144
2832	318	100.51396
2832	1500	99.06314
2832	1	98.76743
2832	527	95.9678
2832	1094	95.561066
2832	21	95.07301
2832	1259	95.04319
2832	1197	94.90049
2833	2858	33.89448
2833	2599	31.494339
2833	2959	29.741253
2833	2683	29.10299
2833	2396	28.769413
2833	2762	28.454157
2833	2987	28.365074
2833	2706	28.272663
2833	2395	28.105852
2833	2700	27.076756
2834	1247	13.392736
2834	1084	12.954712
2834	923	12.797509
2834	1952	12.786221
2834	908	12.574032
2834	1103	12.093182
2834	912	11.985951
2834	1207	11.780235
2834	1252	11.505662
2834	858	11.397831
2835	2858	23.051243
2835	296	22.843287
2835	1617	22.759903
2835	1213	22.740149
2835	593	22.079384
2835	318	21.831778
2835	1259	21.599482
2835	50	21.573761
2835	1196	21.57217
2835	527	21.129667
2836	2762	14.688722
2836	2716	14.652975
2836	110	14.558757
2836	593	14.355085
2836	296	14.353589
2836	2396	14.309606
2836	318	14.261328
2836	589	14.066738
2836	1580	14.063996
2836	1196	13.910658
2837	2571	148.7542
2837	1270	146.48586
2837	260	146.07408
2837	2987	139.98347
2837	593	138.006
2837	2916	137.44371
2837	457	137.43358
2837	318	137.10751
2837	2997	136.33199
2837	1097	135.7161
2838	1617	34.580925
2838	593	34.247215
2838	527	34.128
2838	1196	33.57127
2838	50	33.145916
2838	1221	32.64868
2838	111	32.188988
2838	1198	31.462029
2838	260	31.403059
2838	2028	30.995947
2839	2858	22.093548
2839	2599	20.493038
2839	2987	20.204496
2839	2396	20.048815
2839	2762	19.489843
2839	2355	19.317753
2839	2395	19.012028
2839	593	18.699871
2839	296	18.694218
2839	1196	18.49262
2840	2571	164.36545
2840	1580	159.62509
2840	1265	158.00543
2840	480	156.42436
2840	2858	152.6887
2840	2916	151.9751
2840	380	147.35126
2840	356	147.13518
2840	2762	147.13136
2840	733	146.38289
2841	1196	229.89546
2841	2997	227.7139
2841	1094	215.37448
2841	1089	211.98117
2841	34	208.16197
2841	235	206.34697
2841	1704	204.13959
2841	1240	203.94624
2841	1197	201.45451
2841	1259	199.94138
2842	1617	51.613094
2842	2858	51.09418
2842	2571	51.048565
2842	593	50.85898
2842	318	50.196747
2842	2916	49.96446
2842	457	49.771152
2842	1265	49.500156
2842	1196	48.07202
2842	1500	47.74777
2843	1196	23.035799
2843	2858	22.94108
2843	1270	21.788311
2843	260	21.75804
2843	1198	21.424898
2843	1259	21.342602
2843	1265	20.867
2843	296	20.785748
2843	593	20.76671
2843	527	20.755713
2844	2571	75.28758
2844	608	73.421196
2844	296	71.58234
2844	480	70.10884
2844	110	69.26984
2844	1036	69.21447
2844	1580	69.1784
2844	50	68.349304
2844	1240	68.189064
2844	1265	67.67482
2845	1580	48.48048
2845	1210	48.149097
2845	1198	47.8747
2845	480	46.51247
2845	1240	46.464565
2845	2916	46.199734
2845	2161	46.018707
2845	2571	45.69363
2845	1200	45.65576
2845	2105	45.308655
2846	608	65.4515
2846	1196	65.359924
2846	1	63.614708
2846	260	62.384018
2846	2716	62.32941
2846	2797	61.491222
2846	1198	61.393776
2846	593	61.120213
2846	1259	61.012615
2846	1394	60.922596
2847	1	195.80612
2847	318	178.3989
2847	32	178.04561
2847	1259	176.88535
2847	1127	176.17548
2847	1220	172.06865
2847	541	168.3959
2847	1573	167.85484
2847	733	167.20877
2847	1136	166.92165
2848	1580	139.82065
2848	589	134.02443
2848	780	127.16107
2848	1356	126.1994
2848	1527	124.86969
2848	592	123.65708
2848	1270	123.56691
2848	1676	118.7818
2848	541	117.97987
2848	2529	116.24995
2849	1079	117.71829
2849	1234	114.58837
2849	910	109.32574
2849	1197	107.32732
2849	1307	104.46373
2849	2918	104.30352
2849	2174	101.52857
2849	919	101.32382
2849	1252	101.26099
2849	1244	100.2583
2850	2571	30.158028
2850	480	29.847483
2850	1580	29.723108
2850	589	29.603048
2850	1198	29.322958
2850	1240	28.97546
2850	457	28.178648
2850	733	27.271135
2850	1610	27.103277
2850	1036	26.981955
2851	2706	21.227938
2851	2959	21.0671
2851	2683	20.56709
2851	2396	20.262674
2851	2395	20.14366
2851	2716	19.525017
2851	2762	19.394953
2851	2770	18.884146
2851	2710	18.829096
2851	318	18.612226
2852	1240	103.7505
2852	1200	102.84248
2852	2985	98.88632
2852	260	98.517624
2852	1196	97.63877
2852	1374	96.55711
2852	541	94.37456
2852	1127	92.71604
2852	1210	92.28013
2852	2640	90.59828
2853	2858	53.269478
2853	1641	53.1754
2853	1259	52.645348
2853	608	52.087784
2853	2321	51.58785
2853	1079	51.58732
2853	2997	51.27649
2853	296	50.743793
2853	1270	50.19687
2853	235	49.612904
2854	1136	179.30147
2854	527	178.46014
2854	1247	170.84116
2854	50	170.79305
2854	541	168.05103
2854	2997	167.4544
2854	912	167.20448
2854	1288	164.99695
2854	1230	164.72643
2854	1307	164.44339
2855	2858	13.489681
2855	608	12.233178
2855	2997	11.946433
2855	593	11.837236
2855	2716	11.614691
2855	318	11.4381275
2855	1213	11.317686
2855	2028	11.211007
2855	1196	11.179939
2855	50	11.155906
2856	318	34.946903
2856	593	34.691025
2856	2028	34.04566
2856	1265	33.444595
2856	2858	33.23182
2856	527	32.559082
2856	2571	32.25366
2856	1617	32.231674
2856	110	32.10808
2856	1	31.968857
2857	1036	315.33273
2857	2094	293.36545
2857	2054	276.50198
2857	2642	270.56754
2857	3107	263.29224
2857	2012	263.2444
2857	208	259.96957
2857	2003	258.60696
2857	2716	251.01888
2857	1408	250.05391
2858	339	45.330547
2858	587	44.37618
2858	11	43.48328
2858	357	43.076775
2858	1777	41.094055
2858	1265	40.68305
2858	440	40.670506
2858	708	40.432022
2858	377	40.042694
2858	2396	39.367046
2859	1196	102.38508
2859	318	99.424736
2859	593	99.10866
2859	2571	97.6899
2859	1197	97.54592
2859	1213	94.83774
2859	589	94.6014
2859	457	93.80142
2859	480	93.56508
2859	1210	93.46887
2860	1394	235.72981
2860	1270	225.33475
2860	1198	215.8139
2860	2797	214.58922
2860	2791	214.17801
2860	1247	213.08366
2860	1197	209.48099
2860	1097	209.25189
2860	1304	209.20508
2860	2858	207.04993
2861	2959	25.17819
2861	2716	24.919292
2861	2395	24.791203
2861	2770	24.605978
2861	2396	24.456482
2861	2762	23.776976
2861	2710	23.681461
2861	2712	23.300106
2861	2700	22.589437
2861	785	22.332108
2862	1291	64.80089
2862	1210	64.52522
2862	1270	62.42037
2862	2000	62.095592
2862	2028	60.64645
2862	1097	59.80112
2862	592	59.283367
2862	1954	58.993343
2862	480	58.549545
2862	2571	58.238323
2863	1635	58.772106
2863	2289	58.520645
2863	1704	57.187317
2863	1094	57.069725
2863	1885	56.12286
2863	1358	54.60749
2863	300	54.23149
2863	1213	54.013367
2863	800	53.670353
2863	562	53.037945
2864	2683	32.193634
2864	2997	31.102215
2864	2762	29.783285
2864	2959	29.0295
2864	1127	27.089144
2864	2028	26.568583
2864	2396	26.474821
2864	2688	26.323618
2864	2541	25.863167
2864	2580	25.639904
2865	2571	49.29024
2865	2028	49.026978
2865	2396	48.058933
2865	1210	47.19183
2865	2683	45.876766
2865	457	45.83374
2865	2699	45.50641
2865	260	44.97941
2865	2997	44.95744
2865	3175	44.40177
2866	1240	139.53476
2866	1036	139.23174
2866	1580	137.17812
2866	2406	133.14949
2866	1200	131.92422
2866	1610	130.18108
2866	1214	128.87079
2866	2716	127.78757
2866	1387	127.62376
2866	1097	127.107834
2867	2858	7.452786
2867	589	7.376909
2867	480	7.276208
2867	2028	7.2305174
2867	110	6.9576178
2867	1	6.9151397
2867	1617	6.8973246
2867	2571	6.590172
2867	3160	6.5607185
2867	593	6.4620056
2868	2571	128.20479
2868	32	117.11992
2868	1129	109.50654
2868	1320	105.49982
2868	2094	104.51288
2868	1198	101.43689
2868	2054	100.607895
2868	1291	99.91269
2868	1215	99.48574
2868	610	98.90441
2869	1214	16.367891
2869	1200	16.310293
2869	1240	15.767797
2869	480	15.713157
2869	1270	15.473924
2869	260	15.29624
2869	1580	15.084325
2869	1196	15.038685
2869	2571	14.974162
2869	2011	14.502165
2870	2028	75.49141
2870	1265	75.010925
2870	1358	73.31004
2870	457	72.39875
2870	2762	71.435036
2870	2291	70.63324
2870	1	69.684494
2870	1641	69.29793
2870	1089	68.41746
2870	1196	68.25701
2871	1196	20.764023
2871	2716	20.468708
2871	260	19.92484
2871	1219	19.851442
2871	1240	19.832281
2871	1198	19.766186
2871	1278	19.499475
2871	1200	19.421833
2871	1345	19.336887
2871	1036	18.820642
2872	1265	250.7986
2872	1198	231.4856
2872	1259	230.37575
2872	2289	226.76437
2872	1358	225.33952
2872	1270	224.5535
2872	2291	222.19688
2872	3418	220.67067
2872	1094	219.23772
2872	1580	216.36226
2873	1	128.84344
2873	1580	119.030075
2873	1270	118.382324
2873	260	113.59377
2873	2291	113.37034
2873	364	111.55291
2873	1097	111.2545
2873	1704	111.20235
2873	1784	111.1596
2873	2797	110.04035
2874	1294	63.75024
2874	1230	63.649666
2874	910	61.95134
2874	1079	61.748505
2874	1288	60.031647
2874	1278	59.644165
2874	1234	59.334633
2874	1252	58.21645
2874	912	58.012085
2874	608	57.850822
2875	1200	40.51868
2875	589	37.62407
2875	1374	36.72496
2875	2916	35.84493
2875	1198	35.818836
2875	1580	35.188725
2875	2985	34.863503
2875	480	34.53359
2875	924	33.99066
2875	2640	33.429924
2876	377	133.95503
2876	1240	123.66797
2876	1196	123.00552
2876	165	122.57616
2876	1036	120.34534
2876	1200	117.952515
2876	21	117.73994
2876	260	116.940186
2876	1291	116.78343
2876	1198	116.614204
2877	1240	32.230946
2877	260	31.736223
2877	1196	31.641361
2877	541	30.720943
2877	2916	30.134417
2877	1270	29.95506
2877	589	29.62556
2877	1210	28.637291
2877	1127	28.126076
2877	1580	28.01555
2878	1198	298.56998
2878	1307	274.06607
2878	1220	268.85187
2878	1036	267.64468
2878	589	264.1913
2878	2916	258.4707
2878	1394	258.1413
2878	1617	257.76498
2878	318	257.00552
2878	527	256.16336
2879	593	20.508083
2879	608	20.420132
2879	2028	20.229853
2879	296	20.144115
2879	527	20.079493
2879	1196	19.13807
2879	1265	19.053637
2879	2858	18.890837
2879	1213	18.72047
2879	1704	18.686682
2880	608	169.4497
2880	1198	160.17712
2880	1580	157.17796
2880	1617	156.95
2880	1394	156.4473
2880	593	154.65276
2880	2174	149.2432
2880	2028	149.1232
2880	318	148.58987
2880	50	147.72408
2881	2858	50.385303
2881	2571	49.824066
2881	1127	48.898907
2881	1580	48.889458
2881	2706	47.57616
2881	1196	46.697002
2881	2959	45.520252
2881	2710	44.49923
2881	1210	44.037884
2881	2599	43.391827
2882	1265	56.24532
2882	1	55.09191
2882	3255	53.03708
2882	2321	52.998955
2882	1580	51.57897
2882	3253	51.314014
2882	2762	51.1947
2882	380	50.35675
2882	2396	50.270138
2882	39	49.43742
2883	2599	58.36378
2883	2355	55.133686
2883	2700	54.086624
2883	2770	52.05534
2883	1196	51.671505
2883	3175	51.596157
2883	608	50.516518
2883	296	50.406326
2883	2571	49.31089
2883	1270	48.63531
2884	1704	13.650635
2884	2858	13.512425
2884	527	13.242655
2884	1393	12.624239
2884	17	12.5907135
2884	2336	12.546359
2884	1183	12.541968
2884	357	12.5388155
2884	318	12.478137
2884	1265	12.441043
2885	2918	138.26312
2885	1270	133.015
2885	2791	128.91014
2885	1641	128.06194
2885	1394	126.773254
2885	356	125.280396
2885	296	123.06213
2885	3255	121.322014
2885	608	120.85251
2885	357	119.96318
2886	1370	94.01448
2886	2353	88.10202
2886	480	85.48547
2886	1917	81.78865
2886	316	81.5159
2886	736	81.27846
2886	1876	77.346565
2886	110	76.58943
2886	1377	76.32073
2886	1036	75.68805
2887	457	340.79654
2887	2571	334.4857
2887	377	332.23566
2887	356	303.7362
2887	1220	298.81366
2887	590	295.22293
2887	3256	293.43253
2887	349	291.68393
2887	2797	290.97586
2887	2918	287.94693
2888	1580	252.5872
2888	457	231.18727
2888	2406	225.6254
2888	1097	208.61362
2888	21	203.1848
2888	1356	202.14105
2888	316	200.8822
2888	2011	197.82904
2888	1552	197.17087
2888	2791	194.64992
2889	318	117.766655
2889	1617	117.749855
2889	1198	117.27259
2889	858	116.115875
2889	296	110.895905
2889	919	110.24797
2889	2396	109.45329
2889	1259	108.42824
2889	1097	108.42395
2889	2858	107.36293
2890	589	111.77308
2890	1200	111.64919
2890	1291	106.098915
2890	2985	104.37171
2890	2000	101.08048
2890	2028	97.81941
2890	110	96.52196
2890	780	96.38481
2890	1270	95.63398
2890	1527	95.05875
2891	2997	38.46011
2891	2762	35.971016
2891	2699	34.3125
2891	2396	33.514
2891	2502	32.43408
2891	2605	32.33273
2891	2028	31.735846
2891	2700	31.656664
2891	2395	31.627129
2891	3175	31.574823
2892	1240	62.19916
2892	1200	59.80946
2892	1291	59.50808
2892	1197	58.75093
2892	480	58.189972
2892	2571	57.49069
2892	2916	56.579933
2892	858	56.29865
2892	1580	55.949917
2892	1374	55.838463
2893	1196	17.176935
2893	260	16.064365
2893	1198	15.813929
2893	1240	15.46069
2893	608	15.454762
2893	1097	15.262213
2893	1214	15.08753
2893	1210	15.06471
2893	1200	14.946773
2893	858	14.930584
2894	1610	97.43286
2894	2916	97.42716
2894	1196	96.390205
2894	260	92.596054
2894	1200	90.59997
2894	733	90.11276
2894	1374	89.975235
2894	780	88.29381
2894	2194	87.973274
2894	3256	86.95804
2895	1240	290.3817
2895	1197	286.86615
2895	2858	280.29788
2895	592	273.04785
2895	2396	260.32877
2895	32	253.21674
2895	1136	252.264
2895	3361	251.83018
2895	2804	251.12653
2895	39	245.90623
2896	1580	190.84557
2896	380	178.37393
2896	2916	176.05035
2896	733	174.51183
2896	1291	173.82806
2896	780	172.9501
2896	2628	168.87733
2896	1	168.7777
2896	1197	165.50117
2896	1370	164.1877
2897	2571	93.17458
2897	1200	89.85622
2897	1374	88.06101
2897	1214	87.21835
2897	1527	84.26293
2897	1270	84.15796
2897	2640	82.0045
2897	1376	80.96974
2897	1198	80.0441
2897	1097	79.58325
2898	296	72.41475
2898	608	71.58466
2898	589	69.798256
2898	50	68.28948
2898	1	67.95612
2898	1580	66.98102
2898	1617	66.66293
2898	32	66.25884
2898	110	65.99778
2898	480	65.77109
2899	1265	229.07846
2899	1	209.72057
2899	1197	205.76463
2899	1580	205.2376
2899	39	204.2559
2899	3255	203.3916
2899	2011	199.44795
2899	2915	198.827
2899	357	196.53433
2899	1784	195.72697
2900	1240	221.24873
2900	457	218.76352
2900	1200	208.72226
2900	1374	198.69548
2900	1214	197.23355
2900	2406	193.0035
2900	316	192.26732
2900	1356	191.4871
2900	21	191.00139
2900	1377	190.24342
2901	608	166.9361
2901	1617	159.98775
2901	1196	156.55939
2901	1213	151.45016
2901	296	149.74292
2901	1198	148.70511
2901	1294	147.79195
2901	260	147.60797
2901	541	147.51091
2901	111	147.19576
2902	1213	14.9357815
2902	593	14.028593
2902	318	13.938746
2902	2028	13.828234
2902	2858	13.770677
2902	1617	13.627777
2902	527	13.619449
2902	50	13.518445
2902	1196	13.481623
2902	1265	13.304775
2903	2916	111.77987
2903	780	108.51365
2903	457	106.477974
2903	1573	105.75992
2903	2028	105.17897
2903	377	104.40273
2903	1527	103.2492
2903	1610	103.109436
2903	733	102.80493
2903	1370	98.109505
2904	608	38.774464
2904	318	37.450787
2904	1617	34.59515
2904	50	33.91971
2904	2762	32.603554
2904	2396	32.600548
2904	2599	31.554836
2904	1265	31.201418
2904	110	30.865616
2904	1196	30.400166
2905	1198	103.9879
2905	1580	103.55928
2905	589	99.67627
2905	1097	97.76392
2905	1036	97.255196
2905	1214	97.12085
2905	480	96.95636
2905	1291	96.60032
2905	1265	96.39134
2905	541	94.85316
2906	1200	44.30882
2906	1214	43.649178
2906	589	40.880005
2906	2985	39.99058
2906	1580	39.585007
2906	1376	38.734543
2906	480	38.663227
2906	2640	38.601055
2906	1198	37.876007
2906	1206	37.443798
2907	480	308.7521
2907	780	303.76904
2907	1610	287.75403
2907	1377	287.6249
2907	316	277.7972
2907	736	274.70444
2907	1544	273.55576
2907	1391	273.38776
2907	1198	270.34335
2907	1197	268.1756
2908	1994	12.344442
2908	1982	11.696094
2908	1321	11.1595545
2908	2716	11.039435
2908	1387	11.032145
2908	1997	10.981035
2908	1345	10.979529
2908	2118	10.536678
2908	1214	10.503453
2908	1350	10.457213
2909	2916	554.9893
2909	1197	496.12326
2909	1573	484.95758
2909	3256	483.56845
2909	648	471.52115
2909	21	467.08304
2909	316	441.96542
2909	1396	441.16595
2909	1394	432.6092
2909	2699	427.0985
2910	1991	71.67724
2910	1994	69.62779
2910	1345	69.14191
2910	1342	68.51492
2910	2517	67.87089
2910	2003	67.44201
2910	1969	66.920715
2910	1975	66.38352
2910	1976	64.58733
2910	1258	64.25876
2911	2028	39.43594
2911	608	38.945736
2911	1265	38.764477
2911	1	37.740665
2911	1196	36.973938
2911	589	36.8033
2911	527	36.33755
2911	110	36.148502
2911	2997	36.134926
2911	1617	35.90557
2912	1517	17.141926
2912	2797	16.921417
2912	2011	16.645311
2912	2174	16.569221
2912	2918	16.247206
2912	1580	16.073874
2912	2716	15.917498
2912	1265	15.798173
2912	3253	15.747647
2912	1	15.566576
2913	608	187.36282
2913	296	173.1632
2913	1265	173.13579
2913	1213	168.25175
2913	2858	167.88661
2913	318	166.05402
2913	1079	165.34996
2913	593	164.8965
2913	858	163.47041
2913	527	162.00525
2914	1079	51.320248
2914	1197	50.424046
2914	1265	49.9812
2914	1270	49.879444
2914	2174	49.76241
2914	2791	49.43824
2914	1196	48.231125
2914	2797	48.163162
2914	1278	47.938602
2914	1080	47.592422
2915	1270	59.925907
2915	1240	57.90737
2915	1210	57.87641
2915	608	57.515305
2915	1097	55.357033
2915	2028	55.126827
2915	2716	54.7704
2915	858	54.672314
2915	1	54.657524
2915	1394	54.64905
2916	2289	90.21786
2916	2395	89.9659
2916	296	89.03811
2916	235	87.79537
2916	1265	86.0015
2916	1617	84.62482
2916	1094	83.28629
2916	2396	82.80248
2916	318	80.4725
2916	1394	80.381424
2917	2858	39.34613
2917	1196	36.928986
2917	296	36.397057
2917	1213	35.54682
2917	2997	35.294056
2917	593	35.22103
2917	1617	34.67521
2917	2716	34.593365
2917	318	34.53297
2917	858	34.369766
2918	1196	216.09027
2918	2396	214.58289
2918	1	209.69795
2918	1704	208.2028
2918	2291	204.43173
2918	1259	202.648
2918	1198	197.74374
2918	1270	197.15225
2918	858	196.61574
2918	260	196.48685
2919	1196	121.72168
2919	780	116.10131
2919	1240	115.67299
2919	457	115.419334
2919	260	114.8398
2919	1198	112.11434
2919	1610	111.22432
2919	1527	110.82981
2919	1200	110.751785
2919	1291	109.04514
2920	260	19.564262
2920	1198	19.16287
2920	2791	18.826546
2920	1210	18.710484
2920	2858	18.104609
2920	1240	17.97079
2920	593	17.947552
2920	541	17.834545
2920	1580	17.784328
2920	858	17.71174
2921	589	101.55867
2921	2985	101.234024
2921	1356	98.88654
2921	1375	93.788345
2921	924	92.698166
2921	1676	90.00514
2921	2641	87.015205
2921	1198	86.05184
2921	1573	85.00338
2921	1391	84.53418
2922	1196	72.23914
2922	2571	71.32552
2922	480	68.29295
2922	2916	66.05478
2922	457	64.40395
2922	1200	64.243774
2922	1036	64.23385
2922	1197	63.6909
2922	1	62.078075
2922	1270	61.947884
2923	1270	17.622608
2923	2791	17.233683
2923	260	17.119865
2923	1198	17.09202
2923	2716	16.642586
2923	2918	16.524103
2923	2174	16.2952
2923	1394	16.293772
2923	1210	16.137756
2923	3421	16.019354
2924	2706	29.221792
2924	2770	25.89289
2924	1127	25.573305
2924	223	24.997675
2924	2762	24.230541
2924	2881	23.696243
2924	785	23.687826
2924	2959	23.582136
2924	2571	23.57995
2924	2502	23.157164
2925	1270	7.87239
2925	3255	7.8199654
2925	1	7.803893
2925	380	7.7856255
2925	367	7.6768193
2925	2918	7.602511
2925	1500	7.497548
2925	1265	7.4668546
2925	2268	7.4180374
2925	1259	7.3669977
2926	1393	168.37372
2926	593	166.2143
2926	50	155.32585
2926	589	153.86118
2926	3418	153.30437
2926	380	153.18605
2926	1747	151.42078
2926	1213	151.30827
2926	590	149.59494
2926	32	149.14511
2927	1198	40.91162
2927	1265	40.755356
2927	1197	39.10934
2927	357	38.422142
2927	1393	37.859478
2927	1270	37.645653
2927	2406	37.492958
2927	527	37.252193
2927	457	36.68228
2927	318	36.472595
2928	1097	252.56754
2928	1617	246.59058
2928	296	243.47774
2928	593	238.77277
2928	1036	236.93913
2928	1259	236.33524
2928	2987	233.4433
2928	1213	231.01886
2928	1294	225.47627
2928	1079	224.66013
2929	1198	227.4634
2929	32	218.38773
2929	1374	211.97849
2929	2174	211.35867
2929	1036	209.81358
2929	1	205.80373
2929	2987	204.93507
2929	2000	203.88095
2929	457	203.67284
2929	2797	203.63345
2930	608	14.540103
2930	1213	14.380742
2930	858	14.277105
2930	318	12.7994995
2930	1193	12.566078
2930	593	12.5545225
2930	296	12.483714
2930	1196	12.373157
2930	2289	12.310837
2930	1225	12.288841
2931	1265	163.8239
2931	593	158.86891
2931	457	157.98048
2931	1617	153.8083
2931	110	153.06693
2931	2396	147.96591
2931	1196	146.73705
2931	2916	143.88608
2931	21	141.20436
2931	47	141.19139
2932	457	21.522972
2932	1580	21.228956
2932	2916	20.506136
2932	296	20.5029
2932	593	20.362364
2932	608	20.03771
2932	480	19.98354
2932	2028	19.90431
2932	377	19.74102
2932	110	19.716251
2933	1704	90.35207
2933	527	86.59294
2933	1500	81.98012
2933	1089	81.329666
2933	1358	80.96534
2933	1393	80.24008
2933	2571	80.08149
2933	356	79.41195
2933	3418	79.29001
2933	589	78.66088
2934	1	234.31871
2934	2916	232.9352
2934	1036	230.2373
2934	1393	226.62482
2934	2987	225.42198
2934	733	223.76115
2934	2396	223.46608
2934	1307	214.59653
2934	1259	212.99179
2934	2716	212.75655
2935	1214	97.856544
2935	2985	96.56139
2935	1376	94.46432
2935	1573	93.30329
2935	1198	92.77065
2935	2105	91.14828
2935	2640	91.098755
2935	1396	89.83742
2935	457	89.73125
2935	1291	89.40986
2936	923	31.382996
2936	919	30.685947
2936	904	30.600859
2936	1252	30.443462
2936	1136	29.779549
2936	1230	29.448069
2936	858	29.223627
2936	750	28.978989
2936	910	28.39943
2936	111	28.355608
2937	1704	71.29484
2937	2571	71.28485
2937	1196	70.837006
2937	1	68.81832
2937	480	67.42829
2937	50	67.34126
2937	1580	67.25436
2937	1198	67.217316
2937	1213	66.713394
2937	2916	65.843925
2938	1270	141.31746
2938	1240	139.4127
2938	589	139.36935
2938	592	134.505
2938	1	132.24055
2938	1200	131.94185
2938	780	131.29759
2938	1036	130.63803
2938	2000	129.5932
2938	1127	127.88021
2939	1196	109.07991
2939	1270	103.21476
2939	1198	101.50254
2939	1210	99.659874
2939	1265	99.47771
2939	858	97.54317
2939	2571	96.47679
2939	527	95.695564
2939	2396	94.98342
2939	1240	93.98318
2940	1196	23.095793
2940	2716	23.046392
2940	2571	22.667112
2940	2599	22.291374
2940	2028	22.144476
2940	2762	21.604061
2940	1127	21.594128
2940	589	21.373104
2940	1580	21.35206
2940	2959	21.298897
2941	1198	179.88306
2941	1	171.19237
2941	2174	167.63437
2941	2797	167.58441
2941	1376	167.32169
2941	1291	162.90259
2941	592	161.71541
2941	1136	160.96237
2941	2100	160.43718
2941	1073	160.25368
2942	1252	89.97659
2942	904	82.55656
2942	608	81.31383
2942	1219	80.49719
2942	1221	78.9087
2942	1945	78.24458
2942	913	77.88169
2942	903	77.33506
2942	1617	76.88513
2942	1250	76.32825
2943	260	90.29413
2943	1036	88.08696
2943	1291	84.75475
2943	2571	82.21685
2943	2916	81.9923
2943	1220	81.063126
2943	2194	80.70898
2943	541	80.33187
2943	1374	80.11823
2943	2985	79.42392
2944	2716	94.45462
2944	2599	92.43937
2944	39	89.19406
2944	296	88.66893
2944	608	88.62448
2944	1	87.93793
2944	318	87.16157
2944	1270	87.13476
2944	2987	87.00665
2944	2762	86.8596
2945	2858	43.47449
2945	527	41.7943
2945	2396	40.063255
2945	1704	38.734215
2945	1358	38.285267
2945	858	37.298065
2945	2028	36.669483
2945	1179	36.35569
2945	1196	35.86239
2945	2599	35.844383
2946	457	202.32135
2946	1036	187.7085
2946	2000	175.82927
2946	260	175.25398
2946	1198	174.73245
2946	1214	172.17064
2946	592	169.77045
2946	1291	169.08778
2946	2985	166.58176
2946	1527	166.19623
2947	296	92.582146
2947	1213	89.40787
2947	50	87.4221
2947	318	84.79675
2947	2396	84.258255
2947	1094	81.27641
2947	39	79.26351
2947	34	78.829834
2947	235	78.76665
2947	111	76.81836
2948	1265	22.315935
2948	480	22.311716
2948	589	21.742033
2948	1	21.658037
2948	2571	20.864933
2948	110	20.861832
2948	2858	20.478376
2948	1270	20.390663
2948	1196	20.28622
2948	2791	20.285625
2949	2706	26.438467
2949	2858	25.109032
2949	2710	23.04299
2949	2762	23.010056
2949	2396	22.814274
2949	2997	22.728224
2949	2605	22.512526
2949	2599	22.157333
2949	1210	22.012035
2949	2987	21.939405
2950	377	37.40476
2950	2396	37.121925
2950	357	35.75022
2950	380	35.137604
2950	1580	34.964382
2950	1393	34.767155
2950	457	34.48292
2950	39	33.59886
2950	2291	33.15993
2950	110	33.05056
2951	2858	54.68761
2951	318	51.113472
2951	527	49.258495
2951	1213	49.065605
2951	1617	48.77092
2951	2028	48.71367
2951	34	47.758293
2951	50	47.505043
2951	1270	47.25939
2951	1198	46.291527
2952	608	107.0322
2952	858	98.128006
2952	1213	97.08622
2952	260	92.13903
2952	2028	88.49947
2952	1136	87.05872
2952	919	86.663704
2952	1197	85.862045
2952	1208	85.80498
2952	1247	85.52405
2953	2683	42.424263
2953	2762	41.630455
2953	593	39.34748
2953	2396	39.05637
2953	2710	38.872856
2953	2028	37.45871
2953	2395	37.162014
2953	2987	37.043407
2953	296	36.639496
2953	318	36.114204
2954	2699	22.671448
2954	2770	22.651848
2954	223	21.40982
2954	2858	21.377983
2954	2605	20.95006
2954	785	20.59736
2954	2987	20.12936
2954	2959	20.090128
2954	2541	19.778383
2954	2688	19.609049
2955	1196	123.401886
2955	608	117.5601
2955	1198	109.224
2955	1210	109.19856
2955	32	107.43445
2955	1197	106.08913
2955	457	105.66404
2955	1213	105.52403
2955	1265	104.95991
2955	110	103.604385
2956	2571	29.765377
2956	2916	29.707706
2956	780	27.761385
2956	1196	27.186693
2956	1240	26.686758
2956	260	26.387793
2956	316	26.252329
2956	329	26.1409
2956	1374	25.81368
2956	1200	25.227865
2957	50	63.10692
2957	1240	62.227108
2957	2571	61.638874
2957	1265	61.474033
2957	1270	61.376305
2957	1197	60.879498
2957	1214	60.365353
2957	1259	59.87884
2957	1200	59.394833
2957	110	58.697388
2958	2997	27.88594
2958	223	25.68798
2958	2683	24.754225
2958	2762	24.661016
2958	2959	24.458693
2958	2396	23.490852
2958	2395	22.901264
2958	296	22.434114
2958	2699	22.298067
2958	2700	22.271986
2959	223	47.62283
2959	2571	45.72481
2959	2987	45.464752
2959	2997	45.247837
2959	2710	44.60177
2959	2959	44.501812
2959	2770	44.329166
2959	785	43.06421
2959	2605	42.695774
2959	2028	42.273636
2960	608	28.216427
2960	858	27.298248
2960	1213	25.876316
2960	1196	25.492634
2960	593	24.685577
2960	260	24.453094
2960	912	23.667124
2960	1198	23.454832
2960	1208	23.430342
2960	919	23.343414
2961	1196	20.533333
2961	260	19.490654
2961	1617	18.816908
2961	1259	18.745695
2961	1198	18.72322
2961	2858	18.605513
2961	858	18.364902
2961	1580	18.352192
2961	541	18.330631
2961	1214	18.322292
2962	2985	187.59335
2962	1197	184.62128
2962	608	180.98643
2962	1136	175.1501
2962	1387	172.75871
2962	919	171.89822
2962	1278	171.33734
2962	1259	170.68507
2962	1219	169.44167
2962	1304	168.12607
2963	1617	34.243507
2963	318	33.64113
2963	527	33.631016
2963	1213	32.933884
2963	2028	31.291143
2963	1196	31.087383
2963	2396	29.85278
2963	260	29.845901
2963	1198	29.664913
2963	1265	29.623095
2964	858	43.72893
2964	1247	42.781757
2964	608	42.436584
2964	750	42.428135
2964	903	41.899483
2964	1617	40.979202
2964	1221	39.854893
2964	1230	39.017574
2964	1225	39.016075
2964	1207	38.101685
2965	608	24.924685
2965	593	23.600744
2965	2028	23.407084
2965	1196	23.346832
2965	296	23.082932
2965	260	22.967587
2965	1213	22.756462
2965	1198	22.693737
2965	1617	22.486975
2965	1136	21.091908
2966	318	160.3163
2966	2028	159.46698
2966	457	158.8624
2966	2571	158.2299
2966	589	153.10284
2966	527	151.8446
2966	21	151.05374
2966	2916	150.93343
2966	110	150.66983
2966	1079	149.83437
2967	1294	208.6032
2967	1259	207.23012
2967	589	204.21518
2967	750	204.14578
2967	2000	199.58841
2967	457	197.3587
2967	1206	197.21278
2967	2289	195.27322
2967	1291	194.95923
2967	2797	194.41853
2968	1265	119.985374
2968	296	114.26145
2968	608	113.509865
2968	356	112.87132
2968	1580	112.21835
2968	2571	110.62996
2968	377	110.58741
2968	1198	110.098595
2968	1610	109.837006
2968	589	109.28119
2969	1196	117.509026
2969	1210	113.76327
2969	1240	112.611694
2969	780	108.66013
2969	1200	106.398285
2969	2028	104.32275
2969	457	103.43919
2969	1573	102.65311
2969	110	101.59037
2969	32	101.524185
2970	593	48.72833
2970	608	48.61043
2970	1196	46.997707
2970	480	45.49569
2970	50	45.3099
2970	527	44.879017
2970	1580	44.76918
2970	260	44.088642
2970	1198	43.777367
2970	1213	43.692265
2971	296	17.808573
2971	50	17.718937
2971	2064	17.381151
2971	2395	17.356033
2971	1089	17.143164
2971	1617	16.442842
2971	2289	16.277458
2971	235	16.203152
2971	246	16.194414
2971	2391	16.128494
2972	2916	127.474976
2972	377	125.690094
2972	21	124.23981
2972	296	121.08804
2972	733	120.91827
2972	608	119.72566
2972	356	119.4133
2972	1500	118.41325
2972	1036	118.17882
2972	1197	117.76927
2973	223	38.831093
2973	2762	34.443172
2973	2396	34.115868
2973	2395	33.7923
2973	2694	32.40059
2973	2502	32.172543
2973	2580	31.552414
2973	2700	31.360678
2973	296	30.802876
2973	3175	30.727394
2974	1196	88.66215
2974	2028	87.65313
2974	2571	85.31847
2974	1265	82.2517
2974	2987	81.32829
2974	1617	81.25251
2974	1210	80.82286
2974	50	80.35079
2974	480	79.90802
2974	2395	79.54994
2975	1247	76.98936
2975	923	74.998215
2975	908	73.37104
2975	111	73.21046
2975	1617	73.18857
2975	1221	72.65268
2975	1196	71.11001
2975	1219	71.0585
2975	1294	71.02591
2975	904	70.35519
2976	1240	57.421497
2976	1196	57.335953
2976	2716	56.063267
2976	1270	54.553204
2976	2000	54.350304
2976	2985	54.27671
2976	592	54.065742
2976	1198	53.634
2976	260	53.28185
2976	2174	53.216045
2977	608	12.326131
2977	296	12.005227
2977	1265	11.980407
2977	2396	11.760543
2977	593	11.733696
2977	527	11.352154
2977	1	11.16765
2977	1213	10.979206
2977	2599	10.963373
2977	1617	10.963103
2978	2858	97.00231
2978	593	96.904816
2978	2289	95.00501
2978	858	94.06485
2978	318	93.35666
2978	1265	92.75396
2978	1252	92.30771
2978	2396	90.773964
2978	1136	90.3068
2978	1079	89.45177
2979	1580	31.522285
2979	1196	30.479546
2979	1197	30.31842
2979	1265	30.012539
2979	1198	29.912552
2979	480	29.823847
2979	594	29.497253
2979	1270	29.376183
2979	2987	29.307795
2979	1097	29.275158
2980	1196	76.93826
2980	1213	75.18745
2980	2858	71.64726
2980	50	70.3491
2980	858	70.08089
2980	2396	68.59777
2980	260	68.481064
2980	1197	67.95076
2980	1094	67.71169
2980	1358	67.57143
2981	1196	24.504595
2981	1198	23.096762
2981	2028	21.99021
2981	608	21.780127
2981	1210	21.231674
2981	2571	21.180265
2981	1270	21.036512
2981	296	21.028812
2981	1240	20.964584
2981	2396	20.91102
2982	913	12.788177
2982	904	12.394459
2982	922	12.14154
2982	908	12.003495
2982	903	11.891325
2982	608	11.628837
2982	1219	11.552037
2982	750	11.534199
2982	923	11.39459
2982	912	11.321115
2983	457	51.94108
2983	2353	50.154915
2983	165	49.829063
2983	380	49.47993
2983	2571	49.285366
2983	349	49.24871
2983	589	49.04607
2983	1573	48.050667
2983	480	47.961777
2983	780	47.955097
2984	1580	12.627817
2984	1196	11.876353
2984	1259	11.541026
2984	260	11.499341
2984	608	11.4854555
2984	2858	11.482699
2984	110	11.367375
2984	1270	11.336266
2984	2291	11.126042
2984	1210	10.9295845
2985	1036	115.939926
2985	457	115.1052
2985	2028	112.83494
2985	1610	111.92072
2985	2000	111.76152
2985	2987	111.71369
2985	380	107.07484
2985	1573	105.53835
2985	1220	105.528984
2985	2797	104.97665
2986	39	288.86182
2986	1704	282.0963
2986	1641	278.56235
2986	457	263.38638
2986	1196	259.90225
2986	34	259.79355
2986	1	256.80798
2986	2571	251.37871
2986	377	249.03229
2986	1639	248.22491
2987	296	39.31151
2987	593	37.744736
2987	1196	36.716717
2987	1617	36.54559
2987	2997	36.529797
2987	1265	36.16269
2987	589	35.773785
2987	2028	35.627686
2987	1580	35.6183
2987	1213	35.107273
2988	2716	33.782333
2988	2770	31.277714
2988	2762	31.058432
2988	2396	30.149614
2988	1196	29.66645
2988	2571	29.567614
2988	2700	29.232264
2988	1580	29.019384
2988	2987	28.93145
2988	2395	28.918573
2989	1580	69.678856
2989	1198	69.47199
2989	1197	69.35706
2989	1270	69.11419
2989	1210	68.24733
2989	2987	68.08758
2989	1265	64.986244
2989	595	64.637726
2989	2081	64.07935
2989	480	63.927418
2990	1196	169.91672
2990	1225	166.93185
2990	296	166.45618
2990	527	166.23955
2990	1198	161.78923
2990	1208	159.98895
2990	912	159.62025
2990	260	159.24501
2990	1252	157.08089
2990	1079	156.30667
2991	912	41.03567
2991	608	40.636894
2991	923	38.933952
2991	1219	38.028767
2991	1193	37.244682
2991	527	37.15924
2991	924	37.10035
2991	541	37.012684
2991	1214	36.928036
2991	318	36.402992
2992	2858	5.96831
2992	3176	5.3517537
2992	2908	5.2212834
2992	2599	5.0982857
2992	2997	4.9596157
2992	2336	4.940007
2992	3298	4.6579995
2992	608	4.5518847
2992	1094	4.4472604
2992	1673	4.407524
2993	589	61.216717
2993	2916	60.081837
2993	1196	59.0052
2993	480	58.019054
2993	32	57.451775
2993	457	56.34434
2993	260	55.48831
2993	2028	55.478897
2993	1210	54.577858
2993	2858	54.548336
2994	1197	207.76466
2994	1265	205.8107
2994	2918	196.49133
2994	2174	195.7854
2994	2797	195.55606
2994	1200	195.37047
2994	377	192.03445
2994	2194	186.48598
2994	380	186.38321
2994	2985	184.30492
2995	457	219.91368
2995	1129	210.83276
2995	2529	207.75009
2995	2968	200.5788
2995	1387	198.8087
2995	165	195.44719
2995	1320	194.98642
2995	2194	193.73204
2995	1690	193.29639
2995	442	193.15707
2996	1391	231.90955
2996	329	231.08116
2996	1372	225.7403
2996	2640	224.40283
2996	2058	223.547
2996	21	217.98727
2996	2641	215.95538
2996	1220	215.76674
2996	2194	214.66681
2996	1831	212.06001
2997	296	103.90809
2997	527	103.15238
2997	1704	101.315895
2997	356	97.97959
2997	34	97.23528
2997	2028	96.22626
2997	1	95.918304
2997	2997	95.75023
2997	1197	94.4842
2997	1307	93.43015
2998	356	30.409397
2998	1	29.627798
2998	1580	29.103416
2998	1196	28.290325
2998	1265	27.826178
2998	480	27.6121
2998	34	27.245218
2998	3255	27.026453
2998	2797	26.878502
2998	1210	26.48651
2999	1022	79.73168
2999	2078	78.54529
2999	1025	71.50349
2999	1907	68.35683
2999	1030	65.98015
2999	2048	62.46897
2999	2987	61.713886
2999	2355	60.75194
2999	48	59.265984
2999	2174	57.786705
3000	480	81.884056
3000	1036	75.48323
3000	2985	74.97903
3000	608	74.45829
3000	1127	74.10792
3000	2028	73.86858
3000	457	73.75497
3000	1	73.53907
3000	2640	72.944336
3000	1617	72.62014
3001	480	224.04347
3001	1580	218.45045
3001	2000	213.21712
3001	1197	210.49042
3001	1265	209.56206
3001	318	208.50348
3001	592	208.4334
3001	1270	207.03264
3001	2858	202.21492
3001	2194	201.14813
3002	1136	106.45967
3002	858	104.80987
3002	1196	103.84641
3002	541	101.51907
3002	1197	98.53333
3002	924	97.57377
3002	1278	97.46559
3002	1288	97.07917
3002	912	96.22663
3002	1270	95.70202
3003	1210	73.84496
3003	2916	70.83169
3003	480	70.51911
3003	1198	70.09775
3003	2985	66.82394
3003	2640	64.25831
3003	1036	64.001114
3003	1376	63.388775
3003	2628	62.684834
3003	457	61.86717
3004	50	79.525444
3004	2858	79.1231
3004	318	78.71315
3004	1196	77.99132
3004	858	76.789444
3004	260	74.90598
3004	1265	74.53962
3004	2028	73.29806
3004	1198	73.139496
3004	1394	72.66927
3005	1198	77.36364
3005	2916	76.17384
3005	480	75.04813
3005	1580	74.99165
3005	2987	74.158676
3005	2028	71.99492
3005	1036	71.48416
3005	2985	71.33676
3005	2640	69.01704
3005	32	68.82621
3006	2571	37.880177
3006	589	36.716587
3006	1580	36.30252
3006	2028	36.14147
3006	1210	36.110737
3006	480	35.86586
3006	2762	35.747677
3006	223	35.694023
3006	1127	35.633682
3006	2355	34.506695
3007	380	114.00225
3007	457	109.16411
3007	1210	108.9301
3007	1196	108.714485
3007	1573	108.21258
3007	1270	107.52945
3007	1584	106.47073
3007	648	105.63526
3007	2028	105.412865
3007	1197	105.24309
3008	2916	37.95672
3008	589	37.10969
3008	1196	35.438793
3008	1240	34.252815
3008	780	33.79552
3008	1210	33.361008
3008	1374	32.914085
3008	1200	32.71849
3008	1372	32.670746
3008	1676	32.19578
3009	780	19.891294
3009	1580	19.832607
3009	377	19.751352
3009	380	19.587732
3009	2916	19.330772
3009	733	19.005363
3009	1291	18.90511
3009	1240	18.890495
3009	457	18.882627
3009	1610	18.843681
3010	480	77.56587
3010	2640	75.7844
3010	2105	72.66274
3010	780	71.183334
3010	1198	70.602974
3010	1372	70.55306
3010	2628	69.75624
3010	1375	68.78022
3010	316	68.63465
3010	2455	68.24596
3011	1196	80.243256
3011	2174	73.30988
3011	2918	72.81316
3011	1259	72.75793
3011	260	72.70138
3011	2000	72.44119
3011	1036	72.24254
3011	1079	72.2238
3011	1307	70.89464
3011	592	69.713005
3012	2916	167.26332
3012	589	164.00327
3012	780	156.03822
3012	1210	155.15042
3012	2628	147.34189
3012	1356	147.1478
3012	1573	143.10988
3012	1391	140.01845
3012	1376	138.77895
3012	1372	138.59453
3013	2797	207.35135
3013	1	204.11005
3013	2987	192.2359
3013	1220	192.14433
3013	1136	191.7447
3013	1240	190.28792
3013	2000	187.92061
3013	1291	187.90518
3013	2407	184.90236
3013	1259	183.71944
3014	608	94.871124
3014	1196	93.40612
3014	1580	92.97359
3014	457	91.8641
3014	1198	88.75624
3014	593	88.49081
3014	2000	86.95515
3014	1617	86.941635
3014	1210	86.67093
3014	1	86.64242
3015	2858	12.773111
3015	593	11.830573
3015	527	11.677122
3015	318	11.462442
3015	1617	11.434029
3015	2028	11.383097
3015	1247	11.303807
3015	296	11.247728
3015	608	11.038392
3015	110	10.961668
3016	1196	35.303684
3016	2571	35.273674
3016	2916	32.97823
3016	1580	32.135685
3016	480	31.88155
3016	1198	30.936678
3016	32	30.035454
3016	110	29.836088
3016	541	29.595135
3016	2858	29.495493
3017	1704	166.38673
3017	318	162.48492
3017	1923	153.96442
3017	3108	150.37622
3017	21	148.9599
3017	2395	148.5708
3017	2599	145.4641
3017	2268	144.66667
3017	150	142.84552
3017	1358	140.71883
3018	1580	304.63913
3018	2571	300.8997
3018	260	298.71823
3018	480	297.81522
3018	110	288.297
3018	1214	282.8662
3018	1097	276.6958
3018	858	270.86014
3018	2115	268.5439
3018	1242	267.82965
3019	1196	19.79376
3019	2858	19.397768
3019	1617	18.688643
3019	260	18.434519
3019	593	18.236856
3019	1270	18.053562
3019	1197	18.038702
3019	1198	17.881754
3019	1240	17.396984
3019	50	17.340572
3020	1617	104.24646
3020	1230	103.73822
3020	527	103.539154
3020	903	101.35152
3020	1208	101.35053
3020	750	99.3822
3020	924	96.70588
3020	1294	96.39929
3020	296	96.1924
3020	913	95.70593
3021	296	14.839178
3021	50	14.441891
3021	1196	14.196226
3021	318	14.05034
3021	1213	13.876232
3021	541	13.627766
3021	858	13.52337
3021	1198	13.503939
3021	2396	13.427439
3021	2762	13.391355
3022	2028	92.80541
3022	1291	91.749275
3022	2858	90.44587
3022	296	89.99901
3022	1580	89.68525
3022	480	89.062195
3022	2916	88.779465
3022	1617	88.3676
3022	1265	88.05472
3022	2716	87.967354
3023	2706	29.702705
3023	223	28.710331
3023	2997	28.416328
3023	1127	27.882183
3023	2762	27.874369
3023	2396	27.736128
3023	2770	27.464018
3023	2699	27.132612
3023	2710	26.155048
3023	2959	26.087084
3024	457	163.05956
3024	1610	160.26915
3024	780	140.48639
3024	474	137.45592
3024	1220	136.26953
3024	1527	136.11589
3024	648	135.56364
3024	2115	134.5564
3024	1127	133.51993
3024	2640	133.24858
3025	1028	92.07602
3025	1288	88.29883
3025	2918	86.49923
3025	912	86.15597
3025	3421	84.54953
3025	1247	81.94109
3025	34	81.80917
3025	1235	81.755424
3025	898	80.63239
3025	1276	80.505806
3026	34	127.581795
3026	608	125.937706
3026	1196	121.361565
3026	1394	120.79632
3026	2791	120.66398
3026	2406	118.88436
3026	260	118.781876
3026	1282	116.20816
3026	1210	116.01405
3026	1294	115.818016
3027	589	27.364206
3027	2028	26.447458
3027	608	26.33565
3027	260	25.69614
3027	457	25.634024
3027	2916	25.221813
3027	593	25.17389
3027	1198	25.13223
3027	1240	24.864937
3027	1617	24.7374
3028	2916	100.111435
3028	589	96.38309
3028	1200	93.49361
3028	2985	92.829124
3028	1214	88.344864
3028	1127	88.215805
3028	1573	85.756386
3028	32	85.55756
3028	541	84.81831
3028	1198	82.93752
3029	1	385.45087
3029	2571	375.9809
3029	457	372.9654
3029	1036	369.35773
3029	296	368.1992
3029	1610	355.08997
3029	377	354.36832
3029	590	346.26343
3029	1500	344.15808
3029	21	341.4106
3030	318	19.596025
3030	296	19.361517
3030	2028	19.300554
3030	593	19.257633
3030	527	18.64195
3030	1265	18.413416
3030	1617	18.192194
3030	2396	18.126965
3030	1213	18.000511
3030	1196	17.712538
3031	1500	268.03458
3031	1213	266.63245
3031	2918	257.17438
3031	457	244.82701
3031	1089	244.50356
3031	21	243.20612
3031	1580	242.40286
3031	2571	240.30547
3031	1196	238.55063
3031	1079	236.76079
3032	316	391.85938
3032	2571	391.42322
3032	648	382.0641
3032	1391	381.7422
3032	1197	379.71735
3032	10	378.1877
3032	2628	375.92004
3032	1573	375.6454
3032	1527	368.80286
3032	3033	368.47076
3033	457	106.76183
3033	1198	106.56244
3033	1240	105.586334
3033	110	104.51446
3033	380	100.92561
3033	1610	100.33045
3033	1200	99.806015
3033	1527	98.61067
3033	1573	98.47351
3033	733	96.61864
3034	608	20.59309
3034	1265	20.095558
3034	593	19.395596
3034	318	19.336975
3034	2858	19.219023
3034	527	19.199549
3034	1094	18.67479
3034	296	18.25779
3034	1213	18.208092
3034	357	18.141226
3035	1617	61.23714
3035	1265	60.203102
3035	2028	60.026115
3035	36	58.559566
3035	1393	57.94174
3035	2396	57.196632
3035	3418	57.09299
3035	150	56.752056
3035	1682	56.05494
3035	2762	55.737133
3036	858	93.46179
3036	1617	89.971535
3036	1196	86.97855
3036	908	85.960205
3036	1213	84.7721
3036	1221	84.61921
3036	1208	83.58353
3036	296	83.45969
3036	260	82.96122
3036	1250	81.660835
3037	1704	56.53789
3037	527	54.67658
3037	1213	53.655163
3037	1265	53.487648
3037	2028	53.05259
3037	2396	52.633873
3037	1617	52.604546
3037	50	51.454235
3037	1393	50.467594
3037	1358	49.82854
3038	1240	88.06941
3038	1214	86.31048
3038	1198	85.03366
3038	1200	84.05563
3038	1374	83.785545
3038	589	83.40557
3038	1197	83.28762
3038	2916	81.49177
3038	1291	78.69551
3038	2985	77.803734
3039	913	40.094624
3039	2186	39.16892
3039	905	38.249523
3039	1252	38.205772
3039	904	37.6243
3039	910	37.55449
3039	908	37.20867
3039	922	36.688076
3039	903	36.25182
3039	955	35.968166
3040	1580	18.095663
3040	1196	17.790445
3040	480	17.594933
3040	260	17.45821
3040	2916	17.349781
3040	1240	17.304796
3040	1210	16.670769
3040	1200	16.242435
3040	780	15.934147
3040	1374	15.7979765
3041	2599	45.67424
3041	223	43.980938
3041	318	43.81154
3041	2959	43.79888
3041	2355	43.362022
3041	608	43.317055
3041	593	43.246326
3041	2028	42.63795
3041	2987	41.25703
3041	2395	41.063175
3042	608	62.471863
3042	296	59.048267
3042	2028	57.203705
3042	1617	55.142582
3042	457	54.302807
3042	2291	54.248943
3042	1393	54.069767
3042	1213	54.06692
3042	150	53.645607
3042	2571	53.246174
3043	1722	2.064774
3043	10	2.03519
3043	1391	1.9215419
3043	780	1.9201984
3043	1676	1.8924873
3043	1552	1.8482995
3043	1370	1.8474979
3043	316	1.8265369
3043	2916	1.8066304
3043	2617	1.8023597
3044	1196	211.69577
3044	2028	191.40387
3044	1	189.39427
3044	1291	188.78818
3044	593	186.36525
3044	2797	186.1077
3044	1259	181.85786
3044	377	179.60025
3044	296	178.94199
3044	2406	176.22716
3045	1198	106.187904
3045	1129	105.680046
3045	2628	103.87128
3045	780	103.30913
3045	1372	101.13461
3045	1676	99.91983
3045	2657	98.90877
3045	2987	98.63572
3045	316	98.57372
3045	329	98.54056
3046	2770	38.84837
3046	2716	38.221554
3046	2712	36.173286
3046	2502	36.13508
3046	2762	35.253353
3046	2605	35.078518
3046	3081	33.836975
3046	1093	33.104485
3046	1513	33.024498
3046	2700	32.894764
3047	2028	56.610508
3047	2916	55.964886
3047	1387	54.886806
3047	480	54.453907
3047	1610	54.290287
3047	110	53.239243
3047	1222	52.5448
3047	1580	52.539707
3047	1374	51.612392
3047	2985	51.000774
3048	1580	65.94518
3048	1240	65.85891
3048	1198	61.990055
3048	1097	59.92824
3048	541	59.660038
3048	1265	59.105854
3048	1374	58.586304
3048	2028	57.288483
3048	1291	57.17186
3048	608	56.688892
3049	912	46.48264
3049	898	41.440765
3049	899	41.396667
3049	919	41.23263
3049	1094	40.34161
3049	904	39.540936
3049	908	39.346943
3049	608	39.10719
3049	910	38.989586
3049	1252	38.917435
3050	1374	48.79798
3050	1580	47.753834
3050	480	45.94212
3050	1270	45.588207
3050	924	45.212673
3050	2640	45.024654
3050	32	44.77951
3050	2529	44.530205
3050	1198	44.135506
3050	1127	43.85735
3051	1610	217.64532
3051	1265	211.00743
3051	648	207.61963
3051	21	193.76274
3051	316	191.97995
3051	1552	191.0916
3051	349	190.53517
3051	3256	190.38564
3051	1356	189.84695
3051	1391	189.42844
3052	1196	44.11441
3052	1200	42.801403
3052	1240	42.068073
3052	1374	41.536163
3052	2529	40.12381
3052	2985	39.979347
3052	589	38.730236
3052	2105	38.617287
3052	1097	38.403175
3052	1210	38.23021
3053	608	58.552204
3053	1213	55.891037
3053	296	55.47028
3053	1617	53.636623
3053	593	50.802555
3053	1265	50.592793
3053	1259	50.410236
3053	50	50.288555
3053	2791	49.67051
3053	2599	49.514473
3054	1265	248.31548
3054	1196	235.75633
3054	1394	226.03085
3054	1179	224.9504
3054	235	224.93849
3054	1198	217.87053
3054	1288	217.30458
3054	1079	217.21146
3054	1197	215.80412
3054	1270	214.8221
3055	1580	170.02875
3055	780	154.0121
3055	1573	152.99681
3055	1240	152.6606
3055	733	151.13208
3055	2028	151.04337
3055	110	147.95146
3055	1036	146.82866
3055	1265	146.67757
3055	1370	146.10945
3056	1580	183.46811
3056	780	176.10376
3056	377	172.65729
3056	2985	161.2604
3056	1676	159.18239
3056	349	157.85812
3056	1356	155.03543
3056	10	152.23392
3056	1544	148.60814
3056	1377	148.09012
3057	1617	109.404015
3057	1213	108.87999
3057	2321	108.38328
3057	50	108.35561
3057	1641	107.90323
3057	2762	107.465416
3057	1196	107.16626
3057	1923	106.64401
3057	1580	105.467575
3057	2571	105.3845
3058	2000	104.3375
3058	1580	102.66421
3058	2174	100.76984
3058	457	100.72642
3058	1	99.490555
3058	2028	99.46865
3058	1200	98.14802
3058	592	95.71679
3058	296	95.4815
3058	1079	95.40653
3059	608	40.346302
3059	1196	37.01437
3059	1617	36.714287
3059	260	36.515266
3059	1198	36.232838
3059	1213	35.992996
3059	296	35.701008
3059	923	35.249714
3059	1193	34.74977
3059	2028	34.71105
3060	457	27.17577
3060	296	25.703943
3060	47	24.833027
3060	589	24.575014
3060	318	24.364182
3060	2028	24.338919
3060	377	23.721212
3060	1213	23.716198
3060	1089	23.686209
3060	1580	23.09245
3061	1291	33.51234
3061	1210	33.05934
3061	480	32.430336
3061	1240	32.0499
3061	2000	31.325565
3061	1270	31.20814
3061	1036	31.176434
3061	1197	31.039867
3061	2571	30.647655
3061	592	30.561674
3062	2571	29.629221
3062	1127	29.129887
3062	589	28.96952
3062	110	28.775826
3062	480	28.58451
3062	2028	28.584074
3062	2699	28.337866
3062	1196	28.173548
3062	2858	27.460527
3062	457	27.354359
3063	1196	29.561031
3063	1240	29.058882
3063	1198	29.047787
3063	2916	28.823095
3063	592	28.809986
3063	260	28.722557
3063	457	28.560198
3063	1036	28.41647
3063	1200	28.150623
3063	1291	28.148834
3064	1196	34.010067
3064	2571	32.389935
3064	1210	32.157925
3064	260	31.972473
3064	589	31.857197
3064	1580	31.507145
3064	1240	31.349216
3064	480	31.3276
3064	1270	30.649658
3064	2716	30.355827
3065	1265	185.96326
3065	1617	170.8565
3065	2396	170.41164
3065	2291	163.68114
3065	1580	163.51462
3065	2599	162.9599
3065	2916	155.20036
3065	1196	152.71266
3065	1639	152.52635
3065	1729	151.66844
3066	2858	60.62366
3066	2028	56.884087
3066	2571	55.72352
3066	1923	54.84654
3066	50	54.715195
3066	2762	54.077526
3066	356	53.218616
3066	2997	52.947994
3066	608	52.69205
3066	457	52.536926
3067	377	334.45438
3067	1610	301.19714
3067	1641	299.76083
3067	1370	287.9754
3067	1747	287.33844
3067	1213	283.3883
3067	1358	280.18585
3067	1517	278.36508
3067	2890	271.69754
3067	543	271.49112
3068	608	13.904966
3068	1617	12.879491
3068	919	12.769646
3068	318	12.685059
3068	527	12.619384
3068	1196	12.311719
3068	2858	12.092177
3068	50	11.951052
3068	858	11.94984
3068	2028	11.932795
3069	1573	96.183495
3069	733	95.03296
3069	780	93.66035
3069	2628	93.227905
3069	1198	91.53851
3069	1036	90.94071
3069	2353	90.049805
3069	3175	90.03899
3069	1197	88.64003
3069	593	88.327576
3070	1252	27.392286
3070	904	26.248798
3070	908	26.063221
3070	1136	25.607222
3070	924	25.38783
3070	541	25.338457
3070	608	24.972391
3070	1247	24.648726
3070	111	24.635326
3070	1617	24.273308
3071	2858	13.711794
3071	2716	13.191532
3071	2997	12.608768
3071	1196	12.557338
3071	296	12.068247
3071	223	11.888769
3071	2599	11.878258
3071	1198	11.794962
3071	260	11.779793
3071	1265	11.692592
3072	608	89.472534
3072	1079	87.83291
3072	1094	84.83932
3072	1307	84.566315
3072	2243	84.483215
3072	318	83.909195
3072	1394	83.61275
3072	2797	83.27151
3072	2858	82.3111
3072	3361	80.692314
3073	1196	67.612015
3073	260	64.74912
3073	1198	64.225006
3073	2916	61.306038
3073	1291	61.28762
3073	2000	60.84758
3073	2028	59.460373
3073	480	59.37412
3073	1580	59.099545
3073	1374	58.035904
3074	296	89.93385
3074	2571	88.52106
3074	1704	85.91425
3074	457	84.27539
3074	1580	83.02715
3074	480	82.06883
3074	1213	81.66284
3074	1270	79.71964
3074	34	79.650826
3074	356	78.73784
3075	296	158.02618
3075	1197	155.96439
3075	1265	151.91844
3075	1136	151.45549
3075	1240	148.80878
3075	1079	146.78023
3075	2987	146.7563
3075	1200	141.47562
3075	2571	141.463
3075	34	141.16887
3076	2571	17.492683
3076	2916	17.06546
3076	1610	15.884967
3076	480	15.8225
3076	1240	15.740991
3076	110	15.488858
3076	1196	15.389967
3076	608	15.369022
3076	296	15.367999
3076	377	15.295294
3077	329	67.65615
3077	2628	66.11583
3077	1372	65.93943
3077	1240	65.625175
3077	1573	65.59222
3077	1200	63.813496
3077	1374	63.751225
3077	1210	63.481983
3077	260	63.216015
3077	1876	62.676647
3078	1196	24.485472
3078	608	22.592815
3078	919	22.526272
3078	1221	22.148914
3078	1136	21.694983
3078	1214	21.599146
3078	923	21.450878
3078	1197	21.238926
3078	1387	21.14551
3078	593	20.890886
3079	608	61.506615
3079	296	58.595425
3079	318	56.338104
3079	1213	54.83383
3079	1617	54.73433
3079	527	53.210716
3079	1704	52.553753
3079	50	52.136696
3079	2395	51.995586
3079	34	51.560955
3080	1	296.61105
3080	1213	295.11548
3080	1196	271.95383
3080	1089	270.48312
3080	527	265.24084
3080	1968	261.6769
3080	2804	261.36182
3080	1198	258.10938
3080	2890	255.85272
3080	589	254.63136
3081	1196	258.79474
3081	1580	244.83682
3081	1210	244.81447
3081	2916	244.3952
3081	1291	243.56934
3081	2571	241.92091
3081	2000	231.69046
3081	2641	221.62497
3081	1129	219.4723
3081	2529	217.91774
3082	1265	201.50008
3082	1196	188.1311
3082	1	187.795
3082	2716	186.53496
3082	1079	183.5852
3082	1394	183.13606
3082	1517	180.95456
3082	2100	180.50015
3082	2406	179.46727
3082	3039	179.39471
3083	1270	47.813427
3083	260	47.556896
3083	1210	45.830173
3083	1198	45.627003
3083	480	45.140457
3083	1240	44.979084
3083	1617	44.88191
3083	1197	44.794857
3083	2571	44.19633
3083	593	43.99161
3084	2858	16.598122
3084	2997	14.762283
3084	2959	14.754889
3084	3174	14.056544
3084	296	13.714063
3084	1704	13.47391
3084	2028	13.455858
3084	593	13.137901
3084	318	13.052567
3084	110	12.868685
3085	480	106.456116
3085	1198	98.851105
3085	457	98.6084
3085	1270	95.46641
3085	1374	95.36714
3085	1610	94.94731
3085	1127	92.925255
3085	1291	91.810326
3085	1356	91.04489
3085	1097	90.88149
3086	608	80.710815
3086	527	77.425064
3086	2028	76.39894
3086	1265	74.89527
3086	1617	73.51015
3086	1213	72.92547
3086	457	70.91735
3086	1682	70.86665
3086	32	70.826385
3086	1358	70.30301
3087	2571	159.1609
3087	2916	159.03177
3087	1210	154.51839
3087	1196	154.4334
3087	589	153.89117
3087	260	150.04724
3087	1270	147.43198
3087	2628	147.34688
3087	648	145.82799
3087	1240	145.81845
3088	296	36.984325
3088	1213	34.314983
3088	1617	32.4057
3088	50	32.059933
3088	2396	31.887772
3088	457	31.64024
3088	2762	31.595379
3088	36	30.99098
3088	3418	30.97924
3088	1	30.974827
3089	1196	49.537624
3089	1374	49.276176
3089	480	48.544838
3089	2571	48.047337
3089	1240	47.873703
3089	1356	47.278114
3089	589	47.156883
3089	780	45.734882
3089	1200	45.6712
3089	2985	45.611763
3090	1270	46.28813
3090	1210	45.390686
3090	2571	44.899586
3090	1214	43.791492
3090	541	43.5856
3090	1097	43.2654
3090	1580	42.72826
3090	1291	42.503452
3090	1036	42.21979
3090	1394	41.924133
3091	296	51.34285
3091	2028	49.53824
3091	527	49.483284
3091	260	48.21103
3091	1213	47.506134
3091	457	47.430103
3091	1265	46.57516
3091	858	46.517563
3091	1240	46.40866
3091	2762	46.33877
3092	2916	46.60859
3092	1374	45.63427
3092	1580	45.408543
3092	924	43.52689
3092	2985	43.504585
3092	1097	41.484783
3092	2968	41.03198
3092	1127	41.005867
3092	1197	40.766582
3092	2640	40.42248
3093	1225	87.379
3093	1394	85.897484
3093	1213	85.69762
3093	858	84.87007
3093	1079	84.40596
3093	318	83.15719
3093	1259	82.6519
3093	111	82.14389
3093	1247	81.4442
3093	3424	81.18105
3094	1580	35.03688
3094	1196	33.529068
3094	1240	31.794
3094	1210	31.56582
3094	1270	31.463165
3094	260	31.132795
3094	2858	31.106213
3094	1200	30.56376
3094	2716	30.046236
3094	541	29.686789
3095	597	93.719345
3095	339	91.91871
3095	2424	85.239746
3095	440	83.52113
3095	1265	72.32802
3095	1680	71.157394
3095	252	70.5564
3095	852	68.85907
3095	3255	68.775246
3095	3259	67.815
3096	780	131.97498
3096	2011	129.88998
3096	2054	127.90799
3096	1127	126.730095
3096	1391	120.68298
3096	1198	119.875015
3096	2528	118.83715
3096	2094	117.107185
3096	2662	116.84488
3096	1291	116.59404
3097	593	27.105585
3097	608	26.865654
3097	296	26.305294
3097	2858	26.217354
3097	2028	25.696411
3097	527	24.88772
3097	589	24.24775
3097	1196	24.21292
3097	1213	23.972301
3097	457	23.901905
3098	1196	38.487453
3098	1198	36.54196
3098	260	36.386795
3098	2858	35.667725
3098	1240	35.103115
3098	480	34.963924
3098	1210	34.914318
3098	2571	34.6757
3098	1270	34.158478
3098	593	33.484417
3099	2571	111.54091
3099	480	109.07801
3099	1374	105.616554
3099	1198	103.68305
3099	1097	100.21184
3099	1	99.71061
3099	2985	99.53894
3099	1356	99.40533
3099	2640	98.8024
3099	1291	98.345856
3100	296	42.13199
3100	2571	40.766647
3100	318	39.87076
3100	1610	39.863
3100	2028	39.396896
3100	589	39.20171
3100	1213	38.95129
3100	47	38.875977
3100	2916	38.711323
3100	2858	38.57703
3101	2028	195.52357
3101	780	187.29242
3101	380	185.97191
3101	1127	182.76373
3101	1270	181.47615
3101	648	179.4521
3101	21	178.01973
3101	1676	175.69626
3101	32	172.88612
3101	2353	172.23293
3102	1196	26.740517
3102	2571	25.65463
3102	589	24.926813
3102	480	24.526403
3102	1210	24.184563
3102	2916	24.160984
3102	1580	24.0365
3102	1240	23.656996
3102	2028	23.652618
3102	1198	23.32245
3103	1617	18.676256
3103	1252	18.636698
3103	2858	18.332844
3103	858	17.85571
3103	2396	17.824833
3103	2289	17.763084
3103	1213	17.473986
3103	923	17.34117
3103	912	17.230726
3103	111	16.93506
3104	296	21.132898
3104	318	20.22782
3104	527	20.139511
3104	2858	19.751717
3104	1213	19.590256
3104	1196	19.24424
3104	858	19.04681
3104	1089	19.00058
3104	2396	18.45064
3104	2028	18.414534
3105	2985	104.45037
3105	2916	102.9274
3105	2640	102.24277
3105	2571	100.597786
3105	1214	100.54377
3105	1372	98.90365
3105	780	98.68183
3105	1210	97.847885
3105	2529	94.85795
3105	2641	94.44923
3106	608	49.433605
3106	1265	46.350937
3106	1617	46.03424
3106	318	45.772125
3106	2396	45.224075
3106	2997	43.73911
3106	1213	43.707024
3106	1196	43.54993
3106	1197	42.528645
3106	2028	42.511406
3107	1196	37.530556
3107	1270	36.90455
3107	1580	36.42024
3107	480	35.630993
3107	592	34.54849
3107	1	34.520252
3107	588	34.218758
3107	260	34.12951
3107	2011	34.082523
3107	589	33.872417
3108	1259	249.36342
3108	1136	244.12538
3108	1270	242.31203
3108	1252	240.32321
3108	1265	237.74875
3108	1240	236.11798
3108	1214	234.99596
3108	1394	231.48123
3108	1307	228.24615
3108	589	228.18623
3109	2858	24.31377
3109	296	22.341576
3109	318	21.658983
3109	593	21.6084
3109	527	21.412607
3109	2396	21.249834
3109	1617	21.249273
3109	1213	20.983685
3109	2997	20.713543
3109	50	20.3686
3110	1617	147.56624
3110	1374	138.0074
3110	1270	136.66867
3110	296	135.83524
3110	1387	135.27576
3110	1222	135.00272
3110	1097	134.97974
3110	1036	134.95256
3110	32	134.53789
3110	593	134.10274
3111	3253	66.19137
3111	231	65.67086
3111	104	64.28262
3111	380	63.049805
3111	440	61.123753
3111	2321	61.114624
3111	1569	60.79046
3111	1784	59.84461
3111	587	59.5933
3111	2335	59.528748
3112	1210	105.09883
3112	1	104.024635
3112	1265	101.30745
3112	2396	100.65135
3112	1580	98.931366
3112	2571	97.822174
3112	296	97.43897
3112	318	96.64663
3112	1259	96.610596
3112	593	95.99893
3113	1580	19.008738
3113	339	18.88326
3113	539	18.800234
3113	587	18.670572
3113	39	18.57867
3113	1777	18.55192
3113	1265	18.389996
3113	440	18.34321
3113	356	18.268389
3113	736	17.979359
3114	1265	65.957825
3114	2395	64.95078
3114	1394	61.372673
3114	2997	60.85826
3114	2321	60.76291
3114	1517	60.598755
3114	2599	60.48596
3114	1641	59.87785
3114	1079	59.74926
3114	1	59.677895
3115	2916	24.516275
3115	1196	23.230612
3115	260	22.352612
3115	1240	22.296015
3115	780	22.176594
3115	1527	21.750755
3115	32	21.175175
3115	1374	21.139322
3115	1200	21.015211
3115	457	20.72323
3116	2858	53.130547
3116	2571	49.955284
3116	2028	47.414055
3116	2987	47.241844
3116	480	46.470097
3116	260	46.26687
3116	2396	46.08495
3116	593	45.639874
3116	1270	45.29119
3116	223	44.819374
3117	608	31.729752
3117	858	30.762913
3117	1196	30.232512
3117	593	29.77209
3117	1198	29.744642
3117	260	29.455826
3117	527	29.424162
3117	1617	28.861893
3117	1213	28.293442
3117	1221	27.981064
3118	1198	287.30005
3118	480	284.30325
3118	2968	261.2497
3118	1291	260.915
3118	1376	259.2743
3118	457	258.5628
3118	1387	256.71033
3118	858	256.5999
3118	592	253.99207
3118	2028	252.72876
3119	1580	65.94245
3119	1200	65.58751
3119	2916	65.473274
3119	1214	64.88038
3119	1197	63.393177
3119	1374	62.218575
3119	592	61.542107
3119	1127	61.029903
3119	2028	60.681656
3119	1097	60.527016
3120	593	27.969137
3120	296	27.92993
3120	2762	27.647417
3120	2997	27.58896
3120	2028	27.127903
3120	608	26.866467
3120	223	26.576555
3120	318	26.315706
3120	2599	25.936792
3120	110	24.832872
3121	1370	159.95741
3121	1240	147.18872
3121	349	146.63231
3121	1552	144.83423
3121	474	143.95087
3121	1200	141.23384
3121	1196	140.0185
3121	1876	139.57559
3121	1917	138.83807
3121	1645	138.5905
3122	2858	9.113334
3122	2997	8.744964
3122	608	8.249543
3122	2599	7.8972397
3122	2396	7.6771584
3122	527	7.593513
3122	1617	7.5822983
3122	593	7.575303
3122	1196	7.570728
3122	318	7.4308634
3123	2571	109.04101
3123	1580	102.84815
3123	1200	98.92042
3123	223	92.37045
3123	2028	92.252144
3123	2628	90.785286
3123	1198	89.43288
3123	110	88.665054
3123	2706	87.61373
3123	2599	87.170746
3124	1196	15.54639
3124	260	14.864245
3124	2716	14.351109
3124	1198	14.344092
3124	1240	13.983863
3124	1214	13.948541
3124	110	13.912027
3124	1270	13.807571
3124	2571	13.735059
3124	2858	13.728555
3125	2028	233.16624
3125	356	224.89238
3125	1	218.0478
3125	1198	209.99384
3125	39	204.22565
3125	733	203.25926
3125	2268	201.39075
3125	1240	201.17244
3125	2000	197.69998
3125	2716	196.86353
3126	1240	64.61822
3126	1196	64.13873
3126	1200	62.606037
3126	260	61.648445
3126	2028	60.40633
3126	296	59.210205
3126	110	59.049114
3126	780	58.803036
3126	377	58.274654
3126	1198	57.346256
3127	608	37.682514
3127	296	33.72742
3127	2858	33.523483
3127	1213	32.883545
3127	50	31.010181
3127	1265	30.792315
3127	858	30.68272
3127	912	30.24669
3127	2028	30.238234
3127	1704	30.22046
3128	296	170.36795
3128	1265	164.68774
3128	1213	161.54855
3128	318	156.29762
3128	1079	149.68893
3128	1	149.65117
3128	1240	148.18735
3128	457	146.85178
3128	2289	145.37413
3128	34	144.55556
3129	2797	201.48448
3129	296	195.1305
3129	2028	190.99646
3129	39	188.92062
3129	110	187.6537
3129	1	186.40646
3129	440	185.87166
3129	1079	185.59717
3129	457	184.77077
3129	1641	184.46097
3130	593	42.968277
3130	50	42.440166
3130	1617	41.81995
3130	2028	40.824203
3130	2762	38.941875
3130	1196	38.59853
3130	2571	38.469208
3130	1704	38.346718
3130	457	37.482407
3130	589	37.461605
3131	858	47.69873
3131	1247	43.87321
3131	923	42.045593
3131	1252	41.831894
3131	296	41.434532
3131	1084	41.39692
3131	1228	40.86907
3131	1617	40.170128
3131	527	39.942997
3131	3362	39.762573
3132	1580	5.6753254
3132	2028	5.606799
3132	589	5.5439105
3132	110	5.432078
3132	2571	5.4214087
3132	2916	5.2735157
3132	260	5.272767
3132	457	5.131831
3132	780	5.057886
3132	1198	5.0475583
3133	2858	7.0523853
3133	3255	6.7542067
3133	2321	6.7073636
3133	1500	6.6807103
3133	296	6.499709
3133	1580	6.4942336
3133	1923	6.4604144
3133	2302	6.293907
3133	1784	6.270997
3133	1517	6.265153
3134	1580	63.722645
3134	480	62.612537
3134	2916	61.072247
3134	457	61.01498
3134	1198	60.77936
3134	2396	59.808304
3134	2706	58.580364
3134	593	58.21266
3134	1200	57.80634
3134	2628	57.28371
3135	296	72.8745
3135	111	68.54278
3135	1617	67.41983
3135	593	65.694016
3135	1196	64.85998
3135	541	64.79473
3135	2858	64.40975
3135	923	63.631054
3135	527	62.97744
3135	318	62.89579
3136	1200	37.239506
3136	2571	36.26299
3136	541	34.56332
3136	1198	34.03938
3136	480	33.095917
3136	1580	32.45452
3136	1036	31.530586
3136	1197	31.406754
3136	2985	31.123577
3136	1127	31.039736
3137	2858	28.24596
3137	2959	26.615824
3137	2706	26.422739
3137	2683	26.337482
3137	2395	25.814943
3137	2716	25.231056
3137	2770	25.009228
3137	2336	24.832062
3137	2762	23.809141
3137	2396	23.170757
3138	1196	94.69612
3138	1580	92.711845
3138	260	89.87714
3138	1240	87.637375
3138	480	87.32583
3138	2054	86.26768
3138	1097	85.861115
3138	1198	85.58038
3138	589	84.717636
3138	1197	84.66203
3139	858	39.16536
3139	608	39.03006
3139	1196	37.919228
3139	1136	36.896862
3139	1247	36.4896
3139	1294	36.02763
3139	919	35.42437
3139	260	35.211094
3139	318	35.11764
3139	111	35.10887
3140	1270	192.84514
3140	260	190.25778
3140	1097	186.27194
3140	1198	181.46512
3140	480	180.35066
3140	2406	167.23863
3140	1291	167.06729
3140	2987	165.692
3140	2000	165.22139
3140	1	164.35121
3141	457	63.76496
3141	1610	61.84805
3141	780	61.781677
3141	1573	59.72924
3141	1527	59.465904
3141	648	59.355087
3141	349	57.818928
3141	110	57.383408
3141	1240	57.234592
3141	1196	57.11556
3142	858	77.471245
3142	593	76.638405
3142	318	74.28109
3142	1196	73.88822
3142	541	71.83262
3142	1221	71.72924
3142	1225	71.07512
3142	1136	70.50028
3142	1193	70.19113
3142	1259	70.1717
3143	1265	90.22804
3143	2396	83.75432
3143	296	80.94197
3143	318	80.5917
3143	357	79.000595
3143	1617	78.28976
3143	1307	77.99187
3143	593	77.96326
3143	2918	77.90703
3143	1	77.885155
3144	1196	15.137817
3144	260	14.069769
3144	2571	13.858876
3144	1210	13.80116
3144	608	13.794584
3144	1580	13.595846
3144	1240	13.549229
3144	589	13.53991
3144	2858	13.429421
3144	480	13.233115
3145	858	66.6551
3145	1617	65.4708
3145	296	65.26776
3145	1288	64.09602
3145	2858	63.918144
3145	541	63.651775
3145	593	63.116165
3145	1270	62.9894
3145	1213	62.711243
3145	1079	62.074306
3146	858	46.359467
3146	260	44.78177
3146	1198	44.356167
3146	296	44.155087
3146	1213	44.0022
3146	318	42.867302
3146	1036	42.852062
3146	1270	42.82609
3146	1221	42.799
3146	1617	42.598373
3147	2997	124.798454
3147	1265	116.14809
3147	318	115.2914
3147	1617	112.38188
3147	457	108.4584
3147	1196	108.21359
3147	1213	107.80569
3147	589	106.83896
3147	1580	106.535576
3147	1923	106.513084
3148	1198	75.97663
3148	260	75.27456
3148	1	73.71207
3148	2174	72.66128
3148	1394	72.35403
3148	2571	71.985596
3148	608	71.75119
3148	2797	71.74079
3148	1079	71.41756
3148	296	71.18699
3149	1196	8.54589
3149	1198	8.374644
3149	1580	8.271967
3149	1210	8.131705
3149	480	8.07794
3149	260	8.044857
3149	2571	7.902631
3149	589	7.8693132
3149	1270	7.757025
3149	1036	7.701851
3150	2959	33.770226
3150	2770	32.716206
3150	2396	32.528366
3150	2355	32.169033
3150	1127	31.94195
3150	2700	31.774939
3150	593	31.757402
3150	2699	31.26685
3150	2710	31.265707
3150	2580	30.7544
3151	1580	122.08353
3151	1196	121.69592
3151	1370	113.759575
3151	1291	113.432205
3151	2028	111.48625
3151	648	110.64749
3151	592	110.576645
3151	1270	109.9674
3151	110	109.70403
3151	3256	108.73542
3152	1196	13.517036
3152	1270	12.600364
3152	1210	12.461375
3152	1097	12.323662
3152	1197	12.272666
3152	1240	12.067384
3152	1291	11.984936
3152	592	11.784492
3152	1200	11.671807
3152	1036	11.658255
3153	1	28.352348
3153	2918	27.515831
3153	1196	26.895733
3153	2396	26.453852
3153	2791	26.150171
3153	1259	25.901844
3153	296	25.692043
3153	2797	25.571146
3153	318	25.57095
3153	2174	25.523027
3154	2571	109.35148
3154	1265	108.22179
3154	1580	107.57308
3154	457	105.85935
3154	1198	104.3294
3154	260	104.19219
3154	608	103.18923
3154	2987	102.571915
3154	1197	101.8774
3154	318	101.59142
3155	1197	62.176125
3155	1240	61.2393
3155	1210	61.221638
3155	1291	60.295715
3155	608	59.67594
3155	2028	59.483295
3155	2000	59.340252
3155	1270	59.319004
3155	1097	58.931805
3155	1221	58.438828
3156	2916	42.99829
3156	1580	42.435368
3156	377	39.56726
3156	733	38.871914
3156	1196	38.686737
3156	1240	38.177963
3156	1036	37.997246
3156	780	37.83481
3156	1527	37.3048
3156	260	37.254555
3157	1240	103.81265
3157	1036	103.538216
3157	589	101.091705
3157	2571	101.009224
3157	480	100.84813
3157	1394	100.54376
3157	1097	98.07513
3157	1307	97.78351
3157	2916	97.46874
3157	2100	96.30087
3158	608	195.30066
3158	1265	190.0374
3158	1617	183.29012
3158	1200	182.93092
3158	318	182.7055
3158	2028	181.96227
3158	457	179.25906
3158	1213	173.39984
3158	1259	173.13316
3158	2987	169.96321
3159	1265	142.34355
3159	1617	142.09035
3159	2028	139.70065
3159	1	138.3598
3159	2571	137.3742
3159	1213	135.88257
3159	2174	135.71805
3159	1394	135.47318
3159	1079	133.4385
3159	858	131.89621
3160	1240	26.677944
3160	1210	26.652765
3160	1198	26.500702
3160	589	26.225885
3160	1580	25.06451
3160	480	24.69533
3160	1214	24.617727
3160	1291	24.452196
3160	1036	24.360016
3160	2916	24.337517
3161	296	60.3311
3161	2858	57.997746
3161	2028	57.853745
3161	1240	55.584232
3161	2918	55.51756
3161	1580	54.9982
3161	1259	54.976826
3161	1394	54.153244
3161	1097	53.873043
3161	1213	53.825977
3162	1610	61.659157
3162	377	58.308712
3162	2028	58.125885
3162	1198	56.8086
3162	1580	56.49041
3162	1196	56.154636
3162	1291	56.064545
3162	592	54.194557
3162	260	53.43934
3162	1210	53.23469
3163	1617	404.11224
3163	50	394.09412
3163	541	379.0027
3163	2762	378.1337
3163	1221	364.28186
3163	1089	360.68884
3163	1288	357.5469
3163	474	356.32687
3163	2395	355.16357
3163	3421	354.4842
3164	2716	19.70519
3164	2599	19.165983
3164	2959	18.653296
3164	2355	18.131
3164	2396	17.331738
3164	2395	17.074976
3164	1127	16.995173
3164	785	16.934147
3164	1270	16.721645
3164	2700	16.719084
3165	1197	17.10474
3165	1198	16.969252
3165	1270	16.76115
3165	296	16.596638
3165	260	16.549547
3165	2028	16.23562
3165	2858	16.165796
3165	593	15.933642
3165	1036	15.927199
3165	2918	15.855472
3166	1210	34.650696
3166	1240	34.463493
3166	858	34.28853
3166	608	34.26462
3166	1197	33.79597
3166	1291	33.70894
3166	589	33.533737
3166	1270	33.47323
3166	1214	33.43907
3166	457	33.23757
3167	1196	166.41129
3167	1580	152.61652
3167	480	145.92722
3167	1374	145.1491
3167	1270	145.01898
3167	1036	141.95688
3167	1291	138.52902
3167	2028	137.53247
3167	457	136.97049
3167	1127	135.78355
3168	2605	12.966988
3168	2433	12.335292
3168	2683	12.143277
3168	2706	12.118784
3168	2694	11.816636
3168	2770	11.029653
3168	2541	10.944361
3168	2712	10.225304
3168	2762	10.088109
3168	2710	10.0544195
3169	2640	117.2956
3169	2628	103.89201
3169	1584	103.495476
3169	2641	103.042564
3169	1676	102.560005
3169	2528	100.66586
3169	1371	100.43057
3169	1198	99.55045
3169	2393	99.03765
3169	1573	97.6325
3170	260	70.45614
3170	589	68.374756
3170	1197	68.20818
3170	1580	65.9748
3170	1265	65.26993
3170	296	64.79507
3170	457	64.537636
3170	593	63.698315
3170	1214	63.17297
3170	318	63.04201
3171	923	77.653564
3171	1247	74.74605
3171	1230	72.38496
3171	922	72.04536
3171	1084	71.2126
3171	1945	70.129395
3171	2300	67.52256
3171	1244	66.62435
3171	1952	65.88311
3171	1953	65.04475
3172	1213	70.91945
3172	1089	69.98117
3172	457	68.52894
3172	318	68.018654
3172	1196	67.586586
3172	2028	67.412224
3172	2997	65.86762
3172	2916	65.697754
3172	1580	65.58984
3172	1	65.44802
3173	1214	93.02039
3173	2916	90.14403
3173	2985	89.97877
3173	2640	84.53421
3173	480	84.48862
3173	2105	82.57202
3173	924	81.757545
3173	1356	81.56847
3173	1127	81.1537
3173	1097	80.325264
3174	357	55.54091
3174	11	51.638767
3174	318	51.473667
3174	1704	51.38108
3174	440	50.677208
3174	1784	49.749447
3174	1569	48.852264
3174	2028	48.478508
3174	296	47.84222
3174	608	47.63889
3175	608	57.994263
3175	318	53.062626
3175	1265	47.009453
3175	1704	46.506645
3175	2289	46.280426
3175	2028	46.267662
3175	1358	46.056576
3175	2997	45.732895
3175	2396	45.447453
3175	34	45.2231
3176	318	10.336263
3176	608	9.929429
3176	2028	9.815573
3176	296	9.553528
3176	2858	9.467258
3176	1704	9.389247
3176	2762	9.111206
3176	1617	9.052047
3176	2396	9.022063
3176	1265	8.955224
3177	608	50.881035
3177	296	49.811268
3177	2858	49.273666
3177	1196	45.72227
3177	1213	45.11143
3177	2571	45.025955
3177	457	44.37129
3177	1580	43.167328
3177	1198	42.805225
3177	480	42.38522
3178	1200	125.64028
3178	1270	118.79472
3178	2640	114.296555
3178	1036	107.84782
3178	32	107.60022
3178	592	105.45114
3178	1206	102.40637
3178	1387	102.32638
3178	1129	102.105835
3178	1372	101.46985
3179	296	8.802674
3179	318	8.617437
3179	593	8.577382
3179	1580	8.559431
3179	608	8.552131
3179	2997	8.365214
3179	480	8.33496
3179	1259	8.238728
3179	2028	8.128395
3179	110	8.09505
3180	1079	212.90175
3180	2797	209.62534
3180	3253	201.00739
3180	318	198.565
3180	1641	195.63698
3180	2396	195.23459
3180	1285	191.31056
3180	3039	186.66504
3180	1240	186.04474
3180	1060	186.02191
3181	260	19.069912
3181	1196	18.509405
3181	608	17.716852
3181	1221	17.536892
3181	919	17.223043
3181	912	16.982603
3181	1214	16.932335
3181	541	16.873398
3181	1617	16.779974
3181	924	16.507809
3182	2918	278.80392
3182	2797	269.55856
3182	1220	265.51007
3182	1197	263.03577
3182	1079	261.2324
3182	2571	249.14056
3182	2804	248.09755
3182	589	247.7212
3182	110	246.96579
3182	1200	245.53159
3183	1196	76.462776
3183	1214	71.3645
3183	1240	71.194305
3183	1200	68.32964
3183	1291	68.061516
3183	589	66.23578
3183	1610	64.4216
3183	2916	64.3417
3183	2640	63.99633
3183	457	62.950947
3184	1196	47.1459
3184	2791	45.715397
3184	2797	45.103226
3184	260	44.94254
3184	1	44.292114
3184	1198	43.71634
3184	2716	43.27142
3184	1197	43.232124
3184	1136	43.20359
3184	1265	42.80965
3185	1580	52.910686
3185	1196	52.434658
3185	589	52.131397
3185	480	51.99761
3185	457	51.107994
3185	1270	50.6405
3185	2916	50.47409
3185	260	50.33204
3185	2000	50.204845
3185	296	50.11947
3186	942	21.39688
3186	2203	21.394493
3186	1212	19.952421
3186	904	19.515408
3186	903	18.4027
3186	908	18.24721
3186	1344	17.932312
3186	1219	17.660149
3186	3364	17.455278
3186	923	17.384949
3187	1196	22.991743
3187	1252	21.204948
3187	919	21.05505
3187	1214	20.960085
3187	1198	20.918764
3187	541	20.815775
3187	924	20.666224
3187	912	20.298267
3187	904	20.149572
3187	1221	20.05485
3188	1196	12.542985
3188	260	11.723859
3188	2396	11.721442
3188	1270	11.656419
3188	858	11.495951
3188	2571	11.313824
3188	1198	11.257133
3188	1580	11.133638
3188	589	11.084294
3188	1265	11.021957
3189	474	228.58829
3189	1597	222.34715
3189	2278	213.03845
3189	2273	212.32195
3189	2105	211.71982
3189	1215	211.51389
3189	356	210.70352
3189	1584	209.24188
3189	1129	208.25848
3189	1396	205.9261
3190	589	30.703276
3190	1580	30.574924
3190	1196	29.919674
3190	1265	29.72894
3190	2916	28.666151
3190	110	28.663885
3190	260	27.94289
3190	1210	27.74918
3190	1270	27.693647
3190	2858	27.651299
3191	380	233.15489
3191	1527	229.56279
3191	648	229.55165
3191	592	222.26492
3191	1676	220.44969
3191	1608	217.45145
3191	2000	215.61105
3191	2628	215.24495
3191	1356	214.59204
3191	474	213.87254
3192	1	135.41353
3192	1610	131.31963
3192	1210	131.13936
3192	260	130.57672
3192	356	129.32092
3192	1240	129.20726
3192	1197	128.1817
3192	1213	127.000206
3192	21	125.7094
3192	1036	125.28054
3193	2599	94.80756
3193	2580	90.15602
3193	2028	89.45803
3193	593	88.67192
3193	2571	88.360245
3193	2700	87.68239
3193	318	85.610374
3193	589	85.217575
3193	1265	82.29511
3193	2770	82.169205
3194	2858	21.056587
3194	2716	19.65895
3194	2683	19.411282
3194	2997	19.02811
3194	2699	18.7555
3194	223	18.754818
3194	2762	18.737864
3194	2710	18.242502
3194	2355	18.00753
3194	2028	17.960232
3195	1036	113.459435
3195	2797	111.3709
3195	260	108.222595
3195	2194	106.296036
3195	2115	105.12875
3195	2791	102.58264
3195	1079	102.54372
3195	2470	102.26773
3195	1307	101.659195
3195	1580	101.38454
3196	2100	122.02813
3196	2406	118.30257
3196	1198	114.20572
3196	588	113.69043
3196	2000	113.687904
3196	592	113.440315
3196	1220	113.1698
3196	1291	112.79369
3196	1097	112.47682
3196	2791	111.674355
3197	2396	51.524223
3197	39	50.64587
3197	1393	47.334682
3197	356	46.36686
3197	608	45.359177
3197	2406	44.48698
3197	2858	44.291428
3197	2797	44.052185
3197	25	43.289616
3197	1196	43.283955
3198	1347	61.45605
3198	260	56.50186
3198	541	56.34436
3198	1196	55.80089
3198	2366	55.16405
3198	1206	54.714092
3198	858	54.680008
3198	1200	54.439106
3198	2867	53.94932
3198	1240	53.499207
3199	1580	73.53245
3199	780	65.394455
3199	380	64.985794
3199	1196	64.60704
3199	1370	63.18112
3199	593	63.045673
3199	1573	62.934914
3199	318	62.382183
3199	296	62.298153
3199	1240	62.162304
3200	318	92.69911
3200	1094	91.49602
3200	593	90.20286
3200	1213	88.16489
3200	527	88.157196
3200	3418	86.09908
3200	1358	85.15012
3200	25	84.90642
3200	2289	84.59527
3200	1673	83.963005
3201	260	191.58594
3201	1198	190.78912
3201	2000	188.42488
3201	1240	185.30603
3201	858	185.16972
3201	1210	183.7255
3201	2716	183.39972
3201	1197	182.7058
3201	1079	182.39146
3201	608	182.14462
3202	1580	83.59865
3202	733	81.25319
3202	380	80.655464
3202	2916	80.27458
3202	1573	78.21378
3202	648	77.86759
3202	1196	75.95923
3202	593	75.371284
3202	3256	74.79731
3202	1	74.47877
3203	296	82.98751
3203	1213	80.398155
3203	1617	80.37827
3203	593	79.55076
3203	2997	78.92932
3203	1265	78.70744
3203	50	78.24696
3203	1196	78.17529
3203	2028	77.899635
3203	318	76.63224
3204	1270	38.895878
3204	1136	38.82654
3204	1079	37.644035
3204	2918	36.574345
3204	1307	36.159134
3204	2174	35.9083
3204	1	35.771347
3204	2797	35.524605
3204	1294	35.449013
3204	1196	35.439312
3205	3418	164.00836
3205	296	162.5935
3205	1682	162.1471
3205	590	161.9806
3205	2321	161.51955
3205	2291	160.99661
3205	1500	158.70578
3205	1923	157.89093
3205	2762	153.29205
3205	648	152.64378
3206	296	61.453297
3206	608	58.11663
3206	1213	57.041946
3206	2395	55.809692
3206	593	55.522198
3206	50	54.553288
3206	1923	54.36315
3206	1500	53.5935
3206	2571	53.464287
3206	2599	52.66839
3207	296	83.25425
3207	1580	81.53384
3207	1196	80.808846
3207	457	78.879166
3207	2916	77.30995
3207	480	77.0642
3207	318	76.40365
3207	1923	75.41254
3207	110	75.2499
3207	1197	74.823875
3208	1196	253.75526
3208	480	234.80725
3208	1265	234.35034
3208	110	227.92247
3208	2797	224.04703
3208	296	223.12396
3208	1259	220.58156
3208	1222	213.22227
3208	318	212.01807
3208	1097	211.95285
3209	349	98.44506
3209	457	97.399765
3209	1608	96.00136
3209	2571	95.33342
3209	589	93.56998
3209	292	92.996864
3209	2167	92.339676
3209	736	91.337364
3209	3107	89.2322
3209	434	87.897446
3210	608	69.57658
3210	2858	67.5357
3210	858	63.1539
3210	923	61.385998
3210	2599	60.51942
3210	2396	60.009693
3210	50	59.20489
3210	1221	58.44877
3210	2762	58.183315
3210	750	57.720783
3211	1213	74.8774
3211	1196	68.7349
3211	50	68.514626
3211	2028	67.65949
3211	1294	67.17929
3211	1136	66.92731
3211	1252	66.921875
3211	1247	66.6653
3211	2997	65.63208
3211	1198	64.84119
3212	1265	14.123822
3212	2997	13.986538
3212	2395	13.711167
3212	1079	13.196601
3212	1136	13.01523
3212	1259	12.886458
3212	1270	12.86158
3212	1285	12.844162
3212	1197	12.639712
3212	2716	12.613844
3213	296	90.55777
3213	1923	84.4619
3213	2571	83.20004
3213	39	83.113144
3213	2762	83.08976
3213	1213	82.2661
3213	1641	81.95785
3213	110	81.58546
3213	34	79.87759
3213	21	79.6332
3214	1247	13.348101
3214	912	12.550587
3214	1230	12.295215
3214	919	12.265745
3214	923	12.17927
3214	1252	12.048628
3214	1196	11.989136
3214	1193	11.970751
3214	750	11.566728
3214	541	11.544478
3215	1265	15.832948
3215	608	15.766303
3215	1	15.729189
3215	593	15.174063
3215	2396	15.123112
3215	318	14.717199
3215	2997	14.650741
3215	1784	14.566851
3215	1617	14.550927
3215	296	14.523494
3216	1270	156.57156
3216	1196	149.58282
3216	260	139.86667
3216	1240	139.70972
3216	589	138.47743
3216	1210	138.18007
3216	1097	135.0851
3216	2797	134.46112
3216	1200	133.88934
3216	1198	133.49261
3217	1197	144.12112
3217	1265	143.11446
3217	1097	141.42902
3217	260	140.43295
3217	2797	139.94608
3217	2000	138.63605
3217	1210	137.73973
3217	318	137.55788
3217	527	137.53717
3217	1307	135.67516
3218	2396	23.755007
3218	2395	23.434626
3218	608	22.358591
3218	2762	22.007206
3218	296	21.175953
3218	2959	21.130884
3218	2987	21.024927
3218	2683	20.91991
3218	1617	20.90804
3218	593	20.810127
3219	2396	69.22456
3219	2997	66.47891
3219	2571	66.01541
3219	1196	64.19829
3219	1580	64.13127
3219	2599	63.842464
3219	356	62.489807
3219	110	62.40242
3219	589	61.99497
3219	1210	61.530376
3220	912	46.447994
3220	1252	46.14168
3220	919	43.14349
3220	1193	42.856842
3220	593	42.48404
3220	1230	42.193916
3220	1213	42.153484
3220	1221	41.428722
3220	296	41.29027
3220	750	41.16822
3221	589	49.849606
3221	480	48.02715
3221	1610	46.589306
3221	1210	46.09962
3221	1036	45.64316
3221	1198	45.03394
3221	377	44.1316
3221	780	44.036583
3221	2028	43.544643
3221	1291	43.223377
3222	1196	15.46373
3222	1198	15.075016
3222	858	14.9777
3222	608	14.519236
3222	2028	14.484598
3222	1214	14.094626
3222	2571	14.062334
3222	589	13.851587
3222	1221	13.765104
3222	527	13.636473
3223	2710	36.646988
3223	2355	34.620705
3223	2762	33.714363
3223	2395	33.54691
3223	2502	32.5584
3223	2700	32.089245
3223	3174	31.602999
3223	2699	31.559475
3223	2336	30.970404
3223	2396	30.760584
3224	1196	436.52222
3224	2396	418.3694
3224	1	417.84323
3224	357	401.95242
3224	1294	377.7844
3224	110	376.3138
3224	1923	372.01175
3224	2194	366.86917
3224	2243	366.02753
3224	377	365.94547
3225	858	16.840662
3225	608	15.829994
3225	1617	14.971586
3225	1196	14.881151
3225	1136	14.800713
3225	1252	14.522207
3225	2028	14.471425
3225	593	14.465284
3225	1294	14.413951
3225	1198	14.373184
3226	1247	87.70712
3226	1252	86.68258
3226	1394	85.88129
3226	1617	84.41332
3226	1294	84.23876
3226	296	82.53473
3226	1288	81.781685
3226	908	81.656815
3226	1225	80.946
3226	919	80.47672
3227	1270	190.39555
3227	110	187.16466
3227	2289	185.76308
3227	1079	182.73148
3227	21	181.22186
3227	356	180.64713
3227	2716	180.57512
3227	1240	180.53224
3227	357	180.46715
3227	1136	180.41219
3228	1200	132.37828
3228	1214	129.76773
3228	1580	127.868576
3228	1270	119.53254
3228	858	119.349846
3228	2985	119.039696
3228	1097	117.55353
3228	608	116.368004
3228	1127	113.7182
3228	541	113.70133
3229	296	99.563866
3229	593	98.555046
3229	1213	92.19567
3229	1265	90.144264
3229	1094	88.5875
3229	34	87.35739
3229	2291	85.44508
3229	110	84.54014
3229	150	82.10472
3229	1580	81.71608
3230	1196	126.02116
3230	1200	119.16043
3230	1527	118.169785
3230	457	114.45807
3230	1573	113.76103
3230	2985	112.36606
3230	1584	112.13288
3230	2028	111.569626
3230	1676	110.239044
3230	1127	109.45481
3231	1196	101.73488
3231	1198	94.88917
3231	1221	91.12915
3231	1240	90.15235
3231	318	89.90924
3231	1617	88.81467
3231	2028	88.40091
3231	1270	88.04896
3231	1259	87.210785
3231	1213	86.6913
3232	39	30.840742
3232	1923	30.293673
3232	1500	30.009937
3232	608	29.46074
3232	2599	29.386063
3232	318	29.219387
3232	1580	29.019686
3232	296	28.955675
3232	3253	28.924477
3232	223	28.870499
3233	2858	104.06731
3233	235	93.615074
3233	593	91.70444
3233	1	91.59172
3233	1079	90.55426
3233	39	89.55409
3233	1136	89.2668
3233	527	88.7402
3233	1259	87.86338
3233	1197	87.85094
3234	924	6.729648
3234	750	6.225312
3234	1247	6.1157928
3234	1225	6.1009245
3234	858	6.0713143
3234	912	6.019087
3234	111	6.012418
3234	1252	5.959744
3234	923	5.801098
3234	1208	5.753151
3235	223	25.138462
3235	2858	24.596045
3235	2355	22.897749
3235	2762	22.615723
3235	2599	22.562773
3235	2699	22.469404
3235	785	22.40196
3235	1127	22.003963
3235	2502	21.31925
3235	2395	20.681622
3236	2571	11.208999
3236	1196	11.151222
3236	1580	11.07417
3236	260	10.723417
3236	1197	10.542044
3236	589	10.431413
3236	2916	10.104244
3236	1270	10.009028
3236	2000	9.947103
3236	1240	9.854624
3237	608	43.569344
3237	2858	39.588142
3237	2997	39.424335
3237	296	37.377396
3237	1213	36.079735
3237	527	35.90601
3237	2289	35.645897
3237	318	35.08053
3237	1265	34.60672
3237	858	34.508514
3238	858	26.872217
3238	1196	25.598345
3238	1079	24.589647
3238	608	24.064968
3238	1136	23.967127
3238	1270	23.648626
3238	1197	23.523674
3238	1213	23.4636
3238	1259	23.450462
3238	1304	23.301363
3239	318	48.532963
3239	1704	47.489933
3239	2762	45.59627
3239	608	45.186203
3239	110	43.84496
3239	527	43.395294
3239	50	43.250496
3239	1265	42.939766
3239	1213	42.91964
3239	457	42.819763
3240	1517	89.156815
3240	2997	84.95571
3240	1784	82.58017
3240	2396	80.46818
3240	21	79.757645
3240	440	78.84873
3240	1777	78.28354
3240	296	77.953415
3240	2302	77.191154
3240	608	76.18827
3241	1617	27.742144
3241	296	27.19759
3241	2858	26.871244
3241	1213	26.447575
3241	593	26.440025
3241	527	26.025986
3241	1265	25.956856
3241	2396	25.845455
3241	318	25.837809
3241	1196	25.610464
3242	2916	174.40175
3242	1580	165.83652
3242	1127	152.48938
3242	1573	150.40968
3242	349	150.25519
3242	2028	149.82806
3242	2628	148.70657
3242	1129	147.23695
3242	1372	143.49487
3242	474	142.75444
3243	1580	166.96912
3243	480	164.53694
3243	1240	164.136
3243	1610	160.13223
3243	608	159.8214
3243	1197	158.16208
3243	1265	155.09659
3243	1291	153.50452
3243	1	149.29271
3243	592	148.72147
3244	1196	8.086332
3244	592	7.6457205
3244	608	7.573682
3244	1198	7.5578427
3244	318	7.539277
3244	1270	7.532435
3244	1580	7.5050526
3244	593	7.460048
3244	2858	7.4321613
3244	260	7.4248867
3245	3176	8.289776
3245	2858	8.287455
3245	3301	8.003039
3245	2959	7.805827
3245	3174	7.7098813
3245	318	7.249378
3245	1704	7.191615
3245	3160	7.106855
3245	2997	7.0524144
3245	2762	7.029442
3246	608	104.92856
3246	2268	102.17355
3246	300	100.919754
3246	1358	100.74325
3246	1094	99.45965
3246	1393	97.85203
3246	3418	96.01712
3246	1673	95.903175
3246	3100	94.925995
3246	337	94.80783
3247	260	24.397724
3247	858	23.277752
3247	1240	22.301968
3247	592	22.2101
3247	1210	21.590185
3247	1214	21.51013
3247	1387	21.40715
3247	1036	21.389639
3247	2028	21.003439
3247	2406	20.315266
3248	912	44.99128
3248	1617	43.176586
3248	1252	43.11896
3248	1247	43.005062
3248	908	42.43877
3248	923	42.036926
3248	1196	41.715958
3248	260	41.17917
3248	904	40.825787
3248	527	40.715473
3249	608	58.445057
3249	296	54.21165
3249	593	53.841614
3249	318	52.95992
3249	527	52.7484
3249	1270	52.031612
3249	2028	51.995296
3249	1213	51.651794
3249	1197	51.55676
3249	1136	50.373245
3250	1	76.60311
3250	39	75.383606
3250	2321	74.21535
3250	1500	74.13808
3250	296	73.201416
3250	608	71.97416
3250	457	71.52216
3250	480	71.32355
3250	3255	71.17262
3250	223	70.20337
3251	1247	46.318897
3251	1196	46.10277
3251	1252	46.00341
3251	1208	45.914246
3251	3363	45.5181
3251	1221	44.961227
3251	912	44.611813
3251	923	44.56654
3251	541	44.398956
3251	3421	44.24317
3252	2716	20.671953
3252	2762	19.484444
3252	2706	19.246048
3252	2683	19.143917
3252	2355	18.988428
3252	223	18.51654
3252	2571	18.3585
3252	2599	17.951197
3252	2987	17.512032
3252	1210	17.474794
3253	1213	83.11175
3253	923	82.26131
3253	296	82.173485
3253	1617	82.16906
3253	912	81.14443
3253	858	80.80443
3253	1252	79.005066
3253	1247	78.83384
3253	593	78.78784
3253	34	78.71159
3254	1	14.086556
3254	1265	13.705689
3254	2396	13.414603
3254	34	13.022163
3254	2918	12.4322605
3254	1641	12.362658
3254	1197	12.279558
3254	1270	12.257802
3254	608	12.24019
3254	2997	12.205848
3255	539	24.967062
3255	1265	24.248041
3255	39	24.241114
3255	11	23.753468
3255	1569	23.628502
3255	2671	23.552671
3255	440	22.620218
3255	3255	22.572676
3255	2424	22.56024
3255	339	22.51115
3256	2858	54.49977
3256	1240	53.60372
3256	589	53.55666
3256	1197	51.69452
3256	480	51.382404
3256	593	51.37068
3256	1036	50.866806
3256	1270	50.769352
3256	457	50.76791
3256	1580	50.745716
3257	1200	73.88663
3257	480	70.453255
3257	592	68.772255
3257	608	67.34229
3257	1270	66.62367
3257	1374	66.34841
3257	2985	64.51933
3257	593	64.492584
3257	296	64.27794
3257	2858	63.81124
3258	608	28.440945
3258	2858	25.991344
3258	527	25.955204
3258	296	25.763391
3258	318	25.541298
3258	1617	25.520962
3258	1213	25.397032
3258	858	25.01798
3258	1225	24.76827
3258	1259	24.460114
3259	260	226.10054
3259	1198	224.10536
3259	2797	222.86792
3259	2174	220.91129
3259	589	217.98639
3259	608	215.89012
3259	39	212.02779
3259	1240	209.99623
3259	1097	209.80899
3259	592	209.02036
3260	608	171.88405
3260	1197	171.77554
3260	1259	165.43129
3260	1387	163.98738
3260	589	163.19586
3260	2716	162.24966
3260	1394	160.61336
3260	541	158.94328
3260	457	158.88094
3260	1220	157.71059
3261	593	236.01587
3261	2858	233.47717
3261	50	231.55878
3261	21	218.09795
3261	32	217.55495
3261	589	217.26962
3261	39	208.0066
3261	377	206.33221
3261	1197	206.09169
3261	47	201.94237
3262	2997	48.020866
3262	2716	47.47482
3262	356	46.748146
3262	296	46.451683
3262	593	46.335857
3262	2028	46.3288
3262	318	46.32483
3262	39	45.460682
3262	2599	44.96649
3262	2571	44.95444
3263	1240	60.14779
3263	858	59.94179
3263	1222	58.66542
3263	1036	58.41478
3263	1291	58.186066
3263	2947	58.147125
3263	1242	57.957703
3263	2000	56.869415
3263	1221	56.340458
3263	2194	55.921597
3264	1580	6.707137
3264	480	6.479091
3264	780	6.152749
3264	2571	6.040058
3264	380	5.986924
3264	377	5.9809155
3264	2916	5.890116
3264	1573	5.8705077
3264	589	5.8027477
3264	648	5.684072
3265	733	254.55064
3265	1356	240.15916
3265	2640	239.70496
3265	2716	235.1856
3265	1097	228.3569
3265	2987	228.20758
3265	608	225.2563
3265	1259	225.14543
3265	2174	222.98438
3265	1552	222.62529
3266	296	99.03826
3266	1213	94.269035
3266	858	91.13226
3266	2599	89.19083
3266	1265	84.96907
3266	260	84.60869
3266	1193	84.239334
3266	1198	83.73146
3266	1221	83.078156
3266	1259	82.789314
3267	2355	60.733616
3267	2699	54.61899
3267	1196	53.769783
3267	1265	52.415577
3267	2028	52.099445
3267	2571	51.657497
3267	3081	51.421814
3267	1580	50.675575
3267	1197	50.655136
3267	608	50.41393
3268	2571	47.825333
3268	589	45.948566
3268	1580	45.294888
3268	480	44.993454
3268	1210	44.929745
3268	2028	44.01265
3268	1	43.96527
3268	1240	43.642887
3268	110	43.597874
3268	593	43.36204
3269	1196	67.21373
3269	1213	63.823914
3269	1198	62.992687
3269	2762	62.927002
3269	457	62.704483
3269	260	62.380684
3269	1580	61.689194
3269	110	61.576088
3269	2716	61.41262
3269	480	60.94459
3270	296	92.27547
3270	2028	89.94983
3270	1197	89.07625
3270	318	88.92746
3270	1240	88.78527
3270	1213	87.71628
3270	1221	87.357635
3270	589	86.60803
3270	1136	85.76934
3270	919	85.62887
3271	2797	173.5985
3271	2028	166.01035
3271	1291	164.9284
3271	1240	164.59174
3271	592	163.60637
3271	1394	162.79062
3271	1225	157.56891
3271	3361	156.36584
3271	1580	156.2663
3271	1222	155.80203
3272	2916	403.38263
3272	1617	369.33716
3272	2628	354.83835
3272	2054	353.34918
3272	32	345.68082
3272	648	343.36484
3272	1527	335.0074
3272	349	326.82074
3272	2105	325.76364
3272	1225	322.5297
3273	608	16.525137
3273	593	15.470853
3273	1196	15.252115
3273	2858	15.012902
3273	50	14.996143
3273	1265	14.696107
3273	1213	14.618858
3273	527	14.439275
3273	260	14.403123
3273	2028	14.375003
3274	260	118.142876
3274	1527	117.255615
3274	2985	112.50599
3274	1375	109.30273
3274	2640	107.99453
3274	1127	107.05315
3274	1214	106.6355
3274	1584	104.51405
3274	1198	104.383026
3274	2987	103.85307
3275	1196	11.281397
3275	1214	11.0934305
3275	1200	11.086194
3275	1198	11.010707
3275	541	10.9418125
3275	1097	10.313875
3275	858	10.265926
3275	1387	10.090528
3275	2640	10.02084
3275	1220	9.725576
3276	2028	17.846563
3276	608	17.78918
3276	296	17.426195
3276	1704	17.382765
3276	2858	16.925846
3276	2762	16.547956
3276	1213	16.117514
3276	2396	15.627084
3276	457	15.592714
3276	150	15.1000185
3277	2028	100.16878
3277	1265	98.44483
3277	1196	98.270966
3277	858	97.82793
3277	2396	96.012024
3277	1089	94.48375
3277	1394	92.95091
3277	34	92.58433
3277	1094	91.78328
3277	36	91.645004
3278	951	26.718147
3278	1230	25.951292
3278	912	23.172028
3278	1252	23.10502
3278	1244	22.9041
3278	1234	22.830784
3278	923	22.459034
3278	2936	22.115213
3278	933	22.004623
3278	904	21.982277
3279	1036	55.293262
3279	2571	54.293026
3279	457	53.968216
3279	1210	53.88888
3279	110	52.17865
3279	592	49.627407
3279	1197	49.54613
3279	1222	48.719383
3279	1270	48.058727
3279	1127	46.69829
3280	21	265.12192
3280	2396	264.66647
3280	1704	260.06827
3280	3418	259.86383
3280	2000	257.28946
3280	2321	254.89546
3280	1291	253.07487
3280	592	253.05466
3280	2268	249.26219
3280	2174	247.43341
3281	589	163.71938
3281	1291	158.615
3281	1196	156.70593
3281	1527	151.16966
3281	648	150.56737
3281	165	148.98883
3281	1552	146.35022
3281	10	145.2245
3281	2406	142.75478
3281	1377	137.72635
3282	1252	22.088398
3282	904	21.321371
3282	908	21.256258
3282	858	21.094868
3282	1219	21.068497
3282	608	20.873922
3282	919	20.74605
3282	1247	20.367077
3282	903	20.144575
3282	111	19.998741
3283	1374	169.75829
3283	1198	160.09511
3283	480	157.17656
3283	1136	152.77997
3283	2987	149.59947
3283	1	149.44536
3283	2716	146.22525
3283	2000	145.8511
3283	1291	144.90901
3283	1265	144.49532
3284	296	35.537113
3284	593	34.923023
3284	1196	33.695187
3284	1213	33.282047
3284	2028	32.289684
3284	858	31.765263
3284	2396	31.190832
3284	2997	31.069788
3284	1265	31.03472
3284	260	30.873978
3285	1036	327.4527
3285	1500	322.77045
3285	3418	321.56937
3285	1197	314.49023
3285	1259	314.15176
3285	2396	308.1237
3285	733	301.1455
3285	1079	291.25046
3285	2291	290.5936
3285	34	289.44177
3286	2080	20.361725
3286	1197	19.63972
3286	1307	19.599054
3286	1270	19.50775
3286	1196	19.454178
3286	1282	19.282505
3286	2081	19.24636
3286	594	19.236567
3286	2797	19.166636
3286	260	19.158527
3287	608	18.91302
3287	1247	18.877441
3287	912	18.559813
3287	858	18.249136
3287	527	17.994846
3287	923	17.975937
3287	908	17.25842
3287	111	16.882965
3287	296	16.88187
3287	1208	16.826153
3288	1198	15.871829
3288	1214	15.54952
3288	1221	15.299272
3288	1240	15.222537
3288	541	15.089991
3288	1200	14.4980345
3288	589	14.391583
3288	1270	14.23256
3288	1197	14.184672
3288	924	14.169992
3289	1208	28.633236
3289	1214	28.576094
3289	858	28.332182
3289	1198	27.795755
3289	541	27.393322
3289	919	26.904701
3289	1304	26.693968
3289	1221	26.183004
3289	1200	26.080217
3289	1294	25.831064
3290	223	66.924286
3290	2599	62.76685
3290	1093	58.069893
3290	2987	56.980545
3290	2395	56.010445
3290	2694	54.776276
3290	3174	54.13043
3290	2396	53.02008
3290	2723	52.45782
3290	593	51.729336
3291	318	9.192029
3291	1265	8.791938
3291	608	8.743381
3291	1704	8.527097
3291	1682	8.449276
3291	1094	8.36968
3291	150	8.341047
3291	527	8.244498
3291	2336	8.194896
3291	593	8.171167
3292	260	304.96426
3292	1394	303.23703
3292	1198	302.8733
3292	1197	302.05673
3292	1307	301.89304
3292	904	295.02228
3292	1219	292.38367
3292	1265	291.73535
3292	1387	290.9338
3292	913	290.16473
3293	2571	21.514816
3293	1580	21.51196
3293	589	21.345009
3293	1196	20.678774
3293	2028	20.510416
3293	1270	20.438948
3293	2916	20.407135
3293	260	20.275219
3293	1210	20.043173
3293	1036	19.869917
3294	2571	83.190414
3294	1089	81.064575
3294	1265	80.20753
3294	2858	79.87933
3294	1036	79.548225
3294	318	79.48353
3294	457	79.235085
3294	1200	78.32525
3294	480	78.25962
3294	2916	77.83948
3295	223	45.304996
3295	2762	43.18211
3295	2770	42.84958
3295	785	41.651955
3295	2605	41.45667
3295	2599	41.275917
3295	2997	41.179047
3295	2688	39.822575
3295	3081	38.734074
3295	1127	37.750557
3296	2716	49.49946
3296	2762	47.843243
3296	2028	47.02518
3296	2571	46.70492
3296	785	45.518276
3296	110	45.412994
3296	1127	45.192825
3296	2599	44.429302
3296	480	44.334732
3296	457	44.314484
3297	318	57.881012
3297	1265	55.555946
3297	296	55.4318
3297	593	55.143394
3297	1393	53.740574
3297	1580	53.37344
3297	457	53.16332
3297	110	52.696117
3297	1	52.574665
3297	480	52.24255
3298	223	22.932287
3298	2770	20.97454
3298	2355	19.895094
3298	2694	19.838352
3298	785	19.685837
3298	2762	19.654842
3298	2502	19.59841
3298	2580	19.179403
3298	2716	19.037416
3298	2700	18.96642
3299	318	176.4648
3299	593	174.58655
3299	1213	174.23444
3299	1617	170.71675
3299	2395	160.67235
3299	2571	160.43695
3299	34	159.08333
3299	3108	154.18913
3299	1500	153.79817
3299	1580	153.33115
3300	1198	222.01286
3300	1036	211.03961
3300	1240	209.21101
3300	2194	207.519
3300	296	206.13968
3300	1213	205.03082
3300	541	203.81433
3300	1617	202.76033
3300	1265	201.49442
3300	1304	200.69669
3301	608	161.07785
3301	1247	129.97147
3301	1225	128.59004
3301	923	127.66739
3301	1358	125.50478
3301	1265	120.72108
3301	1095	119.752914
3301	2396	119.17041
3301	908	118.27008
3301	25	118.16936
3302	2997	50.087566
3302	2762	49.186996
3302	2355	48.671997
3302	2683	47.761356
3302	2571	46.925365
3302	2028	46.354485
3302	1196	45.271713
3302	589	45.071312
3302	593	44.466095
3302	2395	44.412853
3303	1196	15.68865
3303	260	15.297167
3303	1197	14.749246
3303	1270	14.527435
3303	1265	14.474998
3303	2858	14.422117
3303	1580	14.332217
3303	608	14.196695
3303	1210	14.145911
3303	1136	14.024481
3304	541	115.30581
3304	1240	111.42228
3304	1270	110.53405
3304	919	107.903175
3304	1136	107.60255
3304	750	107.14052
3304	1097	104.399704
3304	1213	104.39152
3304	1259	104.03159
3304	1210	103.46449
3305	296	75.64483
3305	589	71.471344
3305	2916	70.666176
3305	1617	70.090294
3305	1704	70.05794
3305	733	69.70364
3305	480	69.18543
3305	50	68.59375
3305	21	67.94615
3305	1370	67.74978
3306	858	47.351593
3306	608	45.98317
3306	1198	44.469887
3306	924	44.375042
3306	541	43.940674
3306	1214	43.315685
3306	1208	43.311165
3306	912	43.02527
3306	1221	42.570053
3306	919	41.64244
3307	2571	14.163255
3307	1210	13.2682
3307	2716	13.043009
3307	589	12.887543
3307	1196	12.752825
3307	480	12.555975
3307	1127	12.54343
3307	1240	12.532002
3307	2916	12.350481
3307	1580	12.2807865
3308	2985	302.21814
3308	2640	299.41635
3308	2641	298.2236
3308	1676	296.9487
3308	377	294.69327
3308	457	290.45337
3308	2699	273.09018
3308	1396	269.95685
3308	2405	267.53464
3308	1831	266.1548
3309	1291	177.13493
3309	1036	175.72789
3309	592	174.49722
3309	2797	173.6365
3309	2987	171.2099
3309	1527	170.45465
3309	457	168.94807
3309	2407	168.56639
3309	2028	167.9794
3309	2406	165.68576
3310	2396	44.921513
3310	2997	44.755054
3310	2762	44.292957
3310	1089	43.12377
3310	2289	42.84354
3310	34	42.803432
3310	858	42.707478
3310	36	42.628117
3310	1094	41.48544
3310	3418	41.40264
3311	457	302.72086
3311	2174	301.1415
3311	2115	297.49152
3311	110	293.53036
3311	2353	287.73874
3311	1517	279.88742
3311	21	275.88525
3311	2006	275.7054
3311	1722	275.21887
3311	1378	271.8859
3312	2916	302.63318
3312	457	297.84256
3312	2000	291.19705
3312	1610	279.74118
3312	1220	272.58777
3312	1617	270.16418
3312	2396	270.0199
3312	590	261.06433
3312	1370	256.26532
3312	1374	256.06345
3313	2916	262.25668
3313	858	261.12112
3313	1394	248.32672
3313	2968	244.21762
3313	919	243.73053
3313	1278	243.23131
3313	1206	240.68831
3313	1222	240.68549
3313	750	238.63283
3313	1221	237.25941
3314	1580	179.09311
3314	2985	176.49023
3314	1127	174.83598
3314	480	173.51254
3314	592	171.31668
3314	2028	169.55632
3314	2858	168.41241
3314	1259	167.55592
3314	2640	166.72072
3314	110	166.3806
3315	2028	143.96138
3315	2916	143.06004
3315	608	136.35493
3315	380	135.32932
3315	318	132.77335
3315	1210	131.34584
3315	50	131.2481
3315	1573	130.37878
3315	260	127.92187
3315	780	127.90992
3316	1214	34.573586
3316	1240	34.399605
3316	1291	34.18886
3316	1200	33.25421
3316	1270	32.607716
3316	858	32.150787
3316	592	32.08045
3316	1374	31.877018
3316	1036	31.76064
3316	2571	31.671745
3317	1580	97.476906
3317	480	95.908394
3317	1198	91.38353
3317	2985	90.75374
3317	1036	89.047035
3317	2640	86.73152
3317	1197	86.3365
3317	1291	86.18225
3317	780	86.03073
3317	1356	85.7716
3318	1252	53.088078
3318	919	48.126965
3318	1247	47.66999
3318	608	47.318954
3318	1221	46.91389
3318	1219	46.764687
3318	903	46.04009
3318	111	45.89632
3318	924	45.2745
3318	1267	45.19703
3319	1208	48.381336
3319	1247	47.90853
3319	1084	47.881912
3319	1252	46.02698
3319	1230	45.152107
3319	1952	45.02548
3319	1294	44.848785
3319	2130	44.607105
3319	1225	44.213486
3319	3359	43.931007
3320	1240	255.31062
3320	1036	253.24171
3320	260	249.5356
3320	1200	240.70174
3320	356	238.35982
3320	2985	232.70793
3320	1376	229.48956
3320	2640	228.34233
3320	2194	227.65189
3320	349	222.97087
3321	1221	55.538933
3321	1231	54.845715
3321	1079	54.65952
3321	1198	54.397213
3321	1294	53.862286
3321	1394	52.936337
3321	1136	52.898045
3321	1193	52.829937
3321	1247	52.659653
3321	1090	52.172523
3322	296	51.02051
3322	593	46.859642
3322	318	45.158497
3322	2858	44.452023
3322	2028	44.33526
3322	457	43.882633
3322	2571	42.92659
3322	589	42.31598
3322	1196	42.281258
3322	2762	42.172203
3323	2997	60.643475
3323	2396	59.679066
3323	2987	59.092373
3323	1270	58.63118
3323	1079	58.070847
3323	1265	57.24893
3323	2791	56.959114
3323	1196	56.712246
3323	2174	55.735252
3323	1197	55.596317
3324	1196	21.611317
3324	924	21.45585
3324	260	21.291918
3324	1206	20.388851
3324	1200	19.775755
3324	1240	19.4168
3324	858	18.892529
3324	2968	18.82925
3324	1198	18.76362
3324	1219	18.747227
3325	2858	8.023446
3325	2762	7.7417874
3325	3176	7.3886247
3325	2997	7.2672143
3325	3160	7.1002703
3325	2706	6.937042
3325	2599	6.819315
3325	527	6.8025823
3325	2683	6.756243
3325	608	6.726486
3326	608	19.477165
3326	589	18.76961
3326	1259	18.19839
3326	1617	18.098942
3326	1580	18.09677
3326	296	17.857037
3326	1196	17.662096
3326	858	17.635078
3326	2291	17.389282
3326	1213	17.194286
3327	1196	262.44458
3327	260	249.7979
3327	1210	245.11911
3327	1036	234.86046
3327	296	226.23923
3327	1374	222.44026
3327	2000	219.8139
3327	1356	217.91197
3327	21	217.11446
3327	2716	215.08842
3328	2321	101.982056
3328	1641	100.80343
3328	296	98.314476
3328	1777	98.282135
3328	3253	98.062874
3328	1	98.000084
3328	339	97.70864
3328	1500	96.44839
3328	2291	95.651215
3328	2858	95.579605
3329	1252	76.46574
3329	923	76.36118
3329	1617	76.08323
3329	1247	74.1905
3329	919	72.786545
3329	1219	71.42497
3329	750	71.09988
3329	1221	70.29311
3329	1213	70.132805
3329	1196	70.07309
3330	2858	11.051639
3330	1196	10.733919
3330	2716	9.923014
3330	2997	9.9148655
3330	2028	9.644113
3330	2762	9.58781
3330	593	9.522413
3330	457	9.249337
3330	110	9.146935
3330	589	9.120492
3331	593	93.123566
3331	2028	92.43453
3331	608	92.22358
3331	1	91.79178
3331	1580	91.06601
3331	2571	89.01967
3331	296	88.87974
3331	1210	88.52898
3331	377	87.73922
3331	1198	87.34539
3332	2770	44.710655
3332	2762	42.893898
3332	2712	42.56216
3332	2987	42.32541
3332	2502	41.576073
3332	2700	41.388176
3332	2605	40.827473
3332	2694	40.596607
3332	1513	40.012543
3332	3175	40.01128
3333	1196	93.622345
3333	1580	93.37951
3333	2571	91.92858
3333	480	91.63303
3333	589	91.450676
3333	1210	89.00711
3333	1240	88.25452
3333	2706	86.55373
3333	2858	85.56851
3333	1197	85.36959
3334	318	80.05795
3334	296	78.66444
3334	1265	75.4478
3334	527	73.41711
3334	1393	73.178825
3334	110	72.29128
3334	1617	72.14189
3334	1213	72.06361
3334	590	71.87927
3334	1580	71.34158
3335	1196	26.965172
3335	1265	26.28692
3335	1580	26.179396
3335	2571	25.411936
3335	1	25.198532
3335	1198	24.98706
3335	2174	24.584866
3335	2716	24.359394
3335	1291	24.119305
3335	480	24.076733
3336	1198	243.3502
3336	780	243.16344
3336	1036	237.50482
3336	1270	236.47191
3336	2000	231.45442
3336	1923	231.19191
3336	2762	229.05994
3336	592	227.90411
3336	527	226.61305
3336	1291	226.21564
3337	2683	50.03177
3337	2762	48.535156
3337	2355	46.160698
3337	785	44.575603
3337	2699	44.39853
3337	2396	44.007603
3337	2700	42.959145
3337	3174	41.12912
3337	2987	41.12182
3337	2571	40.99482
3338	1136	32.420414
3338	1079	31.843351
3338	3421	30.638723
3338	1394	30.44617
3338	1259	29.426474
3338	2797	29.356861
3338	3361	29.281221
3338	1265	29.193104
3338	1307	29.133717
3338	1197	29.085575
3339	1213	68.02609
3339	2028	66.40333
3339	1197	66.27298
3339	1198	65.573975
3339	1265	65.24339
3339	2174	63.360832
3339	1704	62.321934
3339	858	62.29951
3339	260	62.27563
3339	2762	62.27448
3340	2997	79.09862
3340	2571	75.03199
3340	457	73.04403
3340	589	72.55538
3340	2599	71.858
3340	1213	71.74345
3340	2987	69.96852
3340	480	69.37153
3340	223	68.94556
3340	356	67.985916
3341	593	89.939316
3341	1196	87.893364
3341	527	83.5403
3341	2571	82.15321
3341	589	79.888145
3341	1265	79.54611
3341	541	79.043915
3341	457	78.39971
3341	2599	78.2246
3341	1214	78.21638
3342	2694	28.959555
3342	1127	28.639355
3342	223	28.181705
3342	2770	27.975315
3342	785	26.567078
3342	2762	26.205687
3342	3081	25.761011
3342	3175	25.574682
3342	2712	25.16526
3342	2433	25.000738
3343	1580	25.93662
3343	1	25.320803
3343	2406	25.253902
3343	1196	25.212183
3343	780	24.988184
3343	1374	24.970963
3343	1210	24.597374
3343	592	24.592283
3343	1270	24.26113
3343	1291	24.059786
3344	1617	48.391582
3344	296	48.30743
3344	1213	47.95266
3344	527	46.982548
3344	1196	46.76937
3344	260	45.843044
3344	923	44.872486
3344	1198	44.185772
3344	1247	43.837074
3344	1225	43.364338
3345	457	88.67912
3345	1198	88.08451
3345	1610	87.86565
3345	589	86.63274
3345	480	86.45895
3345	1291	86.000435
3345	2571	85.772156
3345	260	85.50432
3345	1240	84.966675
3345	592	84.85015
3346	1208	116.896774
3346	1219	113.54114
3346	1225	112.43116
3346	1304	110.34712
3346	1214	108.67199
3346	903	108.1188
3346	593	106.32015
3346	1394	106.12655
3346	527	105.64262
3346	3362	105.06048
3347	2858	22.320284
3347	593	20.441822
3347	318	20.361628
3347	1704	19.920849
3347	2997	19.684343
3347	296	18.913221
3347	2396	18.420044
3347	2959	18.284584
3347	50	18.263617
3347	608	18.255886
3348	1196	31.622107
3348	260	30.542454
3348	1270	30.070072
3348	1198	29.839012
3348	2396	29.315985
3348	919	28.660221
3348	608	28.048416
3348	858	27.97501
3348	1307	27.747623
3348	1097	27.604952
3349	1580	116.46293
3349	1370	106.47632
3349	380	105.26556
3349	1240	103.42576
3349	648	103.277664
3349	1210	102.42345
3349	1036	102.07527
3349	3256	99.3664
3349	592	99.31841
3349	260	99.27254
3350	608	38.76967
3350	296	38.425095
3350	1641	35.988247
3350	593	35.902973
3350	1	35.775047
3350	50	35.42948
3350	318	35.037132
3350	2321	34.736916
3350	1213	34.624573
3350	1923	34.11719
3351	2683	16.946701
3351	2716	15.893589
3351	2997	14.804429
3351	2762	14.721791
3351	223	14.691876
3351	2028	14.4284525
3351	2710	14.283688
3351	110	14.268508
3351	2688	14.210324
3351	593	13.971579
3352	2517	52.81251
3352	1339	52.674812
3352	2459	51.846394
3352	1974	51.60928
3352	1991	51.0463
3352	1334	50.416008
3352	2513	49.10869
3352	2901	48.577347
3352	2148	48.547592
3352	1261	48.334164
3353	2916	205.35588
3353	457	200.71118
3353	1573	176.19269
3353	3256	174.06845
3353	2194	173.63509
3353	1270	169.64244
3353	474	167.42332
3353	1676	165.4236
3353	316	165.34628
3353	2001	162.49635
3354	1240	22.476528
3354	1200	22.210354
3354	2571	22.00108
3354	2916	20.389515
3354	1374	20.385536
3354	1270	19.670177
3354	1580	19.227701
3354	480	19.090374
3354	2985	18.907986
3354	1206	18.817263
3355	1196	23.42623
3355	608	21.73829
3355	1198	21.479664
3355	589	21.453167
3355	527	21.03685
3355	2571	21.03326
3355	1240	20.668505
3355	858	20.396276
3355	296	20.05714
3355	1210	19.780188
3356	858	147.74513
3356	608	146.69661
3356	1198	141.75592
3356	1200	141.15416
3356	1221	137.71231
3356	904	135.26852
3356	1136	135.2457
3356	1294	134.20267
3356	2529	132.9219
3356	1208	132.1929
3357	1265	38.572807
3357	1259	38.509617
3357	2716	38.382545
3357	1079	37.975327
3357	1968	37.527367
3357	1394	37.315025
3357	1197	36.893772
3357	2858	36.580353
3357	1663	36.316193
3357	296	36.01381
3358	296	143.90044
3358	1	143.7083
3358	2797	142.80403
3358	608	142.75336
3358	2028	137.88329
3358	527	136.34442
3358	1196	134.88904
3358	457	134.60774
3358	590	134.59508
3358	110	133.07219
3359	296	55.639523
3359	593	54.48499
3359	1213	53.58108
3359	2028	53.207066
3359	318	53.150993
3359	527	50.946243
3359	1198	50.698845
3359	457	50.364807
3359	589	50.34051
3359	2997	49.433037
3360	2396	29.179625
3360	1197	27.30104
3360	357	27.14524
3360	1617	25.978102
3360	2797	25.544945
3360	1270	25.528202
3360	1247	25.17425
3360	919	25.06153
3360	34	24.681871
3360	2100	24.643923
3361	457	136.45078
3361	1291	133.63895
3361	1200	129.38512
3361	1214	122.98178
3361	648	120.55954
3361	1387	118.93882
3361	1127	118.6048
3361	1220	118.37372
3361	1573	117.94011
3361	1356	117.42175
3362	39	45.11339
3362	2321	44.739452
3362	3253	42.84401
3362	1500	42.253803
3362	356	41.30474
3362	1641	41.18473
3362	1517	40.683567
3362	1784	40.21221
3362	223	39.56499
3362	2395	39.53786
3363	1641	123.93817
3363	1259	120.54063
3363	2291	120.346825
3363	1704	118.78734
3363	1500	118.525154
3363	587	116.85724
3363	1968	115.69509
3363	3253	115.47673
3363	2858	115.415245
3363	296	113.578384
3364	1183	50.612247
3364	1704	49.577026
3364	36	46.961308
3364	608	45.898212
3364	318	45.546112
3364	300	44.608555
3364	2396	44.091232
3364	337	43.529995
3364	2291	43.47883
3364	1393	43.294098
3365	2916	237.35344
3365	480	232.10526
3365	1198	227.27344
3365	2011	225.43204
3365	2406	216.8776
3365	1356	216.54018
3365	1291	214.73929
3365	1036	214.66628
3365	2797	214.41713
3365	1265	212.60358
3366	1240	21.999048
3366	260	21.554312
3366	1036	21.014843
3366	1214	19.98768
3366	2571	19.68964
3366	2000	19.63746
3366	1374	19.62636
3366	589	19.450943
3366	1197	19.217978
3366	2916	19.056536
3367	910	143.5408
3367	1230	139.3352
3367	919	136.81111
3367	969	132.36516
3367	922	132.21114
3367	913	131.76437
3367	858	130.85513
3367	750	130.26744
3367	1294	129.44763
3367	2130	127.90802
3368	2916	76.10297
3368	2028	72.89924
3368	1200	71.6876
3368	377	69.72838
3368	1127	66.60587
3368	1220	66.49449
3368	1370	66.48382
3368	1265	66.409744
3368	2406	66.40541
3368	380	66.16974
3369	1196	33.73453
3369	608	30.660454
3369	1214	29.891006
3369	593	29.554726
3369	1210	29.167675
3369	1197	28.676733
3369	527	28.63956
3369	1036	28.455753
3369	296	28.414782
3369	2858	28.072649
3370	1200	134.31203
3370	1270	133.25008
3370	1214	132.40495
3370	1291	131.70648
3370	592	127.57797
3370	2987	122.430214
3370	1127	119.8841
3370	1265	119.88256
3370	593	118.95512
3370	2716	117.23949
3371	912	223.89723
3371	318	217.79782
3371	1230	215.77547
3371	1394	214.28026
3371	541	213.15675
3371	2289	213.12737
3371	1259	205.15042
3371	1079	204.77011
3371	34	198.7446
3371	1197	198.03505
3372	903	19.83469
3372	1252	18.812057
3372	908	18.446575
3372	912	17.880264
3372	1219	17.638197
3372	541	17.171751
3372	919	16.648945
3372	1196	16.520485
3372	1247	16.321157
3372	1267	16.29201
3373	2571	28.087854
3373	457	27.816692
3373	2916	27.634356
3373	1610	26.904503
3373	1580	25.947441
3373	1240	25.840229
3373	2028	25.721964
3373	1196	25.535053
3373	1036	25.242928
3373	1370	25.172297
3374	1196	73.39494
3374	1617	72.95737
3374	858	72.690346
3374	2858	71.56261
3374	260	70.00588
3374	527	69.728516
3374	1197	69.366005
3374	318	69.35133
3374	1294	68.4549
3374	1265	68.1402
3375	1196	18.993216
3375	1036	17.823029
3375	2028	17.683794
3375	2571	17.65012
3375	1240	17.61142
3375	457	17.423649
3375	589	17.419058
3375	260	17.393589
3375	110	17.362547
3375	1197	17.341888
3376	1196	14.869774
3376	2028	13.5400095
3376	608	13.531301
3376	2571	13.343641
3376	1198	13.314045
3376	589	12.985111
3376	593	12.904699
3376	1617	12.654261
3376	318	12.62476
3376	1270	12.617288
3377	457	113.30789
3377	589	109.13891
3377	480	105.02776
3377	1580	103.27113
3377	1527	102.437225
3377	2058	101.70429
3377	2278	101.44751
3377	1240	101.2112
3377	1552	101.157295
3377	780	99.48253
3378	2797	131.74571
3378	1291	131.62268
3378	457	131.03688
3378	2174	130.9472
3378	2028	130.35295
3378	1374	130.28355
3378	110	129.58034
3378	1036	128.55829
3378	32	128.29889
3378	2000	128.28687
3379	2716	22.234089
3379	2762	21.870337
3379	2683	21.53463
3379	2396	21.332
3379	223	21.095617
3379	2706	20.998613
3379	2355	20.078056
3379	2336	19.455397
3379	3176	19.436447
3379	2395	19.157059
3380	608	257.18613
3380	1221	233.22137
3380	1213	226.71753
3380	1198	224.93204
3380	296	224.31808
3380	1394	223.64919
3380	1207	217.13744
3380	318	215.59479
3380	1278	214.0438
3380	1952	213.29192
3381	1	7.7942095
3381	2858	7.6666365
3381	318	7.371946
3381	1265	7.339222
3381	2396	7.311224
3381	593	7.2317266
3381	2762	7.141686
3381	527	7.127743
3381	2028	7.0949564
3381	34	7.0215764
3382	1265	31.738104
3382	1923	29.607506
3382	2321	29.289814
3382	39	28.944933
3382	2858	28.73719
3382	1500	27.097328
3382	34	26.627375
3382	1270	26.598644
3382	2571	26.345398
3382	2028	26.154163
3383	1196	25.531685
3383	858	24.976822
3383	2858	24.667147
3383	296	24.589176
3383	1617	24.311037
3383	593	24.14329
3383	1197	23.947906
3383	1265	23.88026
3383	1213	23.855682
3383	527	23.608633
3384	1196	62.84182
3384	260	60.896225
3384	2791	60.681385
3384	1240	58.352116
3384	1198	57.68559
3384	1197	57.65203
3384	1580	57.54843
3384	1220	56.804924
3384	2716	56.720966
3384	110	55.68877
3385	1196	23.542576
3385	1291	22.394426
3385	1198	22.331697
3385	260	22.069618
3385	592	21.90861
3385	1210	21.725378
3385	1270	21.383516
3385	1036	21.098093
3385	1580	20.987421
3385	1	20.800169
3386	2716	92.46513
3386	296	86.27878
3386	2028	85.80057
3386	608	85.7866
3386	2395	83.33491
3386	1	82.778465
3386	2571	82.38151
3386	1617	80.958885
3386	2355	80.41241
3386	1197	80.08639
3387	318	82.99247
3387	1265	77.348854
3387	527	76.36589
3387	1704	75.05602
3387	1196	74.31596
3387	32	73.15898
3387	377	72.98878
3387	3418	72.51001
3387	110	72.50716
3387	21	72.503975
3388	1	13.12479
3388	318	12.120426
3388	1270	11.910116
3388	2797	11.7395935
3388	2000	11.638599
3388	2396	11.561493
3388	2174	11.557687
3388	1307	11.499017
3388	1291	11.475756
3388	1265	11.355055
3389	2916	269.52948
3389	260	265.52213
3389	1210	263.86603
3389	1036	262.03867
3389	1270	257.13858
3389	1291	256.53418
3389	592	254.90927
3389	608	247.50789
3389	1259	239.21254
3389	2985	238.03455
3390	111	97.39195
3390	923	94.874214
3390	1231	94.7771
3390	2020	93.41505
3390	1230	92.42015
3390	1299	91.576775
3390	1228	91.49385
3390	1957	91.08452
3390	1252	90.566925
3390	2243	90.54843
3391	1259	490.86823
3391	589	477.98526
3391	377	463.46713
3391	2791	458.62646
3391	1200	454.33328
3391	1968	453.241
3391	380	451.36914
3391	39	451.1927
3391	3253	446.72592
3391	1641	440.73328
3392	2858	13.2239275
3392	318	12.739877
3392	593	12.707875
3392	2762	12.70668
3392	2028	12.628034
3392	296	12.178824
3392	2571	12.124076
3392	1704	12.122254
3392	457	12.06073
3392	110	12.028008
3393	1304	155.06131
3393	2000	153.42
3393	924	151.4769
3393	480	150.01828
3393	2640	148.61278
3393	1270	148.0956
3393	2571	147.98323
3393	750	145.99167
3393	2985	145.32706
3393	2529	145.2042
3394	541	188.89503
3394	919	186.5447
3394	912	186.04034
3394	1294	185.0996
3394	1200	180.94762
3394	50	175.93019
3394	1270	173.11401
3394	2858	172.41658
3394	1276	172.06915
3394	1225	169.4845
3395	223	37.363827
3395	2355	34.212643
3395	785	32.917862
3395	2762	31.588455
3395	2712	31.391775
3395	2502	31.070929
3395	1196	31.033432
3395	2571	30.906397
3395	2395	30.823828
3395	2396	30.72667
3396	1198	16.03693
3396	1240	15.89963
3396	1200	15.5075655
3396	1214	15.489536
3396	2571	15.385031
3396	1197	15.205032
3396	541	15.112061
3396	589	14.743375
3396	1291	14.233754
3396	1036	14.214508
3397	1270	22.038788
3397	2028	21.950241
3397	1210	21.762106
3397	318	21.48538
3397	593	21.420774
3397	296	21.17606
3397	1240	21.169096
3397	527	21.144794
3397	1097	20.791107
3397	2571	20.775085
3398	608	38.937447
3398	296	36.855797
3398	2858	35.755238
3398	318	35.552452
3398	1617	34.30953
3398	527	34.214836
3398	2997	33.856846
3398	50	32.668766
3398	1358	32.52288
3398	1265	32.4877
3399	457	124.27933
3399	480	123.35629
3399	1196	121.28939
3399	1240	119.8504
3399	1291	116.00125
3399	592	115.201935
3399	1573	114.10019
3399	110	113.97196
3399	648	112.22076
3399	3256	111.257645
3400	592	187.0109
3400	110	176.7826
3400	1127	171.31631
3400	1197	166.71071
3400	10	158.28316
3400	1270	157.8422
3400	1608	157.44403
3400	1129	156.65561
3400	2105	155.22804
3400	1917	153.14651
3401	1222	314.94385
3401	858	295.17337
3401	1242	291.88458
3401	380	289.27106
3401	1573	284.3102
3401	590	282.48737
3401	316	280.4253
3401	21	277.8441
3401	648	277.58575
3401	593	276.46106
3402	912	173.39523
3402	919	163.1533
3402	904	163.02626
3402	1208	162.85602
3402	3363	158.05893
3402	903	156.36014
3402	2300	156.154
3402	1617	155.86172
3402	1267	155.13219
3402	1234	154.06311
3403	1198	158.896
3403	608	156.55338
3403	480	150.23
3403	296	149.18204
3403	1210	148.65985
3403	593	148.21173
3403	1617	146.17279
3403	1200	145.42844
3403	1214	144.70488
3403	2000	144.43394
3404	1580	18.131874
3404	2916	17.06327
3404	589	16.768261
3404	2571	16.682373
3404	316	15.983311
3404	780	15.928261
3404	1196	15.6647835
3404	733	15.625216
3404	457	15.622513
3404	648	15.285891
3405	1196	23.48501
3405	608	23.04484
3405	296	22.65249
3405	593	22.46895
3405	318	21.869192
3405	858	21.68885
3405	1270	21.582842
3405	527	21.35257
3405	1617	21.20617
3405	1213	21.136925
3406	608	30.545176
3406	296	29.125505
3406	527	28.656134
3406	1197	28.461098
3406	260	28.362164
3406	2028	27.929777
3406	2858	27.873829
3406	1265	27.840559
3406	2918	27.607958
3406	1394	27.288593
3407	1196	13.817521
3407	2858	13.576309
3407	1197	13.241831
3407	1580	13.094027
3407	2571	13.076256
3407	1270	12.914237
3407	1210	12.83159
3407	2028	12.827135
3407	1198	12.686705
3407	589	12.588692
3408	2000	89.17163
3408	457	88.54486
3408	480	88.49205
3408	541	88.36852
3408	1374	86.73023
3408	1610	86.65041
3408	2916	86.58603
3408	1580	86.52033
3408	592	85.970436
3408	608	85.6023
3409	457	41.59713
3409	1610	39.482346
3409	2916	38.76793
3409	608	37.48324
3409	296	37.367058
3409	2028	37.31295
3409	480	36.71872
3409	1580	36.47175
3409	1196	36.207466
3409	1370	36.090473
3410	1197	294.7836
3410	1580	286.9857
3410	1259	281.07404
3410	318	277.63538
3410	2997	273.2775
3410	2716	272.7909
3410	480	272.3767
3410	1036	269.155
3410	1079	264.95248
3410	2791	261.6524
3411	2028	154.10764
3411	296	145.5713
3411	2000	143.87498
3411	1	141.47264
3411	32	140.43533
3411	2628	139.3813
3411	1617	138.6674
3411	1097	138.37953
3411	2987	136.66022
3411	1387	135.87851
3412	480	191.4825
3412	377	188.21198
3412	2858	180.66498
3412	608	180.30994
3412	2353	173.65367
3412	1240	169.8749
3412	1617	169.77174
3412	1210	167.89047
3412	1036	167.44984
3412	1396	162.73099
3413	1196	81.55531
3413	1213	81.11994
3413	50	77.401505
3413	2396	76.76341
3413	260	75.551506
3413	1198	75.22437
3413	919	73.33154
3413	1136	73.03575
3413	2762	72.934456
3413	912	72.68643
3414	3256	241.80244
3414	2641	233.12129
3414	2094	229.01543
3414	1220	224.1778
3414	292	219.19421
3414	21	217.98659
3414	2529	216.75836
3414	2058	212.92421
3414	2054	209.54576
3414	1222	209.42052
3415	1580	125.07621
3415	2571	119.59361
3415	2028	119.26784
3415	608	117.89907
3415	480	116.4464
3415	318	115.581985
3415	377	112.46616
3415	1500	110.8925
3415	39	110.764
3415	380	109.44657
3416	457	254.68053
3416	377	254.18007
3416	1917	241.37592
3416	1036	230.92934
3416	1291	227.89268
3416	1197	227.17683
3416	592	225.97136
3416	1552	225.01357
3416	3256	224.35034
3416	349	223.7713
3417	1230	49.547268
3417	910	48.499146
3417	1288	47.251427
3417	1267	46.492607
3417	1079	46.115883
3417	1080	45.775967
3417	2300	45.543446
3417	1617	45.508564
3417	908	44.719715
3417	1244	43.83036
3418	2858	129.07344
3418	2321	120.13505
3418	1704	119.00153
3418	1923	117.48928
3418	32	115.19705
3418	1784	114.79113
3418	527	114.19485
3418	223	113.962326
3418	356	112.922325
3418	2289	112.076836
3419	1270	90.76515
3419	1197	90.51798
3419	1240	90.43264
3419	1210	89.94349
3419	2000	88.816315
3419	1036	87.89978
3419	2571	86.499596
3419	589	86.160835
3419	457	85.47643
3419	2174	85.35362
3420	593	156.47511
3420	527	151.50078
3420	2291	150.5523
3420	39	150.27885
3420	2997	141.49588
3420	1	141.39479
3420	2762	140.95961
3420	356	140.08218
3420	34	139.35399
3420	150	137.38133
3421	260	15.1359415
3421	1196	14.665067
3421	1214	14.627246
3421	1617	14.499095
3421	1270	14.351006
3421	2858	14.251356
3421	919	13.870859
3421	1198	13.783158
3421	541	13.766762
3421	1225	13.563835
3422	1198	189.11754
3422	1240	187.57637
3422	1220	182.24178
3422	1	181.68056
3422	1291	180.27946
3422	2716	179.72935
3422	2406	177.99364
3422	2791	172.27576
3422	2987	169.50267
3422	1097	168.49628
3423	1580	211.13585
3423	1200	203.44319
3423	1291	189.88792
3423	1036	189.85223
3423	592	188.46066
3423	2174	186.25323
3423	457	186.2514
3423	1127	183.68204
3423	32	183.30898
3423	1	183.12138
3424	457	61.56126
3424	2571	61.19018
3424	110	59.54166
3424	608	59.334366
3424	1196	59.29656
3424	1265	58.90817
3424	296	58.793865
3424	1580	58.01985
3424	2858	56.82768
3424	377	56.495556
3425	21	269.66232
3425	480	266.41837
3425	1	258.9309
3425	2396	256.1911
3425	32	254.82895
3425	1210	254.41023
3425	1200	248.15694
3425	1704	246.20395
3425	1220	242.89857
3425	34	237.38408
3426	541	77.49973
3426	260	75.616776
3426	2571	75.19776
3426	858	75.168304
3426	296	74.14745
3426	1213	73.3845
3426	1198	71.84315
3426	1221	70.84434
3426	1387	70.52532
3426	480	67.93722
3427	1196	34.099953
3427	260	32.28373
3427	1214	32.167755
3427	1198	32.130005
3427	296	31.8921
3427	858	31.672054
3427	589	31.506868
3427	2571	30.756289
3427	2028	30.046412
3427	1213	30.04626
3428	608	124.04078
3428	318	120.76285
3428	593	115.22375
3428	1617	113.44469
3428	296	112.53426
3428	2858	109.874245
3428	1213	109.46949
3428	1097	108.173485
3428	1259	107.54472
3428	34	107.23909
3429	608	20.07429
3429	296	19.558447
3429	1213	18.358671
3429	593	18.268686
3429	2395	18.211992
3429	50	17.728428
3429	1617	17.59211
3429	2396	17.511122
3429	318	17.472857
3429	1265	17.278713
3430	1265	183.79268
3430	1094	171.9303
3430	34	170.66022
3430	1198	167.36375
3430	2291	165.48976
3430	1270	165.28401
3430	457	163.98761
3430	1197	162.80145
3430	1307	161.92337
3430	1079	161.80167
3431	1240	58.222008
3431	1291	57.601685
3431	589	57.14071
3431	1580	55.342434
3431	1200	55.16629
3431	2000	53.223915
3431	110	52.36785
3431	1197	51.170063
3431	2985	50.80078
3431	377	50.72509
3432	480	81.56733
3432	1200	75.87677
3432	377	75.68725
3432	1610	75.191925
3432	2028	74.74725
3432	110	74.54923
3432	780	74.035385
3432	733	73.68657
3432	1	72.968155
3432	1370	72.36982
3433	1196	43.636566
3433	1580	43.37224
3433	589	41.62928
3433	480	40.805637
3433	2916	40.61535
3433	1240	40.101093
3433	1	40.083527
3433	1198	39.517143
3433	1265	39.198936
3433	1200	38.898983
3434	1610	122.672806
3434	1240	119.03577
3434	1291	114.61122
3434	1200	114.170166
3434	592	113.757195
3434	2985	112.80193
3434	1036	112.57563
3434	10	112.24955
3434	1198	111.54886
3434	1391	111.13617
3435	858	91.70229
3435	608	91.2701
3435	1097	90.79293
3435	1580	89.92103
3435	1240	89.61399
3435	2797	89.50562
3435	1079	89.44917
3435	2028	89.36885
3435	1	88.362816
3435	1036	87.57315
3436	2028	110.62844
3436	2916	106.912254
3436	480	106.74848
3436	1580	105.04515
3436	858	103.80302
3436	1036	103.131645
3436	457	100.3754
3436	1270	100.266396
3436	1610	97.6771
3436	1387	97.284
3437	1265	44.86501
3437	1079	43.084442
3437	1394	42.08263
3437	2174	41.498276
3437	2797	40.982986
3437	1307	40.940575
3437	2791	40.9365
3437	2716	39.849907
3437	1259	39.614727
3437	2396	39.376072
3438	2321	50.949062
3438	39	50.552525
3438	2599	48.453823
3438	1517	47.855087
3438	296	47.336826
3438	21	46.920876
3438	608	46.492783
3438	2571	46.17939
3438	1060	46.144695
3438	34	44.902622
3439	1197	74.8105
3439	260	74.43028
3439	592	72.377365
3439	1580	71.476944
3439	589	70.89704
3439	2571	70.87329
3439	480	69.13065
3439	1220	68.310486
3439	2916	68.30405
3439	1214	67.48262
3440	608	21.252651
3440	296	19.743742
3440	2858	19.593424
3440	2571	19.368792
3440	527	19.292332
3440	1196	19.063576
3440	457	18.817472
3440	110	18.738863
3440	589	18.408972
3440	2762	18.12701
3441	1580	121.03627
3441	110	119.45525
3441	356	117.5586
3441	733	116.070274
3441	2762	112.95078
3441	593	110.11277
3441	318	106.07049
3441	1196	105.76175
3441	1704	103.92637
3441	1784	103.54312
3442	1210	116.23248
3442	2640	109.80045
3442	1372	109.0327
3442	1127	108.86001
3442	316	108.21358
3442	1097	106.58302
3442	1198	104.27923
3442	2529	103.61389
3442	1396	102.11859
3442	1291	100.875534
3443	1240	20.727097
3443	2571	18.861115
3443	1198	18.4122
3443	2916	17.508041
3443	1374	17.16964
3443	1580	17.16413
3443	1036	17.157995
3443	480	17.123793
3443	1197	17.069502
3443	1097	16.877808
3444	1617	55.30095
3444	1265	51.414654
3444	858	49.864586
3444	2858	49.57476
3444	1094	48.738308
3444	235	48.456017
3444	2997	48.199234
3444	296	48.18449
3444	1294	47.945297
3444	34	47.874157
3445	1214	89.67711
3445	750	87.881165
3445	1240	87.29992
3445	608	85.03998
3445	296	79.77542
3445	1198	79.59191
3445	1197	78.95783
3445	858	77.77364
3445	480	77.48412
3445	593	77.32074
3446	1196	25.947405
3446	1994	25.30879
3446	1345	25.262447
3446	1200	25.192049
3446	1278	24.800442
3446	1240	24.586151
3446	1198	24.31646
3446	2455	24.092146
3446	1350	23.382572
3446	541	23.329527
3447	589	64.34352
3447	1265	63.076584
3447	1240	62.174168
3447	1580	62.110706
3447	1197	61.349392
3447	2916	61.016304
3447	2028	60.945034
3447	480	60.42185
3447	2997	60.384956
3447	593	60.290928
3448	1580	15.649696
3448	1610	15.162309
3448	2571	15.064399
3448	380	15.034824
3448	457	15.013334
3448	2916	14.662699
3448	110	14.661592
3448	1196	14.428841
3448	377	14.286367
3448	2353	14.226886
3449	1196	55.05827
3449	1617	49.902893
3449	1197	48.494274
3449	296	47.992413
3449	541	47.58562
3449	1240	47.311176
3449	1387	46.31655
3449	1213	46.23233
3449	919	46.207
3449	318	46.11532
3450	296	136.62872
3450	593	130.62021
3450	2028	129.67056
3450	1265	126.75804
3450	50	125.47955
3450	2571	123.98557
3450	1617	122.88755
3450	377	119.58132
3450	47	118.90415
3450	527	118.7549
3451	1265	45.35803
3451	1641	45.068718
3451	1500	45.06045
3451	2321	44.57239
3451	2599	43.864983
3451	2858	43.59469
3451	235	43.515266
3451	1060	42.91176
3451	296	42.03101
3451	608	41.99971
3452	296	71.83064
3452	2028	68.69682
3452	1198	68.18147
3452	2762	67.26187
3452	858	67.05202
3452	260	66.54474
3452	1259	65.8479
3452	1197	65.01287
3452	1270	64.99206
3452	457	64.09615
3453	589	173.82034
3453	858	173.6877
3453	1197	167.43547
3453	1580	167.39409
3453	296	167.01373
3453	1214	166.85695
3453	1291	166.3759
3453	1200	166.18213
3453	1265	161.21426
3453	592	159.26968
3454	457	201.34137
3454	380	187.94171
3454	733	184.83153
3454	608	184.78845
3454	21	177.54161
3454	2268	176.21396
3454	648	175.37007
3454	1370	173.73564
3454	32	173.04283
3454	527	172.78178
3455	1265	18.083874
3455	2174	16.943596
3455	1079	16.93854
3455	2791	16.920319
3455	296	16.675583
3455	2918	16.55652
3455	1259	16.491394
3455	1	16.46701
3455	1288	16.411392
3455	608	16.047892
3456	1527	54.814255
3456	316	53.81604
3456	1196	52.590233
3456	1240	52.01843
3456	1374	50.97004
3456	260	50.720272
3456	2393	49.974174
3456	1200	49.762653
3456	1573	49.647514
3456	1376	48.138165
3457	318	93.41059
3457	1704	89.59782
3457	50	88.79148
3457	1500	83.997475
3457	1089	83.38092
3457	2762	83.28201
3457	457	82.41926
3457	2571	82.30226
3457	1	81.287415
3457	1358	81.20971
3458	1265	101.811874
3458	588	92.06884
3458	2858	90.18015
3458	1580	87.94726
3458	318	87.830826
3458	357	86.85709
3458	356	86.57494
3458	2997	84.74506
3458	1704	84.477585
3458	1500	84.2695
3459	1196	26.353064
3459	260	25.631565
3459	2571	23.848108
3459	589	23.827742
3459	1580	23.510881
3459	2916	22.70971
3459	1214	22.505827
3459	1270	22.40003
3459	1200	22.256596
3459	1291	22.192455
3460	111	55.619022
3460	50	53.63867
3460	318	53.537384
3460	593	53.321053
3460	1193	51.36613
3460	2858	51.232597
3460	923	51.05321
3460	1252	50.983833
3460	2289	50.103577
3460	1179	49.247852
3461	1196	39.852
3461	1240	38.658886
3461	1036	38.25223
3461	1387	37.731045
3461	1200	37.152607
3461	1291	35.803123
3461	2000	34.912388
3461	2194	34.883633
3461	1954	34.771957
3461	2571	34.686527
3462	1265	307.13635
3462	2716	277.449
3462	110	276.25452
3462	1617	266.85452
3462	1610	264.14148
3462	34	260.15048
3462	2000	260.0971
3462	1036	258.28506
3462	1097	257.78604
3462	1240	257.62646
3463	1196	24.403917
3463	1265	24.063503
3463	2858	23.272907
3463	1198	23.085075
3463	2918	22.88795
3463	260	22.694847
3463	2797	22.648876
3463	2174	22.620735
3463	2716	22.568373
3463	296	22.548948
3464	110	192.20924
3464	1580	187.00554
3464	480	183.59924
3464	527	183.45349
3464	21	181.66473
3464	1682	180.64255
3464	733	178.58385
3464	1784	176.70822
3464	1573	174.05037
3464	1196	172.96356
3465	1198	50.425316
3465	1210	49.816193
3465	589	47.3671
3465	1580	46.089783
3465	480	45.684475
3465	1270	45.418636
3465	1036	44.889744
3465	2000	44.6012
3465	1097	44.444553
3465	2987	43.91152
3466	858	32.967724
3466	318	32.16302
3466	2028	31.066505
3466	1617	31.041632
3466	1196	30.931545
3466	50	30.642902
3466	527	30.50763
3466	1198	28.967787
3466	260	28.689692
3466	1265	28.280113
3467	1196	39.75587
3467	1198	36.666874
3467	1617	36.647785
3467	296	35.98981
3467	593	35.921448
3467	858	35.037846
3467	2571	34.489967
3467	1270	34.403366
3467	1197	34.365627
3467	1136	34.344936
3468	1252	46.429455
3468	111	41.6471
3468	903	40.759804
3468	1247	40.43572
3468	1230	39.931854
3468	608	39.136875
3468	919	39.12522
3468	924	38.95559
3468	910	38.45317
3468	1945	38.35372
3469	2797	260.8921
3469	1097	260.43774
3469	2054	243.7916
3469	1073	242.37358
3469	21	240.54376
3469	1954	240.46602
3469	541	239.68594
3469	1573	238.71233
3469	2105	237.24203
3469	2529	236.7529
3470	1196	66.13787
3470	2571	64.59918
3470	1580	64.270515
3470	296	63.10897
3470	260	62.422527
3470	1617	62.088245
3470	589	61.63964
3470	1198	61.139214
3470	1210	60.6442
3470	318	60.34795
3471	110	359.89914
3471	1270	349.23264
3471	1	341.8446
3471	21	338.41714
3471	6	312.18546
3471	1079	308.286
3471	1517	307.82526
3471	474	307.5604
3471	1214	306.01227
3471	2353	304.6095
3472	1198	48.142147
3472	1270	44.738068
3472	1214	43.72193
3472	1240	43.30522
3472	1097	42.22848
3472	2028	42.143047
3472	1036	42.101177
3472	1200	42.00854
3472	318	41.943455
3472	296	41.53674
3473	1265	100.84813
3473	318	92.740364
3473	608	92.30675
3473	39	91.566826
3473	377	90.358734
3473	527	90.082664
3473	2028	89.19476
3473	1094	88.35794
3473	296	88.09839
3473	2858	86.71438
3474	608	121.88634
3474	912	114.14722
3474	919	108.43247
3474	904	108.19851
3474	1196	105.8304
3474	260	104.68502
3474	1213	104.59094
3474	1247	104.22412
3474	50	104.042984
3474	1136	103.23555
3475	457	266.89114
3475	2396	266.5924
3475	1198	265.86768
3475	1270	262.5943
3475	1079	260.1555
3475	1094	259.42422
3475	2291	256.86057
3475	3418	255.22342
3475	39	249.22093
3475	2000	248.31064
3476	2000	215.48946
3476	1240	213.69084
3476	608	213.1575
3476	1270	212.48334
3476	924	212.29208
3476	592	209.26869
3476	1617	208.45131
3476	750	205.33284
3476	2797	205.01398
3476	527	204.85854
3477	357	65.14516
3477	2858	61.947254
3477	608	60.628178
3477	11	59.26251
3477	34	58.75537
3477	527	57.461514
3477	1307	57.17535
3477	1	57.058193
3477	318	56.38693
3477	1784	56.268707
3478	1247	40.383987
3478	1084	35.64478
3478	904	35.17922
3478	1945	35.002808
3478	969	34.172337
3478	898	34.04854
3478	899	33.648643
3478	1250	33.546574
3478	1225	33.54378
3478	909	33.198807
3479	608	58.92942
3479	2997	58.657932
3479	260	58.27757
3479	1265	56.457306
3479	2987	56.136925
3479	2571	56.0296
3479	1270	55.52285
3479	1580	55.340332
3479	1210	55.31508
3479	2028	55.01823
3480	1240	41.4443
3480	1580	40.284615
3480	2916	39.806694
3480	2640	39.80482
3480	1200	39.586918
3480	480	39.57773
3480	2571	39.22911
3480	589	38.721306
3480	1270	38.202816
3480	2985	38.144733
3481	296	106.026535
3481	1617	103.74818
3481	2858	102.652985
3481	1213	101.08226
3481	1136	95.706245
3481	1270	95.55535
3481	541	94.49001
3481	2997	94.45798
3481	1259	94.33159
3481	1214	93.83207
3482	2916	66.56528
3482	480	64.489426
3482	1374	62.676426
3482	1198	62.45384
3482	2985	60.931656
3482	32	60.17579
3482	1036	59.266
3482	2028	58.710308
3482	1197	58.60248
3482	2640	58.45254
3483	592	357.71094
3483	1197	343.53342
3483	2406	325.9031
3483	648	320.47684
3483	1259	316.4126
3483	2987	311.09848
3483	32	305.71436
3483	2001	303.45386
3483	1608	301.08035
3483	1396	293.2223
3484	2916	114.84552
3484	1198	110.367676
3484	1374	106.692085
3484	1265	106.22979
3484	2028	103.35757
3484	32	103.12598
3484	1127	101.94067
3484	457	101.87495
3484	2000	101.72686
3484	1291	101.67144
3485	858	33.672745
3485	1196	31.149748
3485	919	30.911118
3485	1198	29.767431
3485	608	29.656208
3485	923	28.803118
3485	1225	28.5864
3485	1247	28.51899
3485	1208	28.39296
3485	527	28.104753
3486	594	75.11108
3486	1073	62.266727
3486	2987	60.748783
3486	2085	59.373627
3486	1197	58.68518
3486	1270	58.43567
3486	596	58.325565
3486	2174	58.142067
3486	1196	56.349667
3486	2797	56.022076
3487	318	173.94586
3487	50	171.99286
3487	1196	165.53065
3487	2396	159.68808
3487	2028	158.39026
3487	2289	158.29411
3487	1221	157.86163
3487	1265	155.48242
3487	1394	155.39482
3487	1089	154.80084
3488	2916	13.123435
3488	1580	13.022224
3488	589	12.980747
3488	480	12.892973
3488	1356	12.664771
3488	780	12.480842
3488	260	12.370342
3488	1196	12.197349
3488	2628	12.0702
3488	1210	11.93637
3489	1079	60.28043
3489	1220	56.63118
3489	1196	56.625603
3489	1968	56.571514
3489	2144	56.20957
3489	2915	54.113846
3489	1265	53.715073
3489	2804	53.448673
3489	1198	53.38748
3489	1285	53.289932
3490	912	140.44023
3490	1197	139.64731
3490	593	136.39508
3490	1270	134.25415
3490	1213	132.8373
3490	50	132.52512
3490	1247	132.35056
3490	1221	131.5488
3490	318	127.591385
3490	2987	126.36553
3491	2916	313.00833
3491	2174	311.74847
3491	296	309.52438
3491	457	309.20993
3491	1197	309.17
3491	1394	292.42575
3491	2194	287.87476
3491	32	284.51743
3491	2804	281.79538
3491	527	276.60693
3492	2396	30.462135
3492	2997	29.273163
3492	1394	28.528616
3492	1197	28.14455
3492	1136	27.915548
3492	1230	27.640388
3492	608	27.632044
3492	2716	26.846256
3492	2918	26.730103
3492	1617	26.514889
3493	2571	118.37953
3493	1197	118.15031
3493	858	115.54445
3493	1270	115.05538
3493	2640	112.71027
3493	2985	111.42722
3493	1954	109.792755
3493	1221	106.329636
3493	1097	106.03153
3493	1259	105.57823
3494	2716	22.345875
3494	2762	21.270844
3494	2599	21.231144
3494	2710	20.872667
3494	2770	19.976955
3494	1127	19.860596
3494	2028	19.732904
3494	785	18.967003
3494	2571	18.82483
3494	2694	18.793884
3495	2997	8.401052
3495	2571	7.579767
3495	1196	7.5650244
3495	593	7.5447865
3495	608	7.5081573
3495	223	7.4439735
3495	589	7.4142327
3495	2028	7.367729
3495	2959	7.3376684
3495	2599	7.321632
3496	1265	20.625952
3496	1	20.462467
3496	608	19.38228
3496	2396	19.30356
3496	296	19.190954
3496	1580	18.885294
3496	1923	18.884138
3496	1196	18.699268
3496	593	18.502068
3496	2571	18.464922
3497	2858	50.994564
3497	2599	48.827747
3497	2959	46.92538
3497	2716	45.559563
3497	2710	44.871105
3497	2683	44.697292
3497	223	44.495834
3497	2706	43.4846
3497	2987	42.895096
3497	2770	42.637455
3498	296	88.248665
3498	50	83.71911
3498	1265	83.106415
3498	2028	82.05225
3498	2858	81.099525
3498	1617	79.10689
3498	2571	78.801476
3498	110	78.438156
3498	1500	77.28003
3498	1089	76.85469
3499	377	249.62445
3499	733	248.42122
3499	1370	244.24399
3499	260	236.35155
3499	1552	219.70546
3499	1270	214.3615
3499	1917	214.12938
3499	1214	212.95139
3499	1876	211.59084
3499	2058	208.5497
3500	1270	42.397984
3500	1210	41.900146
3500	1240	41.847725
3500	1197	41.515305
3500	1200	40.545837
3500	589	40.51166
3500	2571	40.4638
3500	480	40.056988
3500	1291	39.910336
3500	1580	39.799515
3501	1617	131.9352
3501	593	125.95883
3501	1265	120.456245
3501	2028	107.35161
3501	858	104.165634
3501	1252	103.51545
3501	1500	102.42795
3501	2324	102.34978
3501	2890	102.25605
3501	111	101.58578
3502	608	32.11271
3502	1265	31.97253
3502	593	29.911644
3502	318	29.661245
3502	1617	29.583282
3502	2396	29.376936
3502	1213	28.634855
3502	1196	28.301285
3502	1270	28.282915
3502	1394	28.205494
3503	2174	301.5401
3503	1265	292.63135
3503	608	292.57755
3503	1374	290.0297
3503	318	271.51712
3503	1376	262.49265
3503	1527	260.52386
3503	1356	258.53656
3503	21	257.5928
3503	2762	257.22003
3504	593	106.793
3504	1617	100.33335
3504	1265	99.841064
3504	457	99.77076
3504	110	96.473595
3504	1213	95.72553
3504	2997	95.568794
3504	47	93.94523
3504	589	93.13186
3504	1393	92.634705
3505	608	52.345287
3505	750	47.51696
3505	50	46.984478
3505	1213	46.42633
3505	1196	46.005558
3505	593	45.93372
3505	296	45.767918
3505	2858	45.01381
3505	904	44.547905
3505	919	44.43663
3506	608	62.60907
3506	1240	59.48551
3506	593	59.412437
3506	480	58.990906
3506	1210	58.869522
3506	1617	58.22853
3506	1580	58.192516
3506	2916	57.38216
3506	858	57.01406
3506	1270	56.879414
3507	1394	385.34323
3507	2791	370.1419
3507	2987	369.11804
3507	2762	360.7692
3507	34	349.87512
3507	590	349.01385
3507	1288	346.03342
3507	2291	344.97412
3507	235	338.1207
3507	1208	335.49756
3508	2571	28.90745
3508	1214	27.617851
3508	480	27.193968
3508	1580	27.02884
3508	2916	26.998358
3508	1198	26.809208
3508	1127	25.414564
3508	1036	25.364397
3508	2028	25.167093
3508	1374	24.964417
3509	1610	193.66203
3509	1036	191.93092
3509	592	191.17157
3509	1200	188.88358
3509	1573	186.56207
3509	648	183.74992
3509	32	180.35947
3509	1356	180.33858
3509	1127	179.42578
3509	1370	179.18188
3510	1196	61.296604
3510	2571	60.316147
3510	589	59.005516
3510	1200	56.424843
3510	1527	55.907406
3510	2985	55.444588
3510	2640	54.54066
3510	1375	53.106735
3510	32	52.884228
3510	1676	51.423164
3511	1200	131.31819
3511	1214	130.4194
3511	2640	125.51405
3511	1291	123.671005
3511	592	118.798
3511	780	118.37791
3511	1356	116.63405
3511	2529	115.75776
3511	2000	114.2374
3511	1375	113.704216
3512	592	224.6118
3512	2640	212.20447
3512	1220	204.68759
3512	457	201.60829
3512	1259	200.70586
3512	1610	200.50844
3512	1375	198.76456
3512	2968	198.11765
3512	2641	196.35716
3512	377	192.75912
3513	2000	197.55035
3513	1240	196.12784
3513	1220	187.71829
3513	110	185.9564
3513	2174	184.45964
3513	608	181.53627
3513	377	181.02902
3513	2987	178.3444
3513	380	176.89095
3513	1394	176.81337
3514	1196	48.149952
3514	1198	46.572067
3514	260	45.79336
3514	608	44.788612
3514	919	43.716034
3514	1214	42.554516
3514	296	42.305218
3514	750	42.297615
3514	541	42.270233
3514	1617	41.65279
3515	1252	62.77541
3515	1247	62.349934
3515	750	60.659706
3515	904	60.152996
3515	1196	58.791195
3515	924	58.41761
3515	1230	58.04471
3515	1136	57.905445
3515	111	57.6131
3515	1084	57.192196
3516	1527	90.60341
3516	1356	88.30493
3516	780	87.550415
3516	1376	86.95873
3516	2628	85.23098
3516	1270	84.7885
3516	1676	83.742325
3516	1372	82.8429
3516	1375	82.488655
3516	2529	80.27524
3517	1291	86.95689
3517	592	85.42362
3517	1270	81.67068
3517	1197	81.00767
3517	2470	78.20792
3517	2716	77.93492
3517	2001	77.78576
3517	260	77.25468
3517	1200	76.842964
3517	1079	75.625824
3518	1265	242.97421
3518	2396	221.45396
3518	2791	216.25307
3518	318	212.51547
3518	1198	211.22975
3518	2406	207.77946
3518	2321	206.96912
3518	2000	205.6403
3518	593	203.19862
3518	1617	199.79759
3519	1265	257.43927
3519	1784	240.69183
3519	2406	232.83289
3519	440	231.16068
3519	2100	226.46219
3519	2396	225.22083
3519	2321	225.17094
3519	1198	224.74109
3519	2028	224.35808
3519	1079	224.28325
3520	296	163.55939
3520	2918	160.39024
3520	1617	160.04459
3520	2791	157.87408
3520	2997	157.60979
3520	2396	157.12097
3520	1213	156.89954
3520	318	154.62723
3520	593	154.61293
3520	1	154.07713
3521	1252	191.29689
3521	858	183.90129
3521	1084	173.11595
3521	1196	170.27121
3521	1617	169.20181
3521	1221	167.67514
3521	1276	167.17667
3521	1953	162.00694
3521	899	161.57385
3521	1270	161.36385
3522	480	54.47218
3522	1210	53.98059
3522	2916	53.532
3522	457	51.716618
3522	1200	51.381615
3522	1214	51.235237
3522	1197	50.257465
3522	110	50.054752
3522	1036	50.050434
3522	1	49.271717
3523	1196	43.274746
3523	2916	37.287098
3523	1270	36.0192
3523	1036	34.867184
3523	1097	34.43692
3523	2985	33.908356
3523	2028	33.86919
3523	1291	33.82494
3523	2640	33.720665
3523	1376	33.11815
3524	296	80.897705
3524	858	79.01537
3524	1196	75.677536
3524	2396	74.21236
3524	2997	73.55068
3524	1221	73.51072
3524	2028	73.27026
3524	260	72.49276
3524	912	72.17754
3524	111	71.959946
3525	2028	47.494743
3525	2571	45.3584
3525	1265	44.793182
3525	2762	44.690136
3525	1617	43.885254
3525	2396	43.880726
3525	480	43.38053
3525	589	43.36142
3525	1213	42.716587
3525	1	42.63797
3526	1265	330.63602
3526	1196	317.57553
3526	2174	316.2539
3526	592	312.44928
3526	1291	309.04517
3526	1210	305.9085
3526	1391	304.2343
3526	1198	304.13647
3526	3253	291.5537
3526	2028	290.8705
3527	1196	24.647942
3527	589	23.724339
3527	2571	23.63021
3527	2028	23.54748
3527	457	23.440506
3527	1580	23.322212
3527	110	23.069048
3527	2916	23.067501
3527	1198	22.96724
3527	480	22.936079
3528	1347	63.599255
3528	1982	61.386173
3528	1321	59.171997
3528	1997	59.08358
3528	1130	58.47351
3528	2003	56.31578
3528	2455	55.671185
3528	2118	54.608173
3528	1974	53.65076
3528	2459	50.12034
3529	1198	91.20138
3529	919	86.83437
3529	1240	86.539474
3529	1374	86.07011
3529	1291	85.77313
3529	1200	84.90906
3529	2407	84.74038
3529	2985	83.633766
3529	1294	83.40349
3529	1036	82.50241
3530	1196	12.716321
3530	1036	12.1333
3530	1291	12.032262
3530	1198	11.960645
3530	1240	11.910288
3530	592	11.77182
3530	260	11.744286
3530	1580	11.354457
3530	1200	11.353051
3530	1610	11.30305
3531	2858	48.860336
3531	2396	46.741814
3531	296	46.738106
3531	593	46.490215
3531	1617	46.326035
3531	1265	46.09065
3531	1307	45.57783
3531	858	45.5234
3531	1213	45.261692
3531	2289	44.99172
3532	1265	97.4679
3532	318	96.86403
3532	1704	95.04277
3532	2858	90.7676
3532	39	85.00129
3532	377	84.109055
3532	2321	83.45071
3532	3255	83.286804
3532	110	83.132904
3532	1358	82.91886
3533	296	62.588333
3533	318	60.219456
3533	1265	59.860832
3533	2858	59.62933
3533	1617	59.398926
3533	593	58.91796
3533	50	58.044952
3533	1213	57.716724
3533	1704	57.519444
3533	2028	57.506275
3534	1291	53.97154
3534	1387	52.95658
3534	457	51.89339
3534	2916	51.654087
3534	2028	51.49014
3534	2000	50.72549
3534	480	50.695896
3534	1374	49.661232
3534	1610	49.488926
3534	1580	49.44876
3535	260	23.929083
3535	1240	22.833721
3535	1214	22.75366
3535	589	22.724754
3535	2571	22.172813
3535	1200	21.854628
3535	1036	21.84674
3535	1210	21.674194
3535	457	21.5505
3535	480	21.470884
3536	589	107.680016
3536	457	107.43766
3536	480	105.624756
3536	1580	105.58185
3536	1196	102.683395
3536	1610	100.51484
3536	377	99.96779
3536	1210	97.90932
3536	593	97.662605
3536	1265	97.03648
3537	1580	5.4120436
3537	780	5.2021904
3537	2916	5.1760554
3537	2571	5.003844
3537	480	4.996258
3537	380	4.8982406
3537	1573	4.882801
3537	316	4.8778973
3537	1527	4.851875
3537	367	4.740359
3538	1580	111.516136
3538	2028	110.71503
3538	32	105.9208
3538	480	105.477776
3538	110	104.516754
3538	1196	103.63475
3538	3418	102.467735
3538	1704	100.999306
3538	527	100.963036
3538	356	99.85608
3539	3255	368.88306
3539	2997	351.9341
3539	440	346.0453
3539	1196	342.21286
3539	1197	334.5883
3539	2302	332.43823
3539	1912	331.46814
3539	1210	329.74747
3539	1917	327.85587
3539	1240	325.71176
3540	589	163.0968
3540	377	156.2275
3540	780	154.7108
3540	1196	152.19426
3540	1198	145.77968
3540	1240	145.41852
3540	1036	145.40303
3540	2353	142.9292
3540	592	141.9516
3540	1265	141.42455
3541	296	34.93059
3541	1617	32.153637
3541	50	31.361015
3541	2028	30.952898
3541	1196	29.79721
3541	1208	28.780514
3541	1089	28.466251
3541	1198	28.420979
3541	1358	28.080257
3541	1259	28.067135
3542	1196	4.686437
3542	2028	4.6342187
3542	2858	4.584107
3542	1291	4.496724
3542	260	4.470341
3542	2716	4.4135203
3542	110	4.3532634
3542	318	4.2364097
3542	1036	4.211179
3542	527	4.168582
3543	1252	47.967472
3543	1219	45.316017
3543	908	44.31528
3543	903	42.741413
3543	1267	42.602947
3543	111	42.061623
3543	1247	41.552677
3543	1230	40.145115
3543	1945	39.786716
3543	1221	39.06592
3544	1196	18.72457
3544	260	17.73123
3544	2858	17.432041
3544	2571	17.385181
3544	296	17.30615
3544	589	17.185938
3544	593	16.877522
3544	1240	16.869368
3544	1210	16.769827
3544	1200	16.737202
3545	2997	10.509186
3545	2858	9.916401
3545	296	9.504806
3545	608	9.39155
3545	318	9.253991
3545	1213	9.092866
3545	2599	9.000264
3545	2289	8.79569
3545	1094	8.790933
3545	50	8.7745
3546	912	179.26395
3546	750	176.31964
3546	1953	170.25948
3546	1079	170.19168
3546	296	169.32014
3546	1219	168.76357
3546	1197	168.2724
3546	904	163.7248
3546	1276	162.74695
3546	1208	161.75337
3547	2858	149.28877
3547	593	149.10826
3547	296	147.29414
3547	1265	144.5455
3547	1617	143.27953
3547	318	143.2106
3547	527	140.8949
3547	1094	139.23503
3547	1213	138.6754
3547	34	134.45139
3548	2640	1.0325738
3548	1196	1.0142101
3548	1374	1.0038831
3548	2011	0.9916456
3548	1376	0.98405147
3548	1210	0.95857334
3548	1240	0.95726407
3548	260	0.9569423
3548	1375	0.9524389
3548	2985	0.92715466
3549	1270	27.890697
3549	1197	27.648954
3549	1079	26.923683
3549	2918	26.876656
3549	1	26.652992
3549	1265	26.636938
3549	1394	26.59589
3549	1259	26.434118
3549	1198	25.845055
3549	1580	25.776602
3550	1265	206.58296
3550	2028	200.44481
3550	2916	196.48576
3550	457	195.88153
3550	480	195.53084
3550	1210	195.15427
3550	1200	193.95656
3550	110	190.65276
3550	1214	190.32394
3550	318	190.24599
3551	318	52.421623
3551	296	49.56336
3551	2858	48.4875
3551	1213	47.954525
3551	3418	47.431152
3551	2396	46.921047
3551	1196	46.67623
3551	1036	45.61809
3551	1240	45.460167
3551	1198	44.926197
3552	1252	6.6926947
3552	858	6.6734715
3552	608	6.554015
3552	1617	6.2532454
3552	912	6.2188196
3552	1304	6.138806
3552	1221	6.0870667
3552	750	6.085589
3552	1196	6.078367
3552	111	6.020611
3553	480	55.659885
3553	733	54.919617
3553	3256	52.79205
3553	2353	51.591335
3553	780	51.56411
3553	1240	50.342648
3553	1036	49.840134
3553	1527	49.426064
3553	2628	48.274124
3553	1552	47.647705
3554	1196	30.11662
3554	1240	26.488995
3554	1210	26.30987
3554	1270	26.213392
3554	2571	25.766924
3554	589	25.76123
3554	608	25.666039
3554	1	25.314354
3554	1200	25.310528
3554	2858	25.257614
3555	1240	86.02131
3555	589	84.10052
3555	2571	83.94606
3555	2985	82.84286
3555	780	82.29309
3555	2406	81.81986
3555	1200	80.874
3555	1127	79.43548
3555	1197	79.43455
3555	1214	79.031685
3556	2916	106.0774
3556	1240	103.8222
3556	1291	100.593445
3556	1210	99.61979
3556	1214	93.40481
3556	780	92.56849
3556	380	91.64417
3556	2985	90.59514
3556	1573	90.50007
3556	1220	88.81007
3557	1923	226.10672
3557	1500	214.69043
3557	2918	214.11171
3557	356	206.87749
3557	21	197.91165
3557	1641	196.741
3557	440	195.2863
3557	367	194.95651
3557	2791	194.91983
3557	110	191.70872
3558	2916	228.66696
3558	780	221.27061
3558	1291	220.10475
3558	648	214.86368
3558	1240	212.23386
3558	1377	211.30528
3558	3256	208.69652
3558	1265	201.07771
3558	736	200.92259
3558	2628	200.32397
3559	1265	58.582527
3559	2174	56.519985
3559	1270	56.439445
3559	1079	55.741653
3559	1197	55.63987
3559	2716	55.325745
3559	1394	55.14282
3559	1259	54.91735
3559	1196	52.200466
3559	2396	51.70087
3560	2396	112.75338
3560	1358	107.39941
3560	1197	106.36688
3560	34	106.089676
3560	2571	105.56687
3560	1270	105.4903
3560	2291	102.36591
3560	39	102.20801
3560	1393	102.124405
3560	589	101.999954
3561	2791	128.56406
3561	1307	128.32802
3561	1196	121.73806
3561	1220	121.08105
3561	1265	118.35082
3561	2997	117.58807
3561	1968	116.49513
3561	1198	116.188416
3561	2599	114.00626
3561	2804	113.47439
3562	2797	269.98987
3562	1196	269.3845
3562	1270	263.2371
3562	2716	262.9615
3562	2571	261.85864
3562	1	260.3831
3562	592	259.13742
3562	39	258.60867
3562	1036	258.59964
3562	2028	257.81723
3563	1265	126.206245
3563	1094	122.47268
3563	50	121.43866
3563	1358	120.1323
3563	2396	118.57969
3563	36	118.45833
3563	1682	117.500175
3563	150	115.1422
3563	457	114.23141
3563	110	113.60735
3564	1610	98.90281
3564	2028	91.939384
3564	648	91.0008
3564	165	88.3307
3564	1676	85.98943
3564	1917	85.568504
3564	1036	85.51336
3564	10	84.82431
3564	1196	84.81291
3564	1240	84.06532
3565	316	82.07391
3565	2571	79.74827
3565	1527	78.749504
3565	1573	75.22494
3565	1372	73.84865
3565	1240	73.16555
3565	1374	71.81882
3565	1196	71.31185
3565	1584	70.67061
3565	1210	70.63182
3566	1196	26.650616
3566	527	26.392948
3566	296	25.764395
3566	1213	25.759287
3566	1198	25.729574
3566	260	25.460073
3566	1617	24.761036
3566	2858	24.360281
3566	50	23.447857
3566	1225	23.415642
3567	608	66.79103
3567	1240	63.024826
3567	1270	60.66451
3567	541	60.1251
3567	1221	60.106167
3567	1036	59.984737
3567	1197	59.704815
3567	527	59.678474
3567	589	59.406956
3567	1213	59.286465
3568	858	77.764175
3568	1221	73.34833
3568	1036	71.96008
3568	2916	71.74101
3568	1374	71.22078
3568	1291	70.08608
3568	1387	69.73713
3568	1097	69.69392
3568	1304	69.23024
3568	608	69.171814
3569	480	161.23517
3569	1265	161.19318
3569	1214	160.73254
3569	2000	155.3484
3569	1200	154.9844
3569	1220	154.26517
3569	1291	152.47371
3569	1036	151.82938
3569	2011	150.62605
3569	2100	149.12885
3570	1294	8.534577
3570	1234	8.298396
3570	3363	8.211254
3570	2300	8.202343
3570	1136	7.9790564
3570	1292	7.939801
3570	1252	7.915548
3570	111	7.906212
3570	1247	7.8925204
3570	3362	7.7412157
3571	2355	45.714165
3571	2858	44.580418
3571	223	44.419636
3571	2605	43.004463
3571	2699	41.923557
3571	1127	41.514668
3571	1513	40.866463
3571	2997	40.45169
3571	2502	40.201855
3571	2541	40.107998
3572	1394	81.72104
3572	1265	81.28826
3572	1294	77.229904
3572	1197	76.79823
3572	2791	75.96234
3572	1259	75.74588
3572	2797	75.28764
3572	1288	75.10861
3572	1278	74.5699
3572	3363	72.3138
3573	1240	32.878597
3573	1580	31.41695
3573	2916	30.706148
3573	541	29.0081
3573	1374	28.788094
3573	2028	28.679117
3573	1197	28.433933
3573	1291	28.224478
3573	2628	28.016987
3573	1036	27.683794
3574	2858	50.282116
3574	296	49.582245
3574	2997	48.611057
3574	1213	47.39278
3574	50	47.131676
3574	593	46.511684
3574	1196	46.49406
3574	1617	45.635563
3574	318	45.03566
3574	1270	43.666588
3575	1196	17.981916
3575	1240	17.592495
3575	1200	17.419724
3575	260	17.280083
3575	1198	17.079235
3575	589	16.919277
3575	2571	16.838156
3575	1036	16.580032
3575	1210	16.483437
3575	1291	16.274048
3576	2571	234.0342
3576	110	225.60007
3576	541	224.36736
3576	780	222.98155
3576	2105	221.48239
3576	1259	217.2562
3576	1242	216.68765
3576	2968	208.60086
3576	2791	208.59384
3576	2949	207.14107
3577	1393	43.313812
3577	1569	43.03612
3577	356	43.01098
3577	2424	41.81477
3577	440	41.670547
3577	708	41.39383
3577	377	40.843994
3577	2396	38.071495
3577	1307	37.58698
3577	1721	37.26147
3578	1196	160.00641
3578	1197	153.75539
3578	589	148.94916
3578	2916	148.8164
3578	457	148.44904
3578	1210	146.935
3578	1	146.25037
3578	2028	146.21301
3578	1610	145.14665
3578	1291	143.26883
3579	592	166.83644
3579	2571	166.19029
3579	1240	163.53554
3579	780	161.43861
3579	457	155.81497
3579	2115	153.18887
3579	733	152.3948
3579	1372	149.25433
3579	110	145.65076
3579	2054	141.98808
3580	1580	60.414833
3580	457	60.299885
3580	480	59.392212
3580	1610	57.873913
3580	780	57.43249
3580	733	56.821697
3580	1527	55.377476
3580	2353	55.20186
3580	1127	53.365402
3580	1552	53.207897
3581	589	26.289276
3581	1200	25.00632
3581	1580	24.531055
3581	1214	24.092974
3581	1198	22.904379
3581	2985	22.473438
3581	1270	22.473417
3581	1356	22.154684
3581	1376	22.149233
3581	2628	21.955357
3582	592	70.460175
3582	260	68.61114
3582	2640	68.30274
3582	1374	68.009445
3582	480	67.59351
3582	2628	66.6219
3582	2054	66.54321
3582	1240	65.446884
3582	316	65.21247
3582	1375	64.78269
3583	1247	20.890676
3583	2396	20.878641
3583	1307	20.704151
3583	919	20.125498
3583	357	19.787766
3583	914	19.74056
3583	1197	19.219585
3583	1265	18.628267
3583	1196	18.474916
3583	858	18.272968
3584	593	42.46522
3584	457	41.306858
3584	2571	40.866962
3584	318	40.78594
3584	2391	40.6472
3584	589	40.337948
3584	2916	40.035297
3584	2858	39.93779
3584	32	39.63662
3584	1265	39.093937
3585	1247	114.52539
3585	1225	107.87743
3585	1094	105.67528
3585	318	98.88743
3585	858	97.44865
3585	1207	96.78179
3585	2020	95.74187
3585	2243	95.735344
3585	1230	94.08103
3585	1393	93.59136
3586	1247	76.07729
3586	1225	74.81782
3586	858	70.76943
3586	1207	69.58825
3586	1084	68.679
3586	908	68.66893
3586	1230	67.92302
3586	904	66.30779
3586	1294	66.01746
3586	1193	65.67771
3587	457	23.999445
3587	1610	23.758684
3587	2571	23.326878
3587	377	22.979483
3587	2916	22.950317
3587	480	22.856735
3587	110	22.856003
3587	593	22.749544
3587	733	22.714197
3587	590	22.701567
3588	1198	164.849
3588	1240	164.01567
3588	2571	160.782
3588	1291	157.26245
3588	1222	148.57104
3588	2985	147.49281
3588	1220	144.8675
3588	733	142.98503
3588	593	139.99326
3588	1374	139.38829
3589	1240	248.33023
3589	592	246.27156
3589	2000	245.7315
3589	2985	235.82243
3589	1610	235.33267
3589	380	228.03523
3589	2115	225.38013
3589	1197	223.4022
3589	377	221.71878
3589	2001	218.05244
3590	296	267.03738
3590	457	257.34396
3590	356	257.0015
3590	2858	256.96924
3590	110	252.3566
3590	593	251.98503
3590	1784	247.78418
3590	3253	247.72108
3590	2396	241.45265
3590	1610	237.94447
3591	1617	131.90015
3591	377	130.90738
3591	1	130.01926
3591	1196	129.0196
3591	21	127.766594
3591	2396	127.76542
3591	590	127.54236
3591	1500	127.44513
3591	1393	126.228264
3591	47	125.9185
3592	608	194.30527
3592	1307	192.07684
3592	1265	191.42455
3592	2396	185.52066
3592	2797	184.54338
3592	318	183.89696
3592	34	177.68506
3592	1617	176.99095
3592	39	176.34636
3592	1196	176.24734
3593	2858	44.388283
3593	2395	43.11973
3593	3253	42.98398
3593	2599	42.521885
3593	2997	41.499508
3593	357	41.27641
3593	2700	41.143654
3593	34	40.813015
3593	1060	40.64585
3593	1747	40.419853
3594	1240	111.19179
3594	1210	108.677734
3594	1580	107.2828
3594	1270	106.91827
3594	480	106.83173
3594	2916	106.499855
3594	1197	105.99434
3594	608	104.67679
3594	296	104.34771
3594	1610	104.3364
3595	1196	32.936386
3595	2716	30.336153
3595	1210	30.05649
3595	1197	29.804998
3595	1240	29.80446
3595	2000	29.403013
3595	1291	29.364243
3595	1200	28.950737
3595	2571	28.666365
3595	1036	28.609062
3596	1247	89.35512
3596	2300	82.10234
3596	608	81.89534
3596	1945	81.51818
3596	1084	81.23287
3596	922	81.05952
3596	2186	80.441895
3596	1294	78.42338
3596	1952	78.1202
3596	1212	77.38053
3597	1580	52.558212
3597	1210	51.484726
3597	1198	50.936066
3597	480	50.45153
3597	1270	49.64007
3597	1265	49.02915
3597	589	48.818462
3597	1291	48.38077
3597	2916	48.167664
3597	457	47.861427
3598	1580	7.037719
3598	1270	6.5897207
3598	2571	6.577328
3598	1210	6.556423
3598	2916	6.551482
3598	589	6.3527026
3598	260	6.32558
3598	1198	6.286011
3598	356	6.2801623
3598	780	6.250602
3599	733	116.823715
3599	442	115.53385
3599	1240	114.056915
3599	165	111.20306
3599	2985	111.14419
3599	1374	110.44491
3599	1200	110.05872
3599	2353	108.83382
3599	1552	107.94998
3599	1127	107.84704
3600	1	186.58423
3600	1196	184.4311
3600	1197	178.69771
3600	1198	177.82356
3600	1580	176.87483
3600	1394	176.1866
3600	39	176.10898
3600	3039	175.70993
3600	2915	175.59993
3600	2804	172.64796
3601	608	115.29844
3601	318	113.573235
3601	1259	110.465996
3601	2028	105.772446
3601	1197	105.565155
3601	858	105.26819
3601	1617	104.67518
3601	1307	102.297844
3601	2858	101.32544
3601	1674	101.19488
3602	1196	56.10437
3602	1198	52.018555
3602	260	51.888218
3602	1580	51.388382
3602	1210	50.93039
3602	1197	50.82821
3602	1240	49.999756
3602	1200	49.51339
3602	1265	49.36421
3602	2000	49.29536
3603	589	137.75142
3603	457	134.60442
3603	592	130.55774
3603	1573	128.40341
3603	2985	126.661896
3603	2028	124.174995
3603	1270	123.81202
3603	1197	122.65049
3603	2640	121.80767
3603	316	121.36558
3604	1	28.253536
3604	2396	25.142729
3604	2997	23.919601
3604	2599	23.834076
3604	2858	23.550154
3604	2700	22.87183
3604	2321	22.792637
3604	588	22.642742
3604	1500	21.904167
3604	1197	21.779915
3605	1240	78.62449
3605	1210	75.35259
3605	2916	72.66778
3605	480	72.50902
3605	110	70.93877
3605	457	70.850975
3605	1580	69.71616
3605	1197	69.542145
3605	1291	68.763275
3605	1610	67.76315
3606	318	34.151947
3606	608	33.496548
3606	2858	32.04589
3606	296	31.31944
3606	1196	31.197258
3606	1265	30.206474
3606	1617	29.423016
3606	2396	29.007408
3606	1259	28.614737
3606	2762	28.510187
3607	1198	164.07184
3607	2797	153.56659
3607	1036	153.16554
3607	2985	151.95724
3607	1291	151.22177
3607	1	150.97163
3607	2028	147.89865
3607	1259	147.52507
3607	592	146.99812
3607	2406	146.7636
3608	2997	75.16574
3608	1517	72.58805
3608	608	70.26853
3608	1747	68.944595
3608	1197	68.83924
3608	296	68.745384
3608	356	67.43215
3608	2918	66.56036
3608	1270	66.13745
3608	318	65.92961
3609	2571	96.9128
3609	589	94.68806
3609	2028	91.66893
3609	356	87.58408
3609	1196	87.46567
3609	39	85.41462
3609	1197	85.05726
3609	349	84.50579
3609	1036	83.11256
3609	1198	83.11036
3610	733	248.71375
3610	1552	241.42355
3610	2002	235.7845
3610	1610	235.61415
3610	1	235.35039
3610	165	234.0017
3610	1391	229.53088
3610	316	228.57808
3610	356	227.64769
3610	592	223.68391
3611	2571	125.25241
3611	1265	122.497505
3611	1240	122.33529
3611	589	119.96782
3611	1200	119.03913
3611	2396	119.00766
3611	541	118.0754
3611	1214	115.97393
3611	1	112.644646
3611	32	112.46307
3612	2716	146.33002
3612	480	140.37212
3612	1240	139.28308
3612	1270	139.02919
3612	1	134.06506
3612	592	133.42567
3612	1259	130.04808
3612	2174	129.8381
3612	1200	129.61818
3612	608	128.29247
3613	593	40.404434
3613	2000	39.793762
3613	318	38.71209
3613	2858	38.213665
3613	1196	37.7853
3613	1265	37.4871
3613	2028	36.947876
3613	457	36.703995
3613	1198	36.572617
3613	1221	36.29185
3614	1196	75.722015
3614	1127	75.59746
3614	2716	74.90118
3614	589	74.8786
3614	457	72.593994
3614	2028	71.904366
3614	2762	71.29846
3614	1198	70.76584
3614	1036	70.56151
3614	1291	69.54949
3615	1196	94.42828
3615	1136	93.78104
3615	541	92.81916
3615	260	91.86511
3615	924	91.85836
3615	858	91.669426
3615	1294	90.46297
3615	1214	90.40841
3615	1394	89.49046
3615	1617	89.0421
3616	1196	17.56643
3616	1240	17.230545
3616	260	17.200804
3616	1198	16.652542
3616	589	16.176353
3616	1036	16.159447
3616	2028	16.067272
3616	1221	15.891125
3616	2571	15.69346
3616	1222	15.280491
3617	1196	42.827717
3617	1200	40.15565
3617	858	38.37351
3617	1036	38.038773
3617	1210	37.445053
3617	1270	36.66954
3617	589	36.57092
3617	2571	36.235477
3617	1197	35.96254
3617	1374	35.673183
3618	1270	341.94562
3618	2628	338.83978
3618	2716	335.76788
3618	318	330.3958
3618	1097	330.23767
3618	356	330.15738
3618	541	325.50604
3618	1	322.18988
3618	95	319.4753
3618	2797	312.3297
3619	2683	46.815998
3619	2710	44.591835
3619	2716	43.07344
3619	2433	41.56728
3619	2770	41.201736
3619	223	40.684895
3619	2355	40.549744
3619	785	39.66225
3619	2599	39.30586
3619	2699	39.20975
3620	1210	207.35738
3620	590	192.25897
3620	1270	190.56128
3620	1	189.87505
3620	1259	186.35237
3620	1500	185.98743
3620	2396	183.95027
3620	1097	182.5883
3620	2716	180.08337
3620	1358	179.40605
3621	541	174.24185
3621	1374	161.26239
3621	1198	151.64552
3621	589	150.98564
3621	2529	148.34084
3621	2968	148.01099
3621	1376	145.343
3621	1387	140.76813
3621	1356	139.47328
3621	1036	139.06947
3622	1270	108.78429
3622	1197	108.17102
3622	1136	106.72554
3622	1198	106.61156
3622	858	106.026535
3622	1617	105.71276
3622	1214	100.83483
3622	1265	100.766556
3622	1240	100.41998
3622	1259	99.5492
3623	541	12.157178
3623	1617	12.044937
3623	3334	11.826206
3623	922	11.541386
3623	858	11.5009775
3623	912	11.385582
3623	1219	11.357039
3623	908	11.291004
3623	2186	11.281997
3623	2987	11.110446
3624	589	254.51663
3624	2985	237.24272
3624	1197	224.08253
3624	1676	223.72247
3624	1291	217.77405
3624	457	215.82729
3624	2699	214.54271
3624	592	214.13913
3624	2011	214.10727
3624	1396	213.87967
3625	296	136.79712
3625	377	134.448
3625	2916	133.43477
3625	733	127.00843
3625	2858	126.719444
3625	1036	124.75227
3625	1704	124.02203
3625	380	123.5484
3625	1	122.8765
3625	47	122.855
3626	2012	346.04666
3626	1197	342.66577
3626	2094	326.9489
3626	1214	316.42468
3626	1129	314.94287
3626	1265	308.94965
3626	3020	305.46738
3626	788	302.52997
3626	1792	299.4333
3626	1097	298.2733
3627	2997	18.14303
3627	1230	17.974699
3627	2858	17.52342
3627	296	17.498596
3627	1617	17.482256
3627	858	17.260511
3627	1213	17.098244
3627	2289	17.040161
3627	318	16.71208
3627	593	16.324389
3628	223	17.451698
3628	2716	17.370384
3628	2762	17.19743
3628	2599	17.172876
3628	2959	16.927244
3628	2710	16.276253
3628	593	16.179209
3628	2028	16.07346
3628	1127	16.067787
3628	2699	15.791658
3629	912	39.824512
3629	1247	37.852024
3629	904	37.744717
3629	908	37.68206
3629	903	36.081825
3629	1230	36.01383
3629	913	35.683853
3629	1084	35.513046
3629	1945	35.245205
3629	1207	35.15474
3630	1610	113.3312
3630	733	112.42069
3630	1573	109.43864
3630	2028	109.22343
3630	648	108.308556
3630	1265	105.757385
3630	1198	105.07421
3630	2000	105.05192
3630	260	105.04475
3630	1	104.40859
3631	1291	37.562695
3631	1036	37.42075
3631	1200	37.016987
3631	1214	36.008358
3631	480	35.80168
3631	1580	35.430305
3631	2916	35.282257
3631	1197	34.589367
3631	2000	34.33742
3631	1374	33.143387
3632	2716	15.560747
3632	2858	15.508149
3632	2997	14.639285
3632	2599	13.522712
3632	1127	13.506348
3632	2762	12.901414
3632	2396	12.516622
3632	2770	12.432621
3632	2355	12.28408
3632	2395	12.197491
3633	1580	7.805375
3633	2571	7.603451
3633	480	7.5390077
3633	589	7.3295937
3633	780	7.2957063
3633	2028	7.223685
3633	2916	7.2048283
3633	1356	7.0540233
3633	377	7.0434012
3633	1210	6.9501686
3634	457	9.481689
3634	589	9.192201
3634	2571	9.101903
3634	1610	9.009122
3634	480	8.982957
3634	1196	8.976155
3634	318	8.817248
3634	1198	8.788323
3634	1580	8.637078
3634	593	8.554974
3635	904	84.80891
3635	908	84.33697
3635	903	83.324135
3635	905	82.79582
3635	923	81.79731
3635	969	81.410545
3635	1212	81.16364
3635	858	81.11206
3635	1247	79.53875
3635	1234	78.93833
3636	1196	15.102844
3636	608	14.506087
3636	296	14.454333
3636	1198	14.112074
3636	1214	13.774851
3636	2571	13.650516
3636	1617	13.632836
3636	858	13.555237
3636	1240	13.51549
3636	1213	13.37378
3637	2395	28.98418
3637	2355	28.975586
3637	2770	28.834127
3637	2712	28.307592
3637	2762	28.130383
3637	785	28.006495
3637	2700	26.731962
3637	2502	26.526602
3637	2541	26.267424
3637	3081	25.9985
3638	2716	58.854103
3638	2858	54.281834
3638	2762	53.265133
3638	2706	52.864414
3638	1127	52.1362
3638	2770	50.268097
3638	2997	48.891933
3638	2599	48.775246
3638	785	47.983257
3638	3081	47.882385
3639	2858	43.87443
3639	1270	41.699657
3639	2396	41.18138
3639	2762	40.231476
3639	2997	40.223816
3639	1259	39.23789
3639	2028	39.042606
3639	296	38.86417
3639	318	38.684025
3639	608	38.500084
3640	1196	32.743122
3640	296	32.08246
3640	1617	31.640121
3640	1197	31.434746
3640	318	31.342342
3640	527	30.936811
3640	1270	30.904728
3640	1259	30.865026
3640	2716	30.712313
3640	1198	30.588312
3641	593	230.66705
3641	318	228.44005
3641	2571	218.78926
3641	1704	214.7817
3641	21	212.71837
3641	1610	211.73897
3641	527	210.96103
3641	32	208.94662
3641	377	208.57146
3641	1358	207.95291
3642	162	5.5278177
3642	2599	4.989663
3642	2395	4.963594
3642	608	4.934769
3642	296	4.8886237
3642	1	4.785358
3642	1089	4.691421
3642	50	4.6227865
3642	2858	4.5950537
3642	1213	4.592226
3643	377	143.02907
3643	1196	129.96022
3643	1	128.34454
3643	296	124.9419
3643	1210	124.10145
3643	1527	123.7175
3643	1198	122.99979
3643	1036	122.886086
3643	1197	122.87501
3643	2628	122.70793
3644	1265	25.20478
3644	608	24.074661
3644	2997	23.25771
3644	2395	23.156872
3644	296	22.756508
3644	1641	22.508991
3644	593	22.02383
3644	34	21.752686
3644	39	21.6539
3644	1617	21.565695
3645	1198	55.33498
3645	1197	53.037064
3645	2571	52.409622
3645	1580	51.20577
3645	1036	50.504017
3645	858	50.11975
3645	1097	49.97594
3645	2000	49.326847
3645	924	49.188496
3645	2028	49.173386
3646	1240	81.72614
3646	2985	75.41763
3646	2529	72.51285
3646	32	71.46472
3646	1376	71.214745
3646	1206	70.925575
3646	2640	70.62626
3646	2105	68.56687
3646	1356	67.35914
3646	1527	66.64472
3647	1196	23.462809
3647	1214	21.556765
3647	1198	21.163984
3647	541	20.909214
3647	1200	20.702742
3647	1240	20.416195
3647	924	20.046957
3647	608	19.760006
3647	858	19.568731
3647	2571	19.568027
3648	1580	286.90945
3648	2916	275.61
3648	1196	260.38275
3648	780	259.08743
3648	356	257.82672
3648	1036	247.61667
3648	1210	245.79813
3648	1527	245.52005
3648	2000	243.44475
3648	1500	241.63478
3649	1196	36.41394
3649	919	35.90435
3649	1270	35.474445
3649	1198	34.265774
3649	1197	34.265205
3649	858	34.17123
3649	1247	34.04874
3649	1307	33.88685
3649	924	33.14383
3649	1225	33.119415
3650	1580	379.79047
3650	377	376.7402
3650	733	356.262
3650	1	327.86688
3650	165	320.1272
3650	736	319.7952
3650	590	314.871
3650	3107	312.005
3650	1584	311.92358
3650	316	308.66718
3651	260	174.59471
3651	1198	168.44264
3651	2916	157.26825
3651	1387	155.37321
3651	1222	154.7879
3651	480	152.49019
3651	1610	151.89073
3651	318	151.307
3651	1580	150.3107
3651	2858	150.2154
3652	1240	155.21931
3652	1527	154.90251
3652	1210	153.9328
3652	1573	149.39084
3652	1197	146.73949
3652	1127	146.5921
3652	1	144.84492
3652	457	144.34894
3652	1198	143.07132
3652	1610	142.80797
3653	1240	104.421524
3653	1214	99.40436
3653	1198	95.65191
3653	2985	92.3247
3653	2028	90.447716
3653	1127	88.91236
3653	924	88.46548
3653	1036	88.18197
3653	457	87.75754
3653	1356	87.61173
3654	1580	196.31978
3654	1198	184.79074
3654	2985	175.25366
3654	592	170.80429
3654	377	164.31569
3654	1265	161.76039
3654	1	161.02603
3654	1220	160.19139
3654	733	159.95839
3654	1584	157.29762
3655	1196	25.483904
3655	2174	24.443033
3655	1210	24.138453
3655	2054	23.862297
3655	1580	23.527014
3655	1240	23.23573
3655	1198	23.197182
3655	1291	23.123821
3655	1967	23.114143
3655	1197	22.86807
3656	2858	31.711079
3656	296	31.559029
3656	1617	31.405022
3656	1196	30.768623
3656	1270	30.594084
3656	2997	30.444124
3656	318	30.420753
3656	1265	30.27556
3656	593	30.2492
3656	1259	30.164492
3657	457	32.98925
3657	377	32.43228
3657	589	31.32457
3657	733	31.241804
3657	1370	30.887207
3657	1580	29.979256
3657	2353	29.827524
3657	480	29.685411
3657	3256	29.639328
3657	2028	29.514765
3658	32	165.59074
3658	2640	160.35455
3658	1097	156.35727
3658	1127	155.76318
3658	1197	147.43121
3658	1036	146.81232
3658	858	145.94875
3658	2628	145.70787
3658	1396	143.09132
3658	1372	141.84361
3659	593	55.419296
3659	2028	54.1714
3659	2762	54.070805
3659	1089	50.790813
3659	589	50.666035
3659	2571	50.509174
3659	110	50.138
3659	1196	50.010494
3659	1265	49.960594
3659	457	49.773163
3660	1240	55.438087
3660	2571	50.23742
3660	2916	49.41877
3660	2529	48.18635
3660	1580	48.124557
3660	480	47.346523
3660	1376	47.142868
3660	32	47.057148
3660	2640	47.026268
3660	1127	45.436066
3661	260	107.645325
3661	1210	101.68216
3661	592	99.551094
3661	2985	96.3233
3661	2640	93.70216
3661	2947	92.19542
3661	2529	90.34787
3661	2115	87.250626
3661	541	85.49334
3661	780	84.58054
3662	2288	40.362328
3662	2455	37.89847
3662	2366	37.786465
3662	2527	37.1139
3662	2901	36.528053
3662	2654	36.45835
3662	2613	35.88487
3662	2648	35.57395
3662	2644	35.518673
3662	1214	35.40801
3663	457	80.60581
3663	2571	80.200745
3663	1291	76.1467
3663	733	74.401024
3663	592	74.032455
3663	1200	73.5999
3663	3256	73.1512
3663	110	72.24201
3663	380	71.68358
3663	2028	71.32666
3664	1265	62.166954
3664	1704	60.92403
3664	593	60.01776
3664	296	59.29087
3664	1094	58.59911
3664	1307	58.404045
3664	1225	56.724148
3664	1213	56.282986
3664	1641	56.06427
3664	357	55.91297
3665	2640	155.68628
3665	1270	151.72705
3665	1387	148.78297
3665	1376	148.62125
3665	2529	144.04788
3665	1220	141.96053
3665	2628	141.52942
3665	1375	138.6676
3665	2115	138.66591
3665	780	137.10603
3666	1240	48.83623
3666	1036	46.29719
3666	1200	45.917744
3666	2000	43.46949
3666	1580	43.42579
3666	2916	43.17287
3666	457	42.878654
3666	110	41.98828
3666	592	41.841568
3666	1374	41.729694
3667	2081	30.346949
3667	2087	30.00704
3667	2294	29.543024
3667	1028	29.096794
3667	48	29.030462
3667	2080	28.815073
3667	2096	28.436579
3667	2078	28.024937
3667	1032	27.666006
3667	1022	27.339111
3668	608	28.29913
3668	296	25.904345
3668	858	25.434036
3668	1213	25.094215
3668	50	24.985579
3668	1219	24.670189
3668	1196	23.944042
3668	2028	23.519354
3668	1221	23.16289
3668	260	22.991192
3669	380	198.2932
3669	2571	194.44862
3669	1580	193.60678
3669	1610	190.38055
3669	2916	188.83858
3669	733	187.99747
3669	1265	186.13164
3669	356	185.54517
3669	1370	182.05547
3669	780	179.55566
3670	1196	25.677614
3670	1198	24.59146
3670	858	24.411524
3670	1214	24.137583
3670	1197	24.03712
3670	260	23.847055
3670	1270	23.409912
3670	2174	22.656683
3670	593	22.523363
3670	1617	22.372301
3671	480	91.62429
3671	1580	91.016464
3671	1200	90.805824
3671	110	89.38587
3671	377	84.9118
3671	1197	84.324265
3671	592	81.67892
3671	1370	80.99716
3671	593	80.68051
3671	2628	80.46966
3672	1196	101.82776
3672	1270	98.60995
3672	260	97.88466
3672	1097	96.63517
3672	1197	96.21653
3672	1387	93.37417
3672	2000	93.21526
3672	1240	93.0837
3672	1079	92.316635
3672	1210	92.280304
3673	2918	122.62741
3673	608	121.893074
3673	2174	119.111725
3673	2791	118.99672
3673	1197	118.91727
3673	3361	114.343666
3673	296	114.11114
3673	1	114.00459
3673	235	113.78425
3673	2716	112.60367
3674	260	70.786156
3674	593	68.09754
3674	296	67.94197
3674	318	67.03346
3674	1213	66.8373
3674	2028	66.15375
3674	1136	64.90213
3674	2396	64.875656
3674	919	63.324867
3674	1270	62.955265
3675	2797	361.0662
3675	1394	336.5005
3675	2406	329.89688
3675	1097	327.02322
3675	2571	321.84766
3675	1278	315.73895
3675	21	314.12793
3675	457	308.67285
3675	1500	308.29425
3675	1288	307.42575
3676	589	71.34951
3676	480	67.43399
3676	2529	65.49421
3676	1097	64.77752
3676	1356	63.896446
3676	2105	63.56745
3676	1198	61.94227
3676	1527	61.893154
3676	1375	61.674927
3676	2628	60.372646
3677	1994	90.964806
3677	1982	89.6805
3677	1974	86.83351
3677	1130	83.633
3677	1717	82.8633
3677	1350	82.07695
3677	253	80.78094
3677	724	78.68081
3677	2118	78.34257
3677	2867	78.19304
3678	1676	90.672615
3678	2985	84.57518
3678	1376	82.70853
3678	2105	81.01243
3678	260	80.81857
3678	1375	80.595024
3678	1214	80.24631
3678	1037	79.7466
3678	1396	78.848694
3678	2640	77.53101
3679	1270	235.94969
3679	1220	224.06226
3679	1387	218.53415
3679	2987	216.8452
3679	1356	215.29152
3679	2640	214.09267
3679	2115	213.6565
3679	1617	212.84262
3679	474	212.68831
3679	356	212.20273
3680	608	30.775702
3680	593	28.784157
3680	1213	27.818642
3680	296	27.473663
3680	1094	27.409166
3680	1704	27.334944
3680	1617	27.233728
3680	1247	26.72753
3680	1193	25.982752
3680	2396	25.835556
3681	1036	346.57874
3681	1210	346.02228
3681	1552	337.0882
3681	2000	336.6612
3681	592	333.7267
3681	1197	331.4707
3681	1396	330.92786
3681	1127	320.29245
3681	2278	319.40942
3681	2716	319.12622
3682	908	61.33508
3682	858	61.117638
3682	1294	59.417515
3682	910	57.89035
3682	1084	57.570305
3682	903	56.901855
3682	750	56.508465
3682	2300	56.26823
3682	608	56.065582
3682	1207	55.94848
3683	1259	236.91777
3683	2987	233.80945
3683	296	232.25201
3683	1288	227.43352
3683	1214	227.4042
3683	1265	219.2796
3683	1278	219.20625
3683	1225	218.65152
3683	2804	218.02467
3683	1220	217.91786
3684	457	130.56969
3684	592	116.100685
3684	733	115.38138
3684	2716	115.35859
3684	1370	114.94882
3684	780	113.414085
3684	380	112.011536
3684	1270	111.2584
3684	2987	110.6131
3684	2985	109.93539
3685	50	213.20047
3685	2028	202.87506
3685	527	199.36198
3685	1198	195.24333
3685	1079	193.73187
3685	1500	193.41599
3685	2918	192.96725
3685	2396	191.16695
3685	1	190.17833
3685	110	189.85608
3686	1196	64.433846
3686	260	62.259026
3686	1198	61.276157
3686	1214	60.79882
3686	296	60.255928
3686	1213	59.888073
3686	1219	59.43483
3686	919	59.067654
3686	541	58.91863
3686	1252	58.439037
3687	589	92.29271
3687	457	92.253944
3687	2916	91.175476
3687	1	89.01031
3687	377	88.52074
3687	1196	86.84734
3687	1265	86.101524
3687	733	83.57586
3687	608	82.88614
3687	1210	82.63812
3688	527	214.75792
3688	1394	203.0504
3688	541	200.84586
3688	1193	198.15671
3688	1214	194.70999
3688	2762	192.26266
3688	1210	190.70941
3688	1097	190.0737
3688	34	189.76971
3688	1288	189.02744
3689	457	118.09495
3689	1610	110.48327
3689	1923	109.97293
3689	296	109.253815
3689	110	108.85397
3689	380	107.63263
3689	733	106.675255
3689	47	105.2546
3689	1784	104.49752
3689	1704	104.008804
3690	296	165.03726
3690	1777	157.79149
3690	21	155.38255
3690	2571	154.55753
3690	1641	152.29903
3690	2302	150.93376
3690	440	147.80954
3690	367	147.36751
3690	543	147.25761
3690	47	145.87727
3691	457	206.34532
3691	1240	203.10007
3691	110	191.75664
3691	377	191.56004
3691	1573	186.63243
3691	380	185.87599
3691	1527	184.07124
3691	1214	179.75963
3691	1220	177.17613
3691	1265	175.29758
3692	1196	43.74114
3692	1240	41.811497
3692	1210	41.260303
3692	1291	41.200157
3692	1374	41.024147
3692	1580	40.81067
3692	592	40.461365
3692	1198	40.30436
3692	1200	39.91115
3692	2640	39.674118
3693	1580	323.3772
3693	1198	322.72565
3693	1265	312.4668
3693	1259	300.87317
3693	1394	292.79648
3693	110	291.46957
3693	1387	288.64066
3693	50	276.7086
3693	1127	271.18884
3693	527	268.2184
3694	608	48.47454
3694	1196	47.26335
3694	296	45.82273
3694	1198	45.63868
3694	593	45.218433
3694	260	44.87124
3694	1617	44.40976
3694	1259	44.074314
3694	1079	43.83661
3694	1	42.60753
3695	480	209.27525
3695	2028	203.61674
3695	2000	201.84512
3695	593	197.47636
3695	2987	196.97578
3695	2918	196.02805
3695	2396	194.89072
3695	541	194.60127
3695	1220	193.67986
3695	1394	192.86183
3696	1196	113.80649
3696	1270	113.37917
3696	2918	109.35616
3696	1198	108.69364
3696	260	106.53419
3696	2797	105.95574
3696	858	105.387215
3696	2997	104.30398
3696	1580	104.061356
3696	1294	101.962746
3697	1210	93.96391
3697	589	93.17389
3697	260	93.163506
3697	2916	88.50861
3697	1291	88.02212
3697	1580	87.80319
3697	2000	86.75902
3697	593	83.331566
3697	377	83.298485
3697	2396	81.63987
3698	1196	64.01038
3698	1240	58.651012
3698	1127	58.411972
3698	1210	57.62288
3698	589	57.415455
3698	2716	57.229385
3698	1198	56.862297
3698	1214	56.399807
3698	2987	56.364597
3698	1580	55.22632
3699	1196	47.48792
3699	858	46.634396
3699	608	44.990486
3699	2028	44.94163
3699	527	43.23781
3699	919	42.95362
3699	318	42.78905
3699	1221	41.695793
3699	1617	41.345837
3699	1225	40.99173
3700	318	54.39169
3700	296	53.282665
3700	1617	47.56634
3700	1265	46.576515
3700	50	46.53039
3700	1358	45.720684
3700	457	45.085545
3700	2762	45.082146
3700	3418	44.090855
3700	356	44.057663
3701	589	63.160725
3701	1240	62.59869
3701	1580	61.73272
3701	457	61.029793
3701	1036	60.730724
3701	1270	59.7222
3701	2916	59.19831
3701	1610	59.165817
3701	1200	58.95835
3701	110	58.43054
3702	1240	40.85197
3702	1200	39.955505
3702	2571	39.28624
3702	1374	38.84888
3702	1210	38.002857
3702	2916	37.858402
3702	924	37.359962
3702	480	36.52277
3702	2985	36.3109
3702	1097	36.106102
3703	1196	24.438902
3703	1580	23.633543
3703	1198	23.598215
3703	260	23.274635
3703	1291	22.648832
3703	1036	22.622055
3703	1210	22.618279
3703	1270	22.6009
3703	1240	22.522106
3703	2571	22.4712
3704	1213	144.41006
3704	2997	136.23868
3704	2396	136.12984
3704	2289	131.30814
3704	1	130.35387
3704	1196	130.26431
3704	1259	130.00464
3704	2395	127.354416
3704	1197	127.253685
3704	1500	125.88795
3705	296	315.6785
3705	1259	304.1067
3705	593	300.5796
3705	318	297.64447
3705	1394	296.52203
3705	2396	292.20505
3705	2174	291.90842
3705	1136	291.7004
3705	527	291.56085
3705	1307	289.857
3706	1265	58.45046
3706	1197	55.970654
3706	1196	55.539623
3706	2918	55.236794
3706	1259	54.37217
3706	2716	53.66093
3706	608	53.262886
3706	2858	52.997467
3706	260	52.40325
3706	593	52.16788
3707	608	35.10783
3707	1213	35.027794
3707	1729	34.203205
3707	6	34.069717
3707	2391	33.076653
3707	457	32.976017
3707	2571	32.931408
3707	1500	32.831444
3707	1732	32.693428
3707	593	32.462124
3708	1196	20.827843
3708	1198	19.801952
3708	1197	19.206661
3708	260	19.166588
3708	858	18.734146
3708	1210	18.65271
3708	608	18.487364
3708	1214	18.149014
3708	1240	18.03181
3708	1136	18.001333
3709	1265	173.12068
3709	1704	157.54126
3709	2321	155.60405
3709	440	154.33252
3709	1393	153.95256
3709	1517	153.58316
3709	1580	153.25285
3709	608	150.98116
3709	587	150.38933
3709	1777	149.51892
3710	1265	48.862213
3710	2797	48.666557
3710	2174	48.06826
3710	1580	45.779682
3710	1196	44.997513
3710	1394	44.93675
3710	1079	44.736893
3710	1307	44.243275
3710	1220	43.58057
3710	1968	43.38462
3711	1356	67.52624
3711	1573	67.269905
3711	1196	66.19269
3711	457	65.59015
3711	1240	65.417274
3711	260	65.231186
3711	1210	64.94809
3711	329	63.339417
3711	1610	63.038715
3711	377	62.996616
3712	780	119.83943
3712	1240	111.72913
3712	1573	108.982796
3712	1370	106.053535
3712	1200	105.56036
3712	2028	104.285614
3712	1036	104.08767
3712	1374	101.88916
3712	2000	101.52578
3712	1127	100.972565
3713	3253	202.0717
3713	1500	197.74321
3713	2918	195.46709
3713	318	190.71274
3713	2671	190.53879
3713	1580	186.47374
3713	21	184.03058
3713	34	180.78955
3713	608	180.0269
3713	2268	178.9966
3714	1196	15.817841
3714	318	15.499214
3714	1617	15.387614
3714	1213	15.386442
3714	50	15.372906
3714	593	15.2628765
3714	2858	15.071574
3714	260	14.963615
3714	2028	14.948528
3714	2571	14.718539
3715	2571	219.36923
3715	1375	206.99237
3715	1391	192.5562
3715	1584	188.88335
3715	1291	186.96912
3715	2987	184.31984
3715	1197	182.46272
3715	1831	182.08694
3715	2529	180.91655
3715	592	180.59958
3716	10	211.17688
3716	353	205.63771
3716	2000	202.63834
3716	592	201.06389
3716	3256	199.59744
3716	1291	199.42923
3716	2617	198.26941
3716	349	197.95517
3716	1722	197.024
3716	1127	195.70564
3717	457	201.12927
3717	2000	195.57498
3717	592	191.09218
3717	110	189.27724
3717	2797	185.83354
3717	780	183.88187
3717	2918	181.71565
3717	377	181.61166
3717	2791	178.96106
3717	1136	177.91292
3718	923	128.87335
3718	1952	122.05788
3718	1252	120.89219
3718	1225	118.952354
3718	1244	113.74542
3718	1104	109.32623
3718	1221	108.872505
3718	527	106.17649
3718	904	105.3557
3718	1293	104.320274
3719	2706	26.641357
3719	2683	26.350946
3719	2355	25.709024
3719	2762	24.983635
3719	2959	24.101883
3719	2396	23.963137
3719	2987	23.632467
3719	2395	23.547016
3719	1127	23.32626
3719	2699	23.19312
3720	318	110.773155
3720	1213	105.372505
3720	593	104.158295
3720	2858	102.05804
3720	1358	98.17303
3720	1265	96.2285
3720	36	96.10852
3720	2028	95.13238
3720	3418	94.9166
3720	2291	93.629425
3721	608	93.41535
3721	2858	77.885765
3721	1179	72.20417
3721	25	71.9949
3721	1225	71.732834
3721	1095	70.87566
3721	1265	70.5903
3721	2028	70.50219
3721	1089	70.21038
3721	1208	69.26508
3722	1200	22.18996
3722	1387	21.413195
3722	1240	21.329922
3722	2985	20.313221
3722	2716	19.96798
3722	260	19.93308
3722	541	19.869106
3722	1215	19.715473
3722	1321	19.661034
3722	1196	19.557985
3723	2716	36.04881
3723	2997	32.25053
3723	1196	31.805914
3723	2987	31.771982
3723	2710	30.793318
3723	2599	30.503347
3723	2571	29.785015
3723	2959	29.706482
3723	2396	29.566566
3723	3175	29.249205
3724	1580	269.82364
3724	3361	260.80402
3724	2987	260.01596
3724	1210	256.73132
3724	1097	255.42474
3724	2396	253.79388
3724	1968	253.12419
3724	1291	253.00684
3724	592	250.96289
3724	1240	250.21542
3725	608	14.838583
3725	2858	14.304125
3725	318	14.293645
3725	50	14.161922
3725	1617	13.961774
3725	593	13.9189
3725	1089	13.6072
3725	1704	13.261528
3725	47	13.061843
3725	1729	12.994335
3726	1610	240.0425
3726	2028	233.41545
3726	2640	230.14917
3726	2987	228.19824
3726	1396	217.12354
3726	1259	213.51929
3726	1387	212.49521
3726	2641	209.40074
3726	1222	207.49657
3726	1544	206.29364
3727	1240	170.64322
3727	1198	170.25665
3727	260	169.56363
3727	2000	169.40741
3727	2716	168.16998
3727	1580	165.77148
3727	1210	164.35616
3727	1197	163.83247
3727	2571	163.7612
3727	2028	162.34761
3728	2770	43.538807
3728	223	43.021385
3728	2762	41.44074
3728	3081	39.842346
3728	2881	39.253696
3728	2997	38.033073
3728	3113	37.94681
3728	2599	37.869503
3728	1093	37.47823
3728	2841	37.315678
3729	1259	228.79962
3729	356	226.13858
3729	1500	225.88661
3729	1617	224.74011
3729	50	220.74643
3729	39	219.91377
3729	1	219.65068
3729	457	219.52809
3729	1580	216.80049
3729	2321	216.53278
3730	1210	20.839352
3730	1036	20.449984
3730	1240	20.312561
3730	1214	19.449934
3730	1200	19.273787
3730	2000	19.226284
3730	2571	19.212082
3730	1270	19.143661
3730	589	19.142065
3730	858	18.981552
3731	1196	92.71988
3731	1580	87.979866
3731	2640	87.44949
3731	480	84.91571
3731	1375	83.14785
3731	1372	81.672264
3731	1676	79.86048
3731	1584	79.34788
3731	2628	78.039604
3731	2455	77.947296
3732	1196	95.4068
3732	924	95.1381
3732	1136	94.725746
3732	1267	93.79547
3732	1225	92.877464
3732	1198	91.46634
3732	2300	90.89612
3732	1234	90.29503
3732	1193	89.5745
3732	1304	89.171394
3733	2858	95.104294
3733	593	93.221
3733	2028	87.414856
3733	1394	85.74487
3733	1136	83.38028
3733	2396	82.57101
3733	1198	82.32467
3733	260	81.26628
3733	1500	81.1841
3733	1358	80.99367
3734	1196	22.037374
3734	1240	21.864677
3734	2571	21.82456
3734	1036	21.814585
3734	1580	21.54776
3734	1198	21.517286
3734	457	21.455069
3734	592	21.31294
3734	2916	21.302334
3734	589	21.266958
3735	1213	187.77777
3735	1196	171.81088
3735	1294	170.62732
3735	1208	165.26984
3735	541	165.22968
3735	1198	164.23894
3735	908	163.07416
3735	235	162.45161
3735	2396	160.74371
3735	919	160.59763
3736	1391	85.778275
3736	329	85.12779
3736	1876	83.84658
3736	1372	82.49695
3736	1240	77.79343
3736	1909	76.78888
3736	2985	76.68034
3736	1200	76.29937
3736	2986	75.4393
3736	1127	75.2726
3737	1197	107.6225
3737	1240	101.59056
3737	2000	100.89131
3737	2716	100.43823
3737	1214	100.08664
3737	1136	99.20676
3737	1097	99.200584
3737	2174	98.86841
3737	858	98.0873
3737	1079	98.00643
3738	1580	19.313257
3738	1270	18.7124
3738	1196	18.682478
3738	1265	18.519867
3738	1197	18.483368
3738	260	18.414038
3738	1198	18.379671
3738	2028	17.538076
3738	2000	17.492329
3738	1136	17.363068
3739	593	9.242543
3739	2762	9.01681
3739	858	8.914498
3739	3176	8.825921
3739	608	8.678807
3739	1617	8.649902
3739	2028	8.620106
3739	2858	8.502361
3739	1221	8.056681
3739	260	7.927292
3740	593	45.8659
3740	1213	44.845093
3740	1198	43.89516
3740	1617	43.008507
3740	50	41.98047
3740	2571	41.4896
3740	1704	41.445103
3740	589	41.25965
3740	457	40.909336
3740	1210	40.494904
3741	1610	98.6387
3741	2028	97.827866
3741	1196	97.78032
3741	608	95.075554
3741	296	93.74204
3741	1036	92.450134
3741	1617	91.6152
3741	380	91.357
3741	1370	91.15913
3741	2396	91.12641
3742	380	86.50717
3742	1517	85.742226
3742	1	83.17969
3742	1610	82.14886
3742	110	80.77626
3742	1196	80.698425
3742	1573	80.27335
3742	1270	80.17749
3742	2028	79.63832
3742	733	79.6001
3743	597	18.931541
3743	39	18.55777
3743	587	18.450314
3743	11	18.194609
3743	440	17.8174
3743	1569	17.7063
3743	3255	17.080719
3743	1784	16.857613
3743	2396	16.83425
3743	2671	16.63502
3744	919	21.469835
3744	750	21.125217
3744	858	20.608038
3744	260	20.507442
3744	3363	20.127289
3744	1294	20.123344
3744	1304	20.092976
3744	1196	20.0888
3744	912	20.010576
3744	1208	19.852207
3745	2858	90.97676
3745	223	89.284325
3745	2355	89.00372
3745	2997	82.40758
3745	2395	81.143
3745	2700	80.54965
3745	2770	79.11809
3745	356	78.908356
3745	1580	78.583305
3745	2959	77.138054
3746	1580	241.88141
3746	2916	237.85654
3746	480	237.07805
3746	457	236.89476
3746	1291	231.37206
3746	1200	231.18335
3746	1270	231.11235
3746	2716	222.99976
3746	2918	218.3864
3746	2406	216.29556
3747	608	29.137232
3747	2858	28.553335
3747	296	27.546282
3747	1265	27.23049
3747	1617	27.140959
3747	318	26.650742
3747	457	26.062737
3747	2762	26.014862
3747	50	25.736952
3747	1	25.722233
3748	2918	26.84666
3748	2791	26.048035
3748	1079	26.023207
3748	1197	25.699368
3748	1265	25.635338
3748	2174	25.516518
3748	1196	25.379784
3748	2716	25.315556
3748	1307	25.121264
3748	2000	24.367773
3749	1265	101.5734
3749	296	91.437836
3749	2997	90.780685
3749	1923	88.95922
3749	50	87.60053
3749	318	86.27466
3749	1197	84.58453
3749	589	84.56311
3749	2700	83.58675
3749	2028	83.38853
3750	1196	28.13373
3750	1270	27.632957
3750	1198	26.091919
3750	1136	25.571772
3750	2716	25.433031
3750	1210	25.228807
3750	2396	25.095526
3750	1079	25.094528
3750	2174	25.071276
3750	1580	24.94534
3751	1265	199.39693
3751	318	188.47145
3751	1259	186.39226
3751	1674	184.42273
3751	34	181.59863
3751	2797	181.15385
3751	296	180.2571
3751	1252	173.90906
3751	1230	172.84317
3751	3363	172.38025
3752	608	115.22436
3752	296	109.833115
3752	593	108.16239
3752	2858	105.05743
3752	1617	104.54763
3752	1213	103.884735
3752	1136	103.26395
3752	1097	102.62016
3752	1240	101.53027
3752	2396	100.845474
3753	1196	40.137844
3753	1270	38.07467
3753	608	37.745354
3753	1197	37.094597
3753	260	36.676865
3753	2918	36.39999
3753	1240	36.24531
3753	589	35.37297
3753	593	35.352077
3753	2000	35.330822
3754	1198	141.15665
3754	1304	138.93465
3754	1394	136.55206
3754	924	135.86844
3754	111	135.45805
3754	3362	135.13075
3754	1200	134.60649
3754	1247	132.6915
3754	1197	129.47365
3754	2243	128.24342
3755	1617	55.16782
3755	1196	53.271175
3755	923	52.82055
3755	296	52.530933
3755	1136	50.992565
3755	1247	50.982063
3755	1225	50.97377
3755	1213	50.8394
3755	260	50.665367
3755	1252	50.610073
3756	1580	252.5007
3756	480	235.77046
3756	380	234.99379
3756	457	228.11583
3756	780	228.10052
3756	1	227.98773
3756	1610	221.9527
3756	356	219.63962
3756	1210	219.30048
3756	2000	218.09227
3757	1197	163.0572
3757	2000	161.01656
3757	1270	160.64334
3757	1291	155.24529
3757	1394	152.59811
3757	2918	152.31898
3757	2571	151.73358
3757	1220	151.25166
3757	1214	150.3588
3757	110	148.85909
3758	296	32.126087
3758	2858	31.609047
3758	527	29.623013
3758	2571	28.226648
3758	1265	27.99296
3758	457	27.992493
3758	2997	27.925611
3758	589	27.551186
3758	1704	27.394922
3758	1196	27.158705
3759	2918	82.31949
3759	2716	78.915245
3759	2797	78.862404
3759	2791	78.23432
3759	1079	77.41053
3759	3039	75.277435
3759	1307	73.498146
3759	1259	72.54022
3759	2321	72.22522
3759	1968	71.56359
3760	592	184.59814
3760	589	183.13275
3760	1270	182.58875
3760	2571	179.92146
3760	1374	179.04295
3760	1220	178.99141
3760	2640	177.25424
3760	541	172.23798
3760	1097	169.85905
3760	1222	168.82756
3761	1291	131.7677
3761	1036	130.88904
3761	592	127.2205
3761	2987	126.93746
3761	780	124.81927
3761	2028	124.79671
3761	110	123.586555
3761	457	123.3307
3761	1676	123.252235
3761	1396	122.80994
3762	2985	144.64146
3762	1374	139.77905
3762	2968	134.90572
3762	1270	127.558716
3762	1376	126.76816
3762	2105	126.67193
3762	1198	123.323586
3762	1199	122.22132
3762	1356	121.56219
3762	1527	121.251236
3763	480	112.56788
3763	2000	109.790565
3763	1370	108.31745
3763	733	107.79548
3763	780	107.090904
3763	1527	103.68119
3763	2028	101.47868
3763	316	100.08331
3763	2640	100.07873
3763	349	100.05055
3764	858	14.420654
3764	1213	14.411552
3764	608	14.357688
3764	1225	14.194716
3764	318	13.741398
3764	1247	13.655582
3764	1252	13.507134
3764	593	13.436938
3764	111	13.340948
3764	296	13.286195
3765	3176	8.80356
3765	2762	7.6613836
3765	2959	7.1010118
3765	2858	6.787405
3765	3174	6.7855453
3765	3408	6.7534986
3765	1393	6.752337
3765	2712	6.439616
3765	1639	6.405082
3765	2571	6.284316
3766	2797	78.16971
3766	2100	74.71222
3766	3039	71.301
3766	2791	69.00107
3766	3210	68.9126
3766	1663	68.429016
3766	1517	68.073975
3766	2406	68.00289
3766	39	67.98529
3766	3087	67.82001
3767	1094	20.633535
3767	1704	19.282816
3767	3260	18.476522
3767	300	18.204556
3767	527	17.903032
3767	318	17.749235
3767	265	17.682842
3767	36	17.619022
3767	296	17.409252
3767	608	17.356201
3768	1198	334.42728
3768	2797	328.3566
3768	592	319.2595
3768	1214	313.1143
3768	110	304.5968
3768	377	295.87766
3768	1527	295.387
3768	296	294.63672
3768	1573	291.30215
3768	2012	287.8143
3769	296	261.3129
3769	34	250.38792
3769	2918	250.23169
3769	1394	250.02165
3769	1079	247.81596
3769	235	247.67712
3769	593	245.69131
3769	1259	245.07574
3769	50	244.23451
3769	318	244.21753
3770	1265	190.31258
3770	1270	183.75218
3770	1198	175.10042
3770	2918	175.03
3770	1220	168.44989
3770	589	165.82487
3770	1210	165.53767
3770	608	164.20177
3770	1240	163.90248
3770	1288	160.8513
3771	2985	168.65968
3771	1129	156.46077
3771	2529	147.5383
3771	457	144.48972
3771	541	142.73134
3771	1573	140.10844
3771	1676	140.10416
3771	780	138.7486
3771	1270	138.46495
3771	1527	138.27158
3772	410	19.182926
3772	1517	17.002949
3772	1377	16.833725
3772	367	16.691801
3772	2011	16.281096
3772	1580	16.25545
3772	1270	16.005787
3772	1200	15.97096
3772	1127	15.880196
3772	3253	15.8025875
3773	1270	190.54541
3773	589	181.39932
3773	2000	181.07614
3773	457	178.58809
3773	2028	177.1762
3773	110	173.09532
3773	39	172.66786
3773	260	170.8914
3773	1036	170.58185
3773	1784	169.59288
3774	296	47.40976
3774	593	46.036224
3774	1196	44.715893
3774	589	44.635605
3774	2858	44.095448
3774	457	43.427937
3774	480	42.054005
3774	260	41.764046
3774	1198	41.75293
3774	1580	41.744934
3775	1265	69.85414
3775	1307	66.246574
3775	2918	66.14343
3775	1270	65.30085
3775	1136	63.96619
3775	2791	63.42604
3775	1197	63.00573
3775	2396	62.082203
3775	1259	61.223045
3775	1294	60.821354
3776	2797	39.760082
3776	1394	39.378605
3776	1307	39.167995
3776	2174	39.15995
3776	3039	38.433987
3776	3210	37.945076
3776	2915	35.765324
3776	2144	35.594204
3776	2406	35.569588
3776	1196	34.71374
3777	2916	91.86334
3777	858	90.80229
3777	2194	84.30336
3777	1374	83.93324
3777	1222	83.730515
3777	296	83.71147
3777	1617	83.396805
3777	1221	82.929726
3777	1097	82.86897
3777	527	82.010796
3778	780	300.75293
3778	1197	286.92816
3778	2028	283.61472
3778	349	280.56348
3778	2797	278.81403
3778	2628	275.4074
3778	2353	274.39243
3778	1608	272.9393
3778	356	272.35367
3778	1391	270.1504
3779	1247	30.029755
3779	1307	28.973677
3779	919	27.07362
3779	2243	26.374062
3779	1230	26.30234
3779	1947	26.228918
3779	916	25.98258
3779	2291	25.607445
3779	1225	25.461931
3779	969	25.233429
3780	2406	192.98405
3780	2640	185.4197
3780	2011	184.80348
3780	2987	180.90854
3780	1079	178.20944
3780	1387	178.12453
3780	1394	174.52182
3780	2470	173.91478
3780	1278	172.63704
3780	1136	171.85435
3781	296	56.9072
3781	2028	54.118347
3781	527	53.450253
3781	1213	53.078712
3781	457	52.509605
3781	1265	51.986473
3781	1617	51.67195
3781	2858	50.283634
3781	50	50.18084
3781	1393	50.052433
3782	1394	46.03477
3782	1259	43.72996
3782	2918	42.8962
3782	2797	41.07747
3782	1270	40.691833
3782	608	40.1794
3782	2352	40.16958
3782	2243	40.150604
3782	1285	39.51827
3782	2915	38.889263
3783	1270	16.281189
3783	1265	16.238716
3783	1	15.554925
3783	2716	15.550165
3783	1580	15.51204
3783	1197	14.917751
3783	1196	14.905557
3783	1307	14.856134
3783	2174	14.831093
3783	2791	14.761917
3784	296	37.332348
3784	593	36.53535
3784	1704	35.439945
3784	1265	34.70316
3784	1617	33.842106
3784	50	32.95922
3784	2762	32.729523
3784	1	32.563282
3784	1196	32.33579
3784	110	31.813791
3785	260	15.5024395
3785	2571	15.276748
3785	589	14.963899
3785	480	14.710282
3785	1580	14.57716
3785	1210	14.527296
3785	1240	14.23085
3785	1198	14.201475
3785	1214	14.188291
3785	1200	14.144052
3786	608	54.803223
3786	296	50.395134
3786	1213	48.748993
3786	527	44.649593
3786	1704	43.594635
3786	2395	43.55398
3786	1089	42.763844
3786	1358	42.57866
3786	36	41.771698
3786	2396	41.54864
3787	260	15.746249
3787	1270	15.053754
3787	1198	14.995037
3787	1136	14.598307
3787	1240	14.202658
3787	608	14.162007
3787	2396	14.122232
3787	2571	14.05349
3787	1580	13.993755
3787	1265	13.9149
3788	1196	17.913776
3788	1307	17.087585
3788	1198	16.53857
3788	1259	16.192614
3788	2797	15.874557
3788	1097	15.779186
3788	1265	15.509795
3788	2406	15.49284
3788	1079	15.474402
3788	260	15.388396
3789	296	115.27138
3789	1198	110.10699
3789	2858	110.0621
3789	1197	108.85157
3789	1213	106.46361
3789	858	106.40486
3789	1580	106.13045
3789	1394	105.979065
3789	1136	105.61321
3789	2997	103.09638
3790	1270	93.76229
3790	1200	92.28707
3790	924	88.93129
3790	589	87.65344
3790	1198	84.41972
3790	1079	82.754036
3790	480	82.52543
3790	2174	82.51786
3790	608	81.84344
3790	1278	81.21823
3791	1704	94.04789
3791	1617	86.60234
3791	1265	82.3881
3791	50	82.234344
3791	2396	81.52682
3791	2997	80.65679
3791	2291	80.632034
3791	2762	79.697815
3791	1673	79.022835
3791	1682	78.330414
3792	1220	346.55676
3792	1200	341.78293
3792	1307	337.9122
3792	2987	335.1262
3792	1079	325.41968
3792	3418	324.04282
3792	1214	322.68213
3792	1213	321.87573
3792	1370	321.36884
3792	1573	319.88928
3793	1517	73.726204
3793	1485	68.992676
3793	231	66.680016
3793	1	66.464195
3793	356	65.41442
3793	543	65.2475
3793	2124	64.69768
3793	1500	63.884605
3793	333	63.142258
3793	1580	63.08202
3794	2997	23.903828
3794	2355	23.879505
3794	2770	23.548964
3794	2959	23.343655
3794	2502	21.791183
3794	2762	21.592007
3794	2987	21.581738
3794	2541	21.498257
3794	1196	21.13223
3794	2700	20.939379
3795	608	20.676441
3795	296	20.485188
3795	2997	20.272392
3795	318	19.799366
3795	593	19.63163
3795	1196	19.324091
3795	1213	19.27224
3795	1617	19.244267
3795	50	18.938814
3795	2396	18.70325
3796	1079	118.36534
3796	1265	115.596886
3796	2174	115.293106
3796	2100	114.25014
3796	1294	114.18987
3796	3361	113.90165
3796	1136	113.814354
3796	1394	112.37344
3796	2791	111.84253
3796	1259	108.885704
3797	260	15.403383
3797	1198	14.8823395
3797	1291	14.471534
3797	1197	13.843311
3797	1270	13.190657
3797	2968	13.189987
3797	2987	13.177627
3797	1097	13.120555
3797	541	13.040644
3797	1210	12.924862
3798	608	25.261658
3798	593	23.448101
3798	2858	22.954464
3798	2028	22.577898
3798	1089	22.159895
3798	527	21.796547
3798	260	21.732693
3798	589	21.558243
3798	1265	21.432034
3798	1198	21.207235
3799	316	109.50867
3799	2916	106.57292
3799	1372	106.424515
3799	1580	105.932434
3799	2641	101.77886
3799	480	100.1691
3799	589	99.94273
3799	2012	99.590256
3799	2094	96.67324
3799	1214	95.48806
3800	1580	54.28009
3800	1196	54.176006
3800	480	53.848705
3800	457	53.49518
3800	1610	53.486774
3800	733	52.747425
3800	1240	52.73487
3800	780	52.60191
3800	1210	51.27092
3800	110	50.75975
3801	1130	88.21412
3801	1974	87.21574
3801	1128	83.70296
3801	253	82.36384
3801	2867	82.11469
3801	1997	81.06123
3801	2121	80.804
3801	2455	78.18823
3801	177	78.18174
3801	968	77.48519
3802	1196	7.719508
3802	1210	7.237213
3802	2571	7.173628
3802	1198	7.0961905
3802	589	7.025082
3802	480	6.9874163
3802	2916	6.8733025
3802	2028	6.8277593
3802	1240	6.788915
3802	457	6.7864857
3803	1196	14.967776
3803	1270	14.817874
3803	1197	14.578182
3803	260	14.431794
3803	1198	14.402296
3803	2797	14.011092
3803	1220	13.902454
3803	2174	13.830043
3803	1210	13.7714205
3803	1	13.7588
3804	1994	93.33505
3804	1334	84.92142
3804	924	81.08848
3804	1200	81.06782
3804	1206	80.89934
3804	1240	78.433624
3804	750	77.932655
3804	1128	76.95475
3804	2985	76.34993
3804	858	75.99633
3805	858	26.707087
3805	1214	26.044315
3805	1252	25.33836
3805	260	25.300587
3805	1196	24.965477
3805	1221	24.821743
3805	296	24.749025
3805	541	24.700996
3805	1387	24.687477
3805	904	24.36869
3806	1130	82.69272
3806	1974	79.8435
3806	2517	79.77895
3806	2118	75.604385
3806	1258	74.52782
3806	1983	71.20306
3806	366	71.19718
3806	2121	70.619675
3806	3018	69.89561
3806	2787	69.15332
3807	1321	188.77351
3807	196	161.89561
3807	2668	151.2123
3807	799	147.83722
3807	1200	147.0437
3807	2985	144.8279
3807	1240	142.83403
3807	2160	141.76091
3807	1196	140.96263
3807	2617	138.73866
3808	1197	406.06314
3808	1500	377.44086
3808	2987	373.82227
3808	2100	365.32663
3808	474	363.68298
3808	1387	359.609
3808	1396	354.16003
3808	2858	352.27478
3808	1584	350.87247
3808	10	344.80078
3809	1240	49.293686
3809	1036	46.509068
3809	1291	45.955193
3809	589	43.839527
3809	2571	43.748516
3809	2000	43.44978
3809	1374	42.954914
3809	592	42.718918
3809	2194	41.58085
3809	2916	41.519817
3810	1196	53.60409
3810	260	52.759003
3810	1221	48.95488
3810	1240	48.44978
3810	1197	47.61785
3810	1210	46.72111
3810	2947	46.6987
3810	608	46.66584
3810	2000	46.62896
3810	1291	46.386776
3811	1196	67.3029
3811	1270	65.27045
3811	1197	61.8939
3811	2174	60.553818
3811	260	60.07843
3811	2797	59.634815
3811	608	59.12919
3811	1036	59.08062
3811	2791	58.22171
3811	1307	56.97978
3812	1240	95.499084
3812	1200	93.819595
3812	2916	91.96486
3812	2985	88.00788
3812	1198	83.80093
3812	1356	83.14956
3812	780	82.860275
3812	924	79.83243
3812	1197	78.52769
3812	1036	78.473175
3813	858	65.27988
3813	1221	59.234722
3813	1617	59.07896
3813	527	59.044685
3813	923	58.744118
3813	1136	58.09355
3813	1219	57.72755
3813	908	57.69419
3813	593	57.642567
3813	1225	57.51654
3814	260	15.9514885
3814	1198	15.893293
3814	608	15.560889
3814	1270	15.412462
3814	1197	15.403981
3814	1387	15.043636
3814	1210	14.982952
3814	858	14.946398
3814	1240	14.943394
3814	2858	14.88682
3815	1197	114.09716
3815	608	111.416985
3815	296	109.4888
3815	1580	109.407555
3815	1200	108.36464
3815	480	106.60523
3815	1214	106.092064
3815	593	105.876884
3815	110	105.471146
3815	1079	105.26434
3816	2797	183.09279
3816	1291	167.13513
3816	2987	166.23773
3816	919	165.97044
3816	1073	163.43044
3816	1136	162.7098
3816	1265	161.25034
3816	2804	160.44911
3816	1374	156.30853
3816	3039	155.83418
3817	457	38.01985
3817	2916	37.516735
3817	1196	37.287727
3817	1210	35.448162
3817	377	35.410637
3817	593	35.228268
3817	260	35.090576
3817	318	34.86383
3817	1198	34.80657
3817	1265	34.629017
3818	2716	28.23397
3818	2710	27.183212
3818	2699	27.0847
3818	1127	25.205545
3818	223	25.166338
3818	2858	24.94859
3818	2694	24.688559
3818	2599	23.973848
3818	2762	23.933584
3818	2541	23.80514
3819	1356	86.65378
3819	1196	82.440544
3819	1210	82.20132
3819	457	80.30481
3819	1240	80.2973
3819	1391	79.977974
3819	1372	78.67912
3819	1270	78.56395
3819	377	78.32778
3819	733	77.30086
3820	1196	51.70909
3820	260	50.777893
3820	1374	47.02948
3820	2985	44.688885
3820	541	44.48442
3820	1356	43.888924
3820	1527	43.792564
3820	780	43.760807
3820	2628	43.548653
3820	2640	43.352917
3821	2289	250.69197
3821	1225	227.37329
3821	3424	226.27348
3821	235	222.10649
3821	1196	222.0686
3821	541	219.71466
3821	34	214.52315
3821	2064	214.34813
3821	1267	211.72212
3821	260	211.28357
3822	296	104.790634
3822	593	102.74903
3822	1196	98.73496
3822	50	96.30119
3822	858	95.64039
3822	2762	91.85723
3822	260	90.914024
3822	457	90.787025
3822	1259	89.67996
3822	2571	89.33536
3823	2916	251.29665
3823	50	240.50752
3823	2858	240.4386
3823	377	240.34094
3823	1259	237.13469
3823	1265	236.20387
3823	1197	235.9908
3823	1090	234.37971
3823	1270	230.99313
3823	2396	228.44583
3824	541	338.5161
3824	592	335.60855
3824	2406	333.36426
3824	1387	316.51062
3824	2011	310.70825
3824	1	307.62463
3824	1307	297.35703
3824	1136	295.78943
3824	1073	285.8221
3824	2858	281.74973
3825	1214	229.90741
3825	608	226.89851
3825	1294	226.25894
3825	1079	223.09338
3825	592	214.3456
3825	1200	214.13124
3825	1617	213.49063
3825	1278	210.32841
3825	1225	208.72688
3825	593	208.21745
3826	296	22.672312
3826	593	21.390944
3826	318	21.362438
3826	2997	21.361444
3826	1213	21.355349
3826	1617	20.579214
3826	50	20.47683
3826	1265	19.95091
3826	527	19.79229
3826	2396	19.741241
3827	780	112.596306
3827	733	109.58763
3827	1240	107.05273
3827	110	104.86949
3827	1196	104.73503
3827	1036	103.53022
3827	2028	102.69149
3827	349	101.763435
3827	648	101.67274
3827	1200	101.178
3828	1240	36.73336
3828	1210	33.062645
3828	2916	32.784946
3828	1374	32.22166
3828	924	32.119347
3828	1580	31.502766
3828	2985	31.097965
3828	480	30.155025
3828	1198	30.129974
3828	2529	29.93861
3829	39	267.38895
3829	1358	263.39008
3829	527	262.28708
3829	1673	259.23077
3829	1079	253.82677
3829	1060	251.65463
3829	36	251.44945
3829	21	250.76013
3829	2174	245.24297
3829	1885	242.9825
3830	318	80.66862
3830	593	80.5996
3830	1704	72.35356
3830	2028	71.300896
3830	858	71.07186
3830	1196	70.74756
3830	2396	70.084595
3830	1094	69.52912
3830	1089	69.169235
3830	111	68.96921
3831	457	91.24517
3831	480	86.47457
3831	1240	84.914055
3831	1580	84.84539
3831	260	81.80428
3831	1036	81.71143
3831	1213	81.15514
3831	32	80.966095
3831	1265	80.953545
3831	1198	79.5828
3832	1617	55.29009
3832	858	51.72346
3832	2997	49.745613
3832	1358	47.423294
3832	111	46.97174
3832	1247	46.89963
3832	1252	46.785603
3832	1196	46.45827
3832	2028	46.121666
3832	912	45.908844
3833	1580	181.56404
3833	260	181.12173
3833	2916	175.37254
3833	1240	173.81328
3833	1270	169.37961
3833	1200	168.93675
3833	1291	168.22366
3833	1	166.2875
3833	1610	163.27347
3833	1214	162.85675
3834	1270	333.77148
3834	1197	326.7933
3834	2797	316.63837
3834	2000	315.04578
3834	2028	307.067
3834	380	303.30728
3834	1610	301.39102
3834	780	297.41736
3834	1259	292.12003
3834	2858	291.69083
3835	1196	57.60507
3835	296	57.085144
3835	1617	55.37089
3835	1213	54.656136
3835	1198	54.649464
3835	527	52.567867
3835	2028	51.84008
3835	1270	51.734837
3835	858	51.589558
3835	1210	51.362823
3836	377	279.76947
3836	380	265.2557
3836	260	254.0217
3836	780	251.24763
3836	3256	247.95163
3836	648	247.12218
3836	1	246.25166
3836	1270	243.40419
3836	2716	237.91818
3836	1527	235.50713
3837	296	155.05048
3837	1197	137.88931
3837	2028	135.77417
3837	260	135.6897
3837	2918	135.27417
3837	1307	133.10571
3837	34	132.5092
3837	1	132.48999
3837	2797	131.7388
3837	1221	130.96118
3838	2997	9.509464
3838	608	8.79293
3838	1617	8.734768
3838	296	8.426259
3838	2336	8.18679
3838	2908	8.184938
3838	527	8.139979
3838	50	8.055856
3838	2599	8.006079
3838	1094	7.9834785
3839	1580	71.074905
3839	2571	68.57473
3839	2916	68.482445
3839	589	67.14653
3839	480	67.083496
3839	377	65.93078
3839	1610	65.599434
3839	780	64.9074
3839	1573	64.05213
3839	2028	63.551712
3840	1196	57.503616
3840	1197	55.936275
3840	1198	54.66396
3840	260	53.599586
3840	1259	53.373756
3840	2797	52.357716
3840	1210	52.095367
3840	1079	52.08282
3840	2174	51.82675
3840	608	51.59427
3841	608	372.19983
3841	1208	340.15643
3841	1200	339.10303
3841	1097	334.3825
3841	111	326.4999
3841	1242	319.66855
3841	750	316.4512
3841	2858	312.91632
3841	1193	311.65213
3841	2918	308.56842
3842	1196	280.6552
3842	2797	278.91223
3842	1259	274.36182
3842	1213	255.4409
3842	2396	250.1744
3842	1210	248.98892
3842	1097	245.53539
3842	2987	245.21051
3842	32	243.23582
3842	1500	243.01234
3843	39	27.075281
3843	3255	25.933432
3843	3253	25.644331
3843	440	25.53594
3843	587	25.049408
3843	597	25.04118
3843	1485	24.954998
3843	1569	24.948896
3843	1784	24.804152
3843	2302	24.79275
3844	2517	59.513123
3844	1982	57.303368
3844	1130	57.12124
3844	1345	56.651966
3844	1407	55.183147
3844	1387	54.484646
3844	1997	54.16103
3844	2148	53.5147
3844	2121	53.237972
3844	1350	53.084713
3845	1240	72.04293
3845	589	69.92265
3845	1200	69.32101
3845	541	68.57878
3845	1214	68.418724
3845	1097	67.69322
3845	2916	66.15188
3845	1291	64.15578
3845	32	62.89577
3845	2985	62.828323
3846	2918	44.37849
3846	608	43.042465
3846	1259	42.82486
3846	1307	42.7266
3846	1196	42.303356
3846	2997	42.15202
3846	2791	42.10714
3846	1197	41.96993
3846	2174	41.9278
3846	1265	41.588604
3847	2571	211.72542
3847	1036	198.60242
3847	377	196.35655
3847	1573	192.67899
3847	1	190.96544
3847	316	186.81369
3847	1265	185.44638
3847	1356	183.31699
3847	2011	179.36716
3847	349	177.49127
3848	608	68.968254
3848	1196	65.53417
3848	260	62.82846
3848	1270	62.542435
3848	1198	62.52579
3848	1617	62.313034
3848	589	62.1306
3848	50	61.675186
3848	858	61.188732
3848	1197	61.07027
3849	260	51.312828
3849	589	49.140144
3849	2916	48.636894
3849	541	48.1405
3849	2985	47.895947
3849	2640	46.82017
3849	1376	46.107468
3849	2105	44.484383
3849	1198	44.06782
3849	1356	43.368126
3850	2997	185.42883
3850	2396	180.87996
3850	2571	179.7519
3850	1393	174.26978
3850	110	172.50642
3850	377	170.7981
3850	21	169.84457
3850	1641	169.28061
3850	1732	168.90979
3850	2291	167.8782
3851	2762	41.225193
3851	2395	39.193848
3851	2502	38.758453
3851	2396	37.91801
3851	2700	37.760307
3851	2987	36.718014
3851	3081	36.4265
3851	1513	36.22529
3851	2688	35.628952
3851	3174	35.581463
3852	608	36.35036
3852	1196	36.02463
3852	1221	35.813683
3852	2716	35.25344
3852	260	34.625244
3852	1252	34.61973
3852	593	34.22963
3852	1617	34.016853
3852	318	33.6721
3852	1247	33.625477
3853	2571	270.67773
3853	377	254.04965
3853	2985	243.16948
3853	1374	236.99217
3853	1270	236.17703
3853	2194	232.79305
3853	349	232.3146
3853	2640	227.81404
3853	2001	227.6247
3853	474	221.0463
3854	608	65.40176
3854	318	63.86788
3854	593	63.105766
3854	1213	61.705807
3854	2858	60.146435
3854	1265	59.161625
3854	2762	57.880413
3854	110	57.29842
3854	2571	56.775448
3854	47	56.181858
3855	1370	87.80559
3855	1196	83.834236
3855	2353	83.53065
3855	1240	83.44072
3855	110	83.34442
3855	1552	80.35951
3855	1210	79.99903
3855	260	79.37981
3855	1036	79.22422
3855	10	77.96577
3856	1214	16.39947
3856	1127	15.876575
3856	1200	15.821922
3856	2640	15.425356
3856	1210	15.2249
3856	1374	15.156918
3856	1196	14.877231
3856	541	14.845439
3856	2529	14.804323
3856	1240	14.7739105
3857	1270	50.805214
3857	2716	49.26425
3857	1394	49.069138
3857	1307	47.70482
3857	1196	46.301296
3857	1259	46.164948
3857	1663	45.99257
3857	3210	45.97636
3857	1968	45.457455
3857	3361	45.30018
3858	1097	94.00769
3858	1198	93.729034
3858	1196	93.673836
3858	1270	92.52138
3858	2797	91.69755
3858	1079	90.0987
3858	260	89.6781
3858	2100	88.879944
3858	1028	88.83883
3858	2174	88.38907
3859	1527	190.64476
3859	377	185.54036
3859	380	183.17595
3859	648	175.06017
3859	110	173.73589
3859	1196	173.032
3859	1200	166.71867
3859	1552	165.0802
3859	1377	163.85434
3859	367	161.46341
3860	2571	92.621025
3860	2985	89.24411
3860	2640	87.09404
3860	1198	84.28142
3860	2628	82.41165
3860	1375	80.93004
3860	1527	80.85999
3860	32	80.34413
3860	1197	79.052536
3860	1372	77.6453
3861	608	32.625835
3861	527	30.440893
3861	1196	30.125702
3861	50	30.02672
3861	2762	29.813795
3861	110	29.536592
3861	457	29.453825
3861	589	28.883762
3861	1198	27.957853
3861	480	27.617605
3862	2858	27.549465
3862	593	26.952988
3862	296	26.708347
3862	318	26.68638
3862	2997	26.30236
3862	1617	26.15327
3862	1196	26.123735
3862	1580	25.361465
3862	50	25.28117
3862	589	25.121252
3863	480	27.738016
3863	1240	26.128658
3863	1196	25.942322
3863	110	25.573769
3863	1610	25.499008
3863	377	25.119606
3863	260	24.751215
3863	1200	24.335585
3863	1036	24.246916
3863	2628	24.14789
3864	858	150.69954
3864	1247	148.63564
3864	1221	137.96797
3864	904	137.9128
3864	1230	137.57951
3864	1208	137.0039
3864	3363	134.13504
3864	1276	134.13142
3864	541	131.47786
3864	527	128.57523
3865	2997	19.404055
3865	2959	16.955122
3865	2908	16.252907
3865	2599	15.454487
3865	3006	15.39991
3865	296	15.216026
3865	3186	15.193611
3865	608	15.074651
3865	3160	15.041922
3865	3408	14.63675
3866	457	44.785973
3866	589	43.68575
3866	1610	42.32932
3866	1036	42.177734
3866	2916	42.152058
3866	260	41.927174
3866	608	41.85455
3866	1200	41.84169
3866	1210	41.29396
3866	1198	41.196365
3867	1240	41.174145
3867	1200	39.529095
3867	1214	38.613247
3867	1580	37.727676
3867	589	37.672253
3867	1036	37.611332
3867	2571	37.31902
3867	2640	37.150604
3867	2000	36.483543
3867	2985	36.476757
3868	589	133.26245
3868	2916	133.12451
3868	457	132.12769
3868	377	131.1198
3868	110	130.04033
3868	1265	129.64761
3868	593	126.57051
3868	2268	125.09769
3868	32	124.75922
3868	1610	124.11026
3869	2716	23.801823
3869	223	21.5455
3869	2699	21.110115
3869	2694	20.688063
3869	2762	20.428455
3869	2770	20.35505
3869	2987	20.20744
3869	1513	20.12195
3869	785	20.051785
3869	2599	19.792238
3870	2997	13.606799
3870	1196	13.006779
3870	2716	12.626557
3870	296	12.505473
3870	2571	12.478075
3870	593	12.188884
3870	318	12.140183
3870	1270	12.090252
3870	608	11.942021
3870	2762	11.910605
3871	2918	71.86527
3871	1517	69.3382
3871	1923	69.18204
3871	2797	68.519844
3871	356	66.016945
3871	1500	65.178276
3871	1197	64.476906
3871	1968	63.70447
3871	2302	63.395893
3871	1079	62.667652
3872	608	43.87563
3872	318	43.43233
3872	50	41.476852
3872	2028	41.215763
3872	2997	40.81148
3872	527	40.189175
3872	1265	39.841335
3872	1196	39.71574
3872	2396	39.095943
3872	2571	39.016945
3873	260	35.047764
3873	1196	34.95661
3873	541	34.167683
3873	1210	32.782253
3873	1198	32.471653
3873	919	32.34216
3873	1270	32.28457
3873	1225	32.20347
3873	1240	31.738657
3873	3363	31.542229
3874	1200	106.69453
3874	2916	103.48169
3874	2571	101.15537
3874	780	94.67796
3874	2021	93.92862
3874	2641	92.91206
3874	1371	91.18454
3874	2527	85.2507
3874	2140	83.37319
3874	1573	82.659386
3875	1196	22.961008
3875	1127	22.396683
3875	2987	22.36178
3875	1210	21.277905
3875	260	21.17193
3875	2858	20.608646
3875	2571	20.369665
3875	1240	20.24882
3875	1198	20.171885
3875	2706	20.071959
3876	296	24.22122
3876	608	24.00694
3876	593	23.15538
3876	527	21.24113
3876	2762	20.434788
3876	1089	20.337933
3876	457	19.94684
3876	110	19.939718
3876	2997	19.897427
3876	1196	19.863682
3877	1196	11.916653
3877	1270	11.875237
3877	260	11.673721
3877	919	11.55786
3877	1136	11.519575
3877	858	11.495997
3877	608	11.316675
3877	750	11.295642
3877	1259	11.259003
3877	1252	11.155347
3878	2000	288.3662
3878	1079	284.5887
3878	1036	265.82227
3878	2100	262.98022
3878	1097	262.88287
3878	1136	261.9037
3878	1240	260.41003
3878	2915	256.72803
3878	1213	252.88489
3878	593	251.81702
3879	1580	18.741177
3879	780	18.722483
3879	1240	18.649984
3879	1036	18.600739
3879	2571	18.49822
3879	2916	18.443018
3879	457	18.279617
3879	1196	18.259933
3879	377	18.220736
3879	480	18.16562
3880	296	48.51288
3880	318	48.454765
3880	1196	47.53636
3880	1617	45.51693
3880	1198	45.36205
3880	260	44.475456
3880	50	43.896976
3880	1265	43.78283
3880	110	42.668255
3880	457	42.530552
3881	3253	55.142654
3881	2918	54.999928
3881	39	54.71278
3881	1517	54.69562
3881	1580	54.267277
3881	2395	51.82923
3881	2700	51.747597
3881	608	51.44088
3881	1079	51.40363
3881	296	51.20963
3882	1094	117.67547
3882	300	111.34126
3882	2890	109.956696
3882	778	109.142815
3882	1265	105.57463
3882	2291	104.77036
3882	1834	104.55236
3882	457	104.067955
3882	21	103.44599
3882	150	102.31777
3883	2997	10.372095
3883	2762	9.588424
3883	318	9.475457
3883	593	9.439033
3883	296	9.431743
3883	1704	9.098814
3883	2028	9.04507
3883	608	8.952886
3883	2599	8.935329
3883	1265	8.868418
3884	1079	233.79832
3884	1	232.20602
3884	1259	229.47478
3884	1210	225.0737
3884	2716	224.10542
3884	1288	218.98032
3884	593	217.42966
3884	1220	214.997
3884	1307	214.13307
3884	2997	213.23698
3885	1200	284.91898
3885	457	249.85052
3885	1291	244.7351
3885	592	242.00441
3885	1387	232.61664
3885	858	231.07681
3885	2000	230.27261
3885	110	228.71674
3885	3175	218.86603
3885	733	217.23117
3886	1196	73.218765
3886	1240	71.88158
3886	480	71.76356
3886	1200	68.93411
3886	1210	67.74137
3886	1374	66.952965
3886	1270	65.053474
3886	541	64.92833
3886	2985	64.73547
3886	1127	63.71002
3887	527	141.87013
3887	1265	139.87186
3887	457	137.06282
3887	3418	137.00107
3887	1213	136.48297
3887	1617	134.66464
3887	2396	134.06647
3887	2916	133.55673
3887	589	132.87114
3887	50	129.89183
3888	1252	97.15857
3888	1247	96.32555
3888	608	91.34637
3888	1294	86.52135
3888	1136	83.604
3888	1267	82.374504
3888	913	82.1502
3888	3363	81.77595
3888	527	81.63388
3888	1250	81.37414
3889	1252	96.13159
3889	608	92.392845
3889	924	91.117256
3889	541	89.52645
3889	1221	88.87853
3889	260	88.870865
3889	1208	88.18352
3889	919	88.14976
3889	1617	87.898384
3889	1304	86.08336
3890	1500	49.926872
3890	2716	49.78652
3890	2858	49.575657
3890	1197	48.548203
3890	1517	47.834618
3890	2321	47.700645
3890	3253	47.65406
3890	39	47.49975
3890	1394	47.273026
3890	2396	47.2319
3891	1247	51.794643
3891	912	51.173607
3891	1136	50.52284
3891	1294	50.101597
3891	1252	49.523365
3891	908	49.415413
3891	1196	48.458298
3891	924	48.244045
3891	1278	47.960716
3891	541	47.846313
3892	1214	271.1421
3892	1036	262.73083
3892	1097	259.63095
3892	2174	253.95944
3892	592	253.78314
3892	1259	250.67664
3892	2640	250.51653
3892	919	247.01494
3892	1387	244.94832
3892	1394	244.63062
3893	1903	2.030302
3893	2326	1.7817619
3893	1181	1.7189373
3893	1307	1.6379154
3893	3104	1.6321816
3893	3361	1.6313745
3893	921	1.6308243
3893	2405	1.6262851
3893	2352	1.6089457
3893	1079	1.5926646
3894	593	90.750145
3894	1265	89.8427
3894	1394	89.72397
3894	1259	88.217
3894	2028	88.038826
3894	1270	86.79095
3894	1240	85.48782
3894	1	84.83238
3894	2716	84.381325
3894	1214	84.25767
3895	1265	39.06572
3895	39	39.033615
3895	1704	35.393524
3895	25	35.23504
3895	608	35.02722
3895	318	34.5919
3895	356	34.56066
3895	527	34.27759
3895	11	34.212975
3895	1641	33.979393
3896	1215	67.252235
3896	1387	65.75035
3896	1974	65.33754
3896	1690	65.18218
3896	1214	65.13463
3896	1991	65.06196
3896	2118	64.775894
3896	1982	64.73421
3896	1200	62.40403
3896	2148	62.247734
3897	858	11.729521
3897	1198	11.623488
3897	260	10.993665
3897	1221	10.847818
3897	1291	10.716602
3897	1196	10.64489
3897	1214	10.319615
3897	919	10.227619
3897	1387	10.217145
3897	1247	10.051641
3898	858	72.21917
3898	919	66.49481
3898	1247	66.46118
3898	923	65.15431
3898	1213	64.650856
3898	1225	64.59804
3898	1196	64.592445
3898	1294	64.34147
3898	593	64.20009
3898	908	63.68874
3899	2762	32.600433
3899	2395	31.92712
3899	2355	31.821041
3899	2770	30.677034
3899	2396	30.663177
3899	608	30.52632
3899	2700	30.442324
3899	593	29.583511
3899	296	29.565357
3899	2987	29.533348
3900	2628	238.13292
3900	2174	237.2785
3900	1200	233.2652
3900	2194	231.89496
3900	2985	226.86632
3900	1374	225.19644
3900	2791	224.73557
3900	2100	221.46545
3900	3253	220.9888
3900	593	220.42928
3901	2997	33.825844
3901	2502	33.112198
3901	2694	32.877903
3901	2762	32.160755
3901	2541	31.937113
3901	2716	31.504871
3901	2712	30.645542
3901	3081	30.059263
3901	2699	29.89303
3901	3176	29.446413
3902	2916	157.36989
3902	589	150.16321
3902	2571	149.53809
3902	1200	147.7679
3902	733	146.35075
3902	3256	141.9847
3902	2194	141.2705
3902	1573	139.52522
3902	1275	138.83562
3902	1527	137.58032
3903	1270	93.25821
3903	1220	92.311386
3903	2797	89.4371
3903	1197	89.096535
3903	2174	87.8433
3903	1259	87.7133
3903	1079	87.22232
3903	2918	86.64556
3903	2406	86.105774
3903	589	85.64352
3904	1196	84.27771
3904	1580	80.659744
3904	1270	79.679276
3904	260	78.724236
3904	1197	78.68019
3904	457	76.486786
3904	2916	76.13382
3904	110	75.297676
3904	1200	73.80227
3904	592	72.47989
3905	260	69.82818
3905	608	68.68413
3905	2028	67.071
3905	1270	66.06217
3905	1198	65.87048
3905	1240	65.27724
3905	296	65.11567
3905	1210	65.06307
3905	1197	64.92658
3905	1265	64.39308
3906	1196	54.55015
3906	1198	54.18264
3906	260	52.389668
3906	2000	51.63098
3906	2916	48.947723
3906	592	48.9021
3906	2571	48.325275
3906	1374	46.553104
3906	2985	46.046032
3906	1197	45.833656
3907	3253	33.348866
3907	2321	33.23593
3907	356	33.06881
3907	1641	32.428905
3907	2396	31.892292
3907	296	30.629902
3907	2997	30.139204
3907	608	30.099922
3907	357	30.08666
3907	440	30.060146
3908	296	64.72385
3908	2858	62.94188
3908	318	61.730064
3908	593	60.195084
3908	527	60.17745
3908	1704	59.408012
3908	1213	58.98543
3908	1641	57.072376
3908	36	56.436882
3908	2395	56.37866
3909	2858	50.16573
3909	2706	48.195423
3909	2699	45.25424
3909	2710	44.235207
3909	2571	43.84412
3909	1196	43.240902
3909	2396	42.74253
3909	589	41.755753
3909	2028	41.133015
3909	480	41.041607
3910	1196	182.02992
3910	1198	177.05225
3910	1214	163.33812
3910	110	159.11899
3910	1370	155.9642
3910	2194	155.83823
3910	380	149.41167
3910	1222	148.83643
3910	1270	147.99088
3910	1356	147.96161
3911	2716	12.348685
3911	1036	11.633521
3911	1196	11.563911
3911	1580	11.428266
3911	592	11.427182
3911	2001	11.386333
3911	1220	11.356907
3911	1270	11.157621
3911	2918	11.077243
3911	2571	11.063576
3912	1196	82.493675
3912	260	80.846504
3912	608	76.80888
3912	919	73.842705
3912	1617	73.42889
3912	1036	73.21984
3912	1210	73.0772
3912	589	71.6718
3912	296	71.03113
3912	593	71.000046
3913	457	126.8508
3913	377	125.509384
3913	589	124.34998
3913	780	119.19125
3913	1196	119.06597
3913	21	118.67727
3913	1210	116.71962
3913	1198	114.548676
3913	1291	113.23478
3913	3255	113.10107
3914	1196	86.343895
3914	1580	82.85247
3914	260	82.00136
3914	1036	80.823875
3914	110	79.26395
3914	1198	78.36578
3914	2000	76.13591
3914	780	75.80123
3914	1291	74.92224
3914	1573	74.58937
3915	593	13.964238
3915	2997	13.706773
3915	2762	13.545228
3915	318	13.475284
3915	296	13.303628
3915	608	13.054535
3915	2959	12.720896
3915	50	12.53235
3915	527	12.354131
3915	1617	12.221405
3916	1240	324.35675
3916	608	321.01874
3916	457	303.0391
3916	1036	298.89444
3916	1213	297.61533
3916	1617	294.45297
3916	50	290.08353
3916	2716	289.48453
3916	1610	286.38425
3916	780	284.01102
3917	2916	65.4624
3917	733	64.40655
3917	1370	64.28011
3917	2353	63.521584
3917	2762	61.976784
3917	1573	61.681454
3917	2028	61.56598
3917	474	61.218166
3917	110	60.59451
3917	480	59.91645
3918	2716	17.298182
3918	2997	16.722883
3918	2599	15.368303
3918	223	14.931021
3918	2762	14.909485
3918	608	14.565823
3918	1196	14.130954
3918	2987	14.121972
3918	593	14.109784
3918	2959	14.0118
3919	1196	36.727364
3919	1580	36.27386
3919	260	35.42543
3919	1210	35.176636
3919	480	34.634636
3919	2571	34.480057
3919	1198	34.216576
3919	1240	33.87837
3919	589	33.871967
3919	2000	33.659416
3920	2716	42.115128
3920	223	40.062397
3920	2355	38.783546
3920	2599	37.65383
3920	2571	37.46303
3920	2987	37.16328
3920	1127	36.974586
3920	1196	36.406483
3920	1580	36.308598
3920	589	36.241814
3921	1213	64.96022
3921	457	61.0401
3921	2571	60.051003
3921	47	57.306427
3921	1	57.25676
3921	2268	56.809536
3921	1500	56.046173
3921	480	55.55978
3921	1196	55.349094
3921	1682	55.118233
3922	1517	85.00052
3922	1923	84.66608
3922	1265	83.633995
3922	1	78.66659
3922	3255	77.41928
3922	2321	76.340614
3922	1777	75.70914
3922	2716	75.28533
3922	1500	75.26446
3922	2174	75.04832
3923	1374	93.96992
3923	1200	89.7626
3923	2640	88.47782
3923	2985	88.02475
3923	2916	87.024826
3923	1375	83.959496
3923	2968	80.97693
3923	1527	79.8208
3923	2011	78.50596
3923	32	77.127235
3924	1617	50.6003
3924	858	47.84123
3924	1196	47.23132
3924	541	47.05831
3924	260	46.240646
3924	1213	46.10286
3924	1208	46.09101
3924	296	46.077873
3924	1214	45.92571
3924	1198	45.022102
3925	2916	76.74314
3925	2762	76.258484
3925	480	75.21988
3925	1270	74.973976
3925	2987	74.722984
3925	1580	72.96934
3925	593	72.29853
3925	608	72.28658
3925	2355	71.29098
3925	1617	70.78386
3926	1196	33.9174
3926	1198	32.743027
3926	1270	31.177681
3926	2571	31.030472
3926	1265	30.969501
3926	1210	30.965454
3926	1036	30.96204
3926	1240	30.87233
3926	592	30.803131
3926	260	30.781603
3927	457	108.41247
3927	2028	101.68104
3927	318	100.54857
3927	1580	100.472755
3927	1393	100.07706
3927	480	99.33555
3927	589	97.75899
3927	2571	97.392654
3927	593	97.22599
3927	2916	96.97263
3928	480	21.541185
3928	1240	20.952765
3928	1196	20.382515
3928	1527	19.89392
3928	780	19.633507
3928	1210	19.546593
3928	260	19.404942
3928	1356	18.987637
3928	457	18.911919
3928	1214	18.527437
3929	592	297.95364
3929	1291	292.63214
3929	1370	276.35425
3929	260	274.33047
3929	2640	263.93597
3929	1214	261.38046
3929	2628	255.38817
3929	1387	255.38435
3929	648	253.16927
3929	1259	249.38095
3930	1196	124.54276
3930	260	124.23003
3930	1198	117.78597
3930	541	113.56138
3930	924	111.10514
3930	1294	110.79159
3930	1210	110.7798
3930	1097	109.88623
3930	858	109.38215
3930	1304	109.00852
3931	2396	116.11024
3931	2858	111.34049
3931	608	109.59556
3931	318	106.93461
3931	593	106.318756
3931	1196	106.17565
3931	1580	105.94231
3931	39	105.40045
3931	1	104.69495
3931	2571	104.64871
3932	1266	18.8317
3932	2922	18.572735
3932	2194	17.87249
3932	2944	17.68963
3932	1610	17.481312
3932	2000	17.318651
3932	1036	17.280216
3932	1222	17.13814
3932	1214	16.48413
3932	1240	16.452429
3933	608	18.96062
3933	1196	18.19965
3933	527	18.007439
3933	296	17.903225
3933	2396	17.485441
3933	1270	17.393852
3933	260	17.262053
3933	1617	17.245792
3933	2028	17.06937
3933	1265	17.066652
3934	1210	219.60971
3934	2916	218.28136
3934	589	215.20735
3934	780	212.54024
3934	1220	212.20413
3934	2987	208.80197
3934	1198	207.79347
3934	1200	205.67282
3934	1097	205.27019
3934	592	204.19049
3935	2028	96.753136
3935	593	96.28594
3935	457	96.20225
3935	1196	95.042496
3935	318	93.14678
3935	2571	93.08831
3935	589	92.187386
3935	1036	91.065544
3935	1580	91.00627
3935	1197	90.63948
3936	608	29.820152
3936	1	28.478287
3936	2858	28.08278
3936	296	27.81295
3936	1265	27.688744
3936	318	27.477798
3936	593	26.823984
3936	527	26.72297
3936	1196	26.676626
3936	50	26.630106
3937	1580	65.82019
3937	1196	65.096565
3937	1198	63.07282
3937	1240	62.26825
3937	1036	61.95211
3937	260	61.290565
3937	377	61.09255
3937	1291	60.606796
3937	1270	59.936447
3937	1200	58.837513
3938	2599	49.62257
3938	2716	49.249634
3938	2762	46.367188
3938	2700	43.965954
3938	2712	43.697544
3938	2770	42.924088
3938	2987	42.802147
3938	2699	42.058506
3938	608	40.773018
3938	296	40.531754
3939	1221	9.811114
3939	1252	9.280072
3939	1196	8.233462
3939	260	8.053248
3939	1198	8.021008
3939	750	7.9557667
3939	904	7.8717747
3939	1267	7.837895
3939	1036	7.790242
3939	923	7.7624397
3940	1265	232.91724
3940	50	211.40347
3940	2571	207.85312
3940	1270	207.40143
3940	32	202.33376
3940	39	200.91376
3940	1500	200.8106
3940	1259	200.2356
3940	1210	198.67589
3940	2762	197.98822
3941	1690	22.673315
3941	1342	22.377045
3941	1320	21.718563
3941	1717	21.693657
3941	1215	20.482647
3941	879	20.15023
3941	1645	20.120441
3941	2328	20.118801
3941	1644	19.90094
3941	177	19.43221
3942	1214	227.32797
3942	1200	225.85287
3942	1387	213.85161
3942	1270	211.76974
3942	1610	204.54324
3942	541	201.28514
3942	780	200.81918
3942	1573	196.9893
3942	2174	193.22751
3942	1222	191.99213
3943	39	53.070324
3943	2321	52.68786
3943	1641	51.532394
3943	608	50.5931
3943	1500	50.25655
3943	296	49.02638
3943	2997	48.91425
3943	1197	48.614124
3943	1270	48.59085
3943	3255	48.07724
3944	1265	39.08354
3944	2918	38.96441
3944	1270	38.95104
3944	1079	37.97747
3944	1196	37.588795
3944	1259	37.54861
3944	1	37.135643
3944	608	37.097137
3944	2000	36.732067
3944	1198	36.36931
3945	1198	213.868
3945	260	211.50484
3945	1197	210.46019
3945	1240	202.63821
3945	1259	201.4642
3945	2406	198.98761
3945	2987	198.87561
3945	2100	198.27449
3945	1200	197.22789
3945	1	196.71669
3946	2916	189.15546
3946	589	186.88533
3946	1036	180.43953
3946	260	179.35991
3946	110	178.474
3946	1240	177.4932
3946	592	176.38905
3946	2918	175.10097
3946	2987	169.18213
3946	1220	168.72859
3947	1196	93.0768
3947	2916	90.5666
3947	1200	88.52343
3947	541	86.94984
3947	1210	85.59953
3947	1270	84.98645
3947	2985	84.24121
3947	1198	79.83172
3947	1356	79.53995
3947	2628	79.13419
3948	1234	55.094746
3948	1079	54.394024
3948	1230	53.302673
3948	1080	52.00092
3948	1307	51.86461
3948	2300	51.69567
3948	1304	51.107975
3948	2918	50.781853
3948	2791	50.447113
3948	3361	50.350426
3949	1201	41.05332
3949	1196	40.733112
3949	260	40.399776
3949	1221	39.981647
3949	2944	38.74355
3949	1222	38.562202
3949	2951	38.184082
3949	1272	37.87171
3949	1198	37.37672
3949	1387	37.194885
3950	2997	36.62259
3950	223	35.42632
3950	1923	35.242077
3950	1	34.584644
3950	3253	34.026268
3950	296	33.21704
3950	39	33.133575
3950	1517	33.072636
3950	2395	32.795944
3950	1580	32.676693
3951	1580	157.44635
3951	2916	152.49258
3951	1291	151.57977
3951	1240	150.33339
3951	592	150.09311
3951	780	148.5005
3951	1210	148.03976
3951	377	136.37769
3951	648	134.53174
3951	380	134.36763
3952	2174	23.176907
3952	1	23.168547
3952	1270	23.119537
3952	260	22.59929
3952	595	22.550446
3952	2797	22.422527
3952	919	22.407478
3952	34	22.389902
3952	1196	22.282095
3952	1265	22.200577
3953	480	156.53647
3953	260	152.25127
3953	1200	151.47292
3953	1197	147.08623
3953	1291	143.97746
3953	1198	143.86166
3953	2640	141.04918
3953	1036	139.98471
3953	1127	139.65616
3953	1214	138.31924
3954	2571	42.300232
3954	1200	42.28255
3954	2916	41.9435
3954	1210	41.820133
3954	2985	39.61093
3954	1291	38.038715
3954	2628	37.281082
3954	1127	37.249386
3954	1527	36.988194
3954	780	36.855812
3955	2916	114.495224
3955	380	113.3279
3955	1580	112.82285
3955	1036	106.75907
3955	2028	101.96507
3955	592	101.4758
3955	1527	100.776146
3955	1291	100.68316
3955	1240	99.89607
3955	1196	97.61618
3956	1196	18.55574
3956	260	17.831324
3956	589	17.592377
3956	2571	17.444681
3956	1210	17.298622
3956	1580	17.179062
3956	1270	16.970757
3956	1198	16.691025
3956	1240	16.5953
3956	2716	16.570255
3957	1198	179.61626
3957	2000	179.31523
3957	527	173.84932
3957	1617	173.67018
3957	260	171.35681
3957	3418	167.64351
3957	592	164.93224
3957	1387	163.77318
3957	1200	162.9323
3957	1097	162.35063
3958	1580	91.645386
3958	1	87.749825
3958	1270	83.297806
3958	2797	83.0377
3958	2406	82.76877
3958	440	82.396454
3958	480	82.24588
3958	2571	82.098434
3958	457	81.82409
3958	1210	80.8555
3959	858	3.417102
3959	1247	3.3660803
3959	111	3.2846406
3959	750	3.2609549
3959	1252	3.1317797
3959	912	3.061692
3959	1219	3.0302727
3959	923	3.0190625
3959	608	2.9948523
3959	1294	2.9923854
3960	1196	24.219505
3960	1307	23.805025
3960	2797	23.082035
3960	1198	23.040417
3960	1197	23.033337
3960	1097	22.796642
3960	919	22.440279
3960	2174	22.179728
3960	260	22.121435
3960	1210	21.841476
3961	2916	136.31407
3961	1375	127.66401
3961	2528	121.694534
3961	2641	121.11525
3961	1198	118.64342
3961	1372	118.408775
3961	3070	114.92628
3961	1387	113.915436
3961	1197	113.81977
3961	2288	111.92515
3962	733	34.78798
3962	457	33.681774
3962	1610	33.565
3962	380	33.36931
3962	1580	33.273125
3962	1036	33.25249
3962	780	32.938828
3962	480	32.551933
3962	377	32.449512
3962	1608	32.193447
3963	858	263.38824
3963	1136	252.2797
3963	1213	235.4989
3963	1221	234.4932
3963	1208	233.05302
3963	296	232.96162
3963	34	228.24374
3963	1288	221.61143
3963	541	220.63339
3963	50	216.2481
3964	1036	53.6195
3964	1610	53.208344
3964	457	52.46721
3964	592	50.513428
3964	377	50.46218
3964	2916	49.616795
3964	1240	49.156094
3964	3256	48.83622
3964	1196	48.65033
3964	589	48.147457
3965	2916	154.03944
3965	110	151.62482
3965	480	149.67764
3965	1036	149.49113
3965	1580	147.83888
3965	1240	144.42522
3965	1198	140.36533
3965	474	138.86162
3965	260	138.52238
3965	1127	138.38232
3966	1265	40.584805
3966	1	39.92108
3966	2858	39.91478
3966	296	39.762035
3966	1704	39.387146
3966	2396	38.697926
3966	1196	37.168922
3966	1617	37.125164
3966	356	37.021534
3966	1580	36.75701
3967	1270	177.23734
3967	2716	172.55241
3967	1196	167.10785
3967	2396	166.91522
3967	1580	164.93248
3967	1198	159.91956
3967	2406	158.54793
3967	1394	158.17323
3967	3255	157.73238
3967	260	155.24113
3968	1527	68.90972
3968	780	68.87846
3968	380	68.4181
3968	1036	68.25676
3968	165	67.943054
3968	648	66.632225
3968	1552	66.22465
3968	1240	65.10777
3968	10	64.93471
3968	1608	64.36839
3969	1580	12.696659
3969	2028	12.503932
3969	589	12.330408
3969	1196	12.195468
3969	260	12.145062
3969	2571	12.040867
3969	2916	11.701928
3969	1210	11.62776
3969	608	11.506663
3969	2762	11.349049
3970	1580	150.34079
3970	1527	140.17584
3970	110	135.19069
3970	2028	134.47185
3970	1917	131.98518
3970	1676	131.48698
3970	2628	130.23418
3970	1196	130.17155
3970	1240	129.41667
3970	2699	127.34732
3971	1923	211.24068
3971	1517	202.89508
3971	1196	201.59314
3971	2918	201.42474
3971	2571	197.66357
3971	480	193.11533
3971	2291	192.1945
3971	50	190.5089
3971	2762	190.47565
3971	589	189.87074
3972	2355	14.538908
3972	223	14.474161
3972	2716	14.351082
3972	2997	13.861245
3972	1196	13.736577
3972	2770	13.71173
3972	2959	13.51341
3972	2571	13.513137
3972	2762	13.41108
3972	2599	13.258514
3973	2858	54.676758
3973	2997	52.39773
3973	1127	47.120415
3973	2028	45.282917
3973	2571	44.70727
3973	1196	44.543304
3973	593	44.094048
3973	608	43.92111
3973	3175	42.801346
3973	1265	42.342445
3974	1196	56.76064
3974	1580	54.902668
3974	1270	54.2074
3974	1198	53.84654
3974	2571	53.579033
3974	2028	53.411316
3974	260	53.210133
3974	2858	52.49205
3974	589	52.25637
3974	1210	52.24633
3975	1196	56.14778
3975	608	54.84882
3975	110	52.764168
3975	593	52.632717
3975	318	52.54481
3975	2571	52.486473
3975	589	52.01897
3975	1213	51.739456
3975	260	51.473186
3975	1617	50.905376
3976	593	145.6364
3976	296	140.72025
3976	1617	132.88002
3976	1225	125.38939
3976	2959	123.454544
3976	1358	123.350876
3976	50	123.01864
3976	1265	122.36852
3976	36	119.3182
3976	1198	117.649864
3977	318	29.551123
3977	593	29.385754
3977	1213	28.694756
3977	1617	28.603214
3977	2858	28.574863
3977	2028	27.767384
3977	1196	27.420568
3977	527	27.218372
3977	2396	27.186611
3977	2571	26.86369
3978	858	97.15457
3978	541	93.84076
3978	2916	93.017555
3978	2571	93.015396
3978	1387	90.81601
3978	1610	90.70655
3978	2194	89.86341
3978	1617	89.06166
3978	1374	89.02804
3978	2000	88.81017
3979	2078	71.46336
3979	2081	69.553246
3979	1907	67.894745
3979	2089	65.839584
3979	1282	65.71819
3979	1033	61.933197
3979	2141	61.061775
3979	2139	59.816826
3979	1	59.666775
3979	2048	59.50679
3980	1407	23.892853
3980	1339	23.021566
3980	2004	21.006182
3980	1690	20.575851
3980	3264	20.517927
3980	177	20.222727
3980	1320	19.858627
3980	2003	19.849712
3980	366	19.728245
3980	2279	19.516602
3981	357	102.90425
3981	1	99.707794
3981	527	98.92498
3981	39	98.35568
3981	1136	97.613625
3981	296	97.14305
3981	1197	97.04525
3981	1294	96.069
3981	1270	95.8106
3981	1307	95.76367
3982	919	50.24037
3982	1197	48.47617
3982	1265	46.294277
3982	1580	45.045513
3982	858	45.042057
3982	608	45.0166
3982	527	44.72082
3982	541	44.441936
3982	1214	44.220207
3982	2797	44.211674
3983	608	76.0013
3983	296	74.600494
3983	593	72.301834
3983	2028	71.15811
3983	1213	70.83559
3983	2571	70.17899
3983	1198	69.93458
3983	50	69.41927
3983	1580	69.11733
3983	318	69.1116
3984	1610	55.581917
3984	2916	54.623684
3984	480	52.976444
3984	2571	52.73347
3984	780	50.47626
3984	474	49.13016
3984	1552	49.004055
3984	1608	48.706806
3984	2058	47.951626
3984	1527	47.941017
3985	1265	118.60041
3985	36	116.48376
3985	1358	115.189606
3985	2291	113.11993
3985	2028	109.635994
3985	3418	109.58951
3985	1673	108.97085
3985	337	108.74493
3985	39	108.3913
3985	2395	108.28957
3986	1265	41.476997
3986	2321	39.272923
3986	1784	38.125023
3986	296	37.88901
3986	1	37.645382
3986	39	37.429585
3986	1580	37.3728
3986	356	37.309513
3986	2395	36.342594
3986	2396	36.10193
3987	2599	20.353958
3987	2716	20.12918
3987	2770	19.324825
3987	2355	19.197313
3987	2959	18.786757
3987	2396	18.643202
3987	2502	18.442991
3987	785	17.984016
3987	2762	17.858414
3987	2712	17.733683
3988	39	115.97266
3988	3255	109.31351
3988	1500	105.60299
3988	1747	100.38428
3988	1569	100.13262
3988	1	99.49955
3988	543	96.8656
3988	708	96.69739
3988	223	96.27115
3988	1060	96.19339
3989	1265	140.33575
3989	608	139.14429
3989	318	139.11653
3989	1259	135.69641
3989	2918	134.58159
3989	1704	134.45659
3989	593	132.23341
3989	2000	128.09537
3989	1213	127.25981
3989	3361	126.85863
3990	1200	51.227932
3990	1240	49.253498
3990	1387	48.92322
3990	2455	48.85092
3990	1215	48.444515
3990	2985	48.143288
3990	2105	47.522823
3990	1374	47.03315
3990	2003	46.574627
3990	2916	46.45745
3991	2716	29.536009
3991	2599	27.159744
3991	2959	26.746712
3991	2028	26.413061
3991	2762	26.402767
3991	2571	26.219124
3991	2770	25.883778
3991	785	25.464111
3991	110	25.409718
3991	3175	25.18135
3992	1220	254.29552
3992	1573	253.63919
3992	2115	251.37239
3992	648	249.73495
3992	1377	248.6249
3992	110	247.43393
3992	1375	239.27762
3992	2193	235.83968
3992	368	232.38005
3992	1876	230.36539
3993	380	175.46759
3993	2918	169.2495
3993	1240	168.08414
3993	1036	168.08414
3993	733	166.40259
3993	21	166.25465
3993	1220	163.94939
3993	1527	157.99297
3993	1259	157.9109
3993	367	157.30911
3994	1198	146.47136
3994	1214	144.1012
3994	1200	142.0036
3994	1097	138.2431
3994	1291	130.9164
3994	1036	129.05049
3994	2987	128.33789
3994	2028	126.70081
3994	592	126.677124
3994	2105	125.95682
3995	780	128.03555
3995	1210	127.792656
3995	1573	122.87127
3995	1036	122.485664
3995	1198	120.893234
3995	733	118.88735
3995	1291	116.98835
3995	1676	115.21222
3995	1197	114.796585
3995	592	114.41859
3996	377	115.47125
3996	316	114.27605
3996	1200	111.59549
3996	1036	110.98728
3996	1676	109.0538
3996	110	108.99818
3996	592	107.801636
3996	329	106.8326
3996	2985	105.73527
3996	2000	105.038704
3997	2571	194.01717
3997	457	190.49744
3997	592	187.2547
3997	1036	182.82426
3997	2628	182.18797
3997	1356	178.57031
3997	1391	177.39488
3997	2353	177.3577
3997	1608	176.34457
3997	110	174.22755
3998	1128	131.00934
3998	1974	126.53577
3998	2513	123.81555
3998	2459	114.00054
3998	1332	108.46566
3998	3018	106.47412
3998	2279	106.224396
3998	2644	106.0615
3998	2097	105.627754
3998	2455	104.009514
3999	780	322.8707
3999	589	320.39914
3999	457	314.08493
3999	368	298.44748
3999	1197	295.3286
3999	2028	288.8043
3999	1608	282.01947
3999	1387	270.85483
3999	1372	268.3687
3999	2193	266.00824
4000	2003	42.282543
4000	1200	41.923157
4000	1130	41.591125
4000	1240	41.005325
4000	1407	39.903084
4000	260	39.608845
4000	2366	39.12755
4000	2985	39.03908
4000	1215	38.924404
4000	1196	38.7708
4001	2918	184.25899
4001	3039	172.74876
4001	2470	168.6092
4001	2915	167.27219
4001	2791	162.5869
4001	2406	161.07965
4001	1270	160.34666
4001	2378	160.00865
4001	2371	159.73961
4001	2469	158.96088
4002	1198	50.738083
4002	1240	49.112328
4002	1036	48.48051
4002	1200	46.600094
4002	1291	46.309166
4002	589	45.59372
4002	1221	44.98258
4002	2000	44.589878
4002	2916	44.168217
4002	1197	44.16759
4003	608	21.745508
4003	1267	19.973177
4003	913	19.83
4003	1213	19.75002
4003	50	19.658676
4003	541	19.54473
4003	3334	19.162144
4003	111	18.819296
4003	1953	18.598679
4003	923	18.567583
4004	733	84.20827
4004	1580	84.1169
4004	2571	82.200264
4004	780	81.97452
4004	3256	78.56556
4004	2353	77.34094
4004	474	72.82425
4004	1036	71.553055
4004	1917	71.477
4004	1196	70.9914
4005	457	143.68707
4005	2571	142.71677
4005	2028	141.63297
4005	1197	139.04797
4005	260	137.36775
4005	1291	135.64003
4005	2716	131.66411
4005	1307	129.08688
4005	296	127.98744
4005	318	127.914795
4006	480	165.68456
4006	1374	164.08235
4006	2985	161.21124
4006	1291	156.86594
4006	2640	154.01425
4006	592	152.94418
4006	1356	151.71234
4006	1676	144.86351
4006	2105	144.6401
4006	377	144.398
4007	1198	227.31747
4007	589	224.54547
4007	2916	220.66
4007	1036	213.45865
4007	457	210.01837
4007	541	209.59912
4007	1291	209.4131
4007	858	208.16776
4007	296	207.90166
4007	592	206.6012
4008	2694	2.193841
4008	2683	2.1686604
4008	2335	2.135913
4008	333	2.081417
4008	231	2.0163527
4008	104	1.9879749
4008	1485	1.9732106
4008	344	1.9604944
4008	2706	1.9406097
4008	2355	1.801671
4009	1982	106.325134
4009	608	104.24082
4009	1345	102.59583
4009	1997	100.45031
4009	1387	98.9775
4009	318	97.08462
4009	1219	96.75207
4009	1350	95.2274
4009	1983	94.15904
4009	2118	93.83858
4010	589	16.753374
4010	2858	16.329515
4010	1580	16.281488
4010	2716	16.202097
4010	1196	16.1799
4010	2571	16.061518
4010	2916	15.918845
4010	480	15.883502
4010	296	15.875475
4010	457	15.793992
4011	1345	31.214062
4011	1994	31.19969
4011	1997	30.571363
4011	1350	30.218733
4011	2003	29.341713
4011	1214	29.185446
4011	1130	28.496588
4011	1219	28.2669
4011	968	28.14289
4011	1407	27.803078
4012	1580	36.097507
4012	589	35.300533
4012	2916	34.69947
4012	1240	33.661118
4012	1356	32.3305
4012	1270	32.18117
4012	1200	32.180634
4012	1527	31.927362
4012	1374	31.83542
4012	1676	30.259003
4013	1573	128.21425
4013	1527	126.43508
4013	1374	124.66264
4013	1270	120.14982
4013	2353	119.97088
4013	2640	117.406555
4013	2194	116.20752
4013	1387	114.964836
4013	1917	114.35754
4013	1222	114.049
4014	1580	91.55728
4014	1377	90.42825
4014	344	85.58579
4014	104	84.713425
4014	368	84.56606
4014	2571	81.93597
4014	1405	81.88583
4014	586	81.86036
4014	480	81.57557
4014	2916	81.342026
4015	1196	68.49949
4015	1198	66.039474
4015	924	64.583885
4015	1252	64.49888
4015	1136	64.090546
4015	1387	63.620975
4015	908	63.30168
4015	750	63.04233
4015	608	63.019833
4015	1304	62.748768
4016	1198	245.62492
4016	480	227.14809
4016	1197	215.06831
4016	1136	214.48198
4016	1278	213.28189
4016	2000	213.04672
4016	296	212.36911
4016	2871	211.95349
4016	592	210.82375
4016	1291	210.5494
4017	2959	21.61237
4017	2762	21.376862
4017	223	20.293756
4017	2599	20.282005
4017	296	20.157024
4017	50	19.299908
4017	608	18.910505
4017	2706	18.79065
4017	593	18.724607
4017	47	18.662699
4018	1036	119.474266
4018	1198	113.5934
4018	260	112.259
4018	2640	107.48844
4018	2194	106.42771
4018	377	106.41183
4018	1387	104.846275
4018	110	104.72755
4018	780	104.003746
4018	1127	103.406685
4019	1214	17.786703
4019	1196	17.63716
4019	260	17.474915
4019	541	16.89251
4019	1219	16.737028
4019	1270	16.580828
4019	858	16.549568
4019	1387	16.539858
4019	924	16.508984
4019	1198	16.212133
4020	1240	76.99141
4020	1580	75.379
4020	2571	73.863686
4020	1036	70.43849
4020	2985	69.96673
4020	1376	69.693474
4020	2000	69.666336
4020	780	68.62416
4020	1197	67.1363
4020	1127	66.88616
4021	2000	332.02988
4021	1220	311.6394
4021	1320	295.7037
4021	2872	293.4945
4021	349	288.92175
4021	3175	268.83597
4021	2948	267.41968
4021	2174	266.91772
4021	1882	264.0407
4021	653	263.03607
4022	1198	198.2146
4022	1097	192.15053
4022	1036	180.30028
4022	780	179.31151
4022	1356	177.83836
4022	1387	177.36826
4022	2529	176.97916
4022	1291	173.6655
4022	1584	173.62715
4022	457	173.06503
4023	1196	53.498184
4023	1240	53.37277
4023	2985	49.148415
4023	589	48.69255
4023	2571	48.073513
4023	1374	47.837418
4023	1210	47.710495
4023	1270	47.512264
4023	1994	46.579205
4023	2640	46.569916
4024	593	89.19281
4024	3175	87.07507
4024	2700	86.383965
4024	608	86.25646
4024	2028	86.02501
4024	2571	84.339455
4024	1270	84.19053
4024	260	83.873665
4024	1210	83.73132
4024	318	82.01243
4025	2858	4.71066
4025	608	4.102308
4025	296	3.8185275
4025	2599	3.7722454
4025	318	3.7390757
4025	2396	3.7076316
4025	593	3.6823719
4025	1617	3.6733685
4025	527	3.6596599
4025	858	3.5909777
4026	589	171.93143
4026	1265	169.36864
4026	2716	169.2873
4026	318	169.10748
4026	527	163.8837
4026	1214	163.6127
4026	1580	163.53076
4026	50	162.94237
4026	2396	161.47485
4026	1	161.47032
4027	924	47.621708
4027	1210	46.35825
4027	1374	45.589188
4027	2916	45.528217
4027	2985	44.51116
4027	32	43.656406
4027	1580	43.46196
4027	1198	42.602093
4027	1097	41.862686
4027	480	41.565773
4028	1610	304.2191
4028	1197	299.6086
4028	296	297.91687
4028	1	297.15576
4028	110	296.81036
4028	2858	295.5013
4028	50	280.5253
4028	2406	275.03537
4028	1213	272.69214
4028	1079	272.00485
4029	608	47.788273
4029	1208	46.28058
4029	1247	45.14109
4029	919	44.920853
4029	3363	44.842453
4029	1196	44.810062
4029	1213	44.439323
4029	593	43.497807
4029	318	43.47799
4029	3421	43.472668
4030	1200	77.96513
4030	589	76.81201
4030	2571	76.74212
4030	1259	76.29492
4030	1220	75.81344
4030	2174	75.53413
4030	1291	75.310425
4030	1394	74.77705
4030	296	74.43433
4030	457	74.29382
4031	1350	35.84428
4031	1333	34.935276
4031	1347	33.440765
4031	2118	31.790764
4031	1278	31.707205
4031	2288	31.539167
4031	1130	31.472092
4031	1407	28.811424
4031	541	28.80282
4031	2459	28.638557
4032	1610	138.08093
4032	1370	132.54047
4032	1196	132.1094
4032	1198	130.7267
4032	377	130.0375
4032	1200	126.14487
4032	380	123.17834
4032	1374	123.05575
4032	648	118.75696
4032	2406	118.711044
4033	2321	339.19
4033	1196	336.38913
4033	1036	320.4743
4033	2268	320.11334
4033	1198	318.80035
4033	1210	318.61893
4033	2762	317.08752
4033	50	314.7874
4033	592	311.71533
4033	1240	309.1402
4034	608	85.45772
4034	296	82.9407
4034	2918	82.868065
4034	1265	80.7743
4034	260	80.188934
4034	1079	79.85196
4034	1617	79.52331
4034	2716	79.37695
4034	2028	78.983376
4034	858	78.73852
4035	457	47.369987
4035	480	46.34519
4035	1610	44.787876
4035	377	44.074917
4035	1196	43.031506
4035	380	42.483913
4035	1036	41.635307
4035	1240	41.13991
4035	780	41.101162
4035	260	40.551617
4036	1923	84.45737
4036	440	78.62746
4036	39	78.482086
4036	1500	74.321335
4036	104	73.840675
4036	587	73.51435
4036	1569	73.296684
4036	597	72.30891
4036	3263	72.21019
4036	543	72.14547
4037	919	29.830069
4037	912	29.26074
4037	858	28.973457
4037	608	28.580164
4037	923	28.203524
4037	1084	28.11349
4037	1207	27.708675
4037	260	27.554113
4037	3363	27.525042
4037	1252	27.497889
4038	1270	12.698249
4038	2918	12.500974
4038	1394	12.429619
4038	1968	12.35413
4038	2174	12.311856
4038	2716	12.300886
4038	2797	12.200154
4038	1259	12.12159
4038	318	12.045916
4038	3361	11.82488
4039	589	34.52583
4039	457	33.856075
4039	260	33.51993
4039	296	33.188366
4039	480	33.057053
4039	608	33.02552
4039	1580	32.982044
4039	593	32.934666
4039	1265	32.429707
4039	1210	32.408653
4040	589	118.82157
4040	1580	116.27272
4040	480	114.60466
4040	1196	113.45105
4040	1610	111.50296
4040	1240	110.3078
4040	1198	106.51706
4040	1573	106.04797
4040	1210	105.25463
4040	1200	105.22184
4041	2105	356.1712
4041	2094	333.42233
4041	1197	333.0816
4041	349	319.89056
4041	2193	317.59927
4041	3256	312.87762
4041	1608	307.46545
4041	2194	303.29105
4041	95	299.7346
4041	474	298.77466
4042	780	232.29329
4042	2028	231.82639
4042	2000	231.33038
4042	592	229.56764
4042	1573	222.49156
4042	733	221.41043
4042	1265	221.30267
4042	21	218.42432
4042	1097	214.79056
4042	1	210.60793
4043	2028	101.30748
4043	1580	100.646355
4043	318	97.725494
4043	1196	95.56533
4043	1704	94.57781
4043	356	94.364395
4043	1198	89.97609
4043	50	89.59561
4043	1210	89.41738
4043	260	88.449905
4044	608	33.58255
4044	1094	33.48404
4044	593	32.016956
4044	2396	31.849277
4044	296	31.795322
4044	318	31.448826
4044	527	31.12754
4044	1704	29.464365
4044	1265	29.432522
4044	2997	29.125837
4045	1196	4.128925
4045	588	4.1288285
4045	2294	3.9503171
4045	1	3.9225564
4045	1198	3.9068856
4045	260	3.906255
4045	34	3.8875115
4045	595	3.8163052
4045	480	3.7943606
4045	1210	3.7926435
4046	593	27.630333
4046	318	27.565685
4046	50	26.808079
4046	527	26.542982
4046	1196	25.462116
4046	2028	25.43844
4046	1221	24.886637
4046	260	24.764168
4046	1198	24.296764
4046	111	23.856995
4047	2916	46.087166
4047	457	45.38317
4047	377	44.965607
4047	1370	44.575436
4047	1580	43.90844
4047	780	43.48029
4047	1573	42.958748
4047	3256	42.786484
4047	648	42.270412
4047	1527	40.973064
4048	2916	300.50833
4048	2105	278.0354
4048	1220	276.7897
4048	2985	274.53357
4048	1200	272.8161
4048	2797	272.58368
4048	2011	271.91766
4048	2012	269.17853
4048	2174	267.64407
4048	367	262.78256
4049	1376	204.80257
4049	1356	198.73988
4049	1527	196.50754
4049	1375	195.42975
4049	1372	187.71326
4049	1573	180.09315
4049	1391	178.10907
4049	2011	174.11555
4049	2094	169.9025
4049	1909	168.78386
4050	1240	129.79755
4050	1197	129.09914
4050	1210	125.65625
4050	1265	124.51165
4050	318	123.76288
4050	589	122.78022
4050	2858	122.5754
4050	1	121.80167
4050	2000	121.66986
4050	2571	121.65111
4051	608	43.29845
4051	318	40.316967
4051	1213	39.75173
4051	593	38.088573
4051	858	36.651024
4051	1358	36.457996
4051	1704	36.14933
4051	2997	35.947437
4051	36	35.81276
4051	1193	35.614243
4052	589	25.724447
4052	2916	24.050043
4052	2028	23.84363
4052	1580	23.823273
4052	1196	23.628536
4052	457	23.410843
4052	296	22.91535
4052	608	22.869244
4052	1210	22.7015
4052	32	22.679462
4053	1196	225.89638
4053	589	216.91377
4053	1036	215.67023
4053	2571	215.61652
4053	1198	215.59068
4053	592	214.39543
4053	2716	208.58647
4053	1291	207.19875
4053	2918	205.80093
4053	2028	205.20473
4054	608	268.49084
4054	1294	255.92757
4054	1270	252.85497
4054	919	247.848
4054	1247	247.54674
4054	1674	246.06207
4054	1240	243.51724
4054	924	243.4929
4054	1304	243.47264
4054	1197	240.57532
4055	780	167.96904
4055	1573	167.96608
4055	648	165.84386
4055	2028	161.71591
4055	165	159.10205
4055	1391	155.31989
4055	474	154.15036
4055	10	151.6219
4055	39	150.61673
4055	1196	150.20398
4056	1196	10.673335
4056	2571	10.182728
4056	1580	10.139896
4056	589	10.139036
4056	260	10.112935
4056	1198	10.0715685
4056	480	9.84329
4056	1210	9.838185
4056	1240	9.743188
4056	2916	9.685835
4057	1196	20.769825
4057	260	19.602022
4057	1198	19.488394
4057	1291	19.45401
4057	1270	19.295105
4057	1240	19.165829
4057	1197	19.138193
4057	1580	19.055845
4057	1036	18.844057
4057	457	18.702456
4058	2571	284.88873
4058	1036	277.13623
4058	1240	273.58636
4058	1220	270.2687
4058	1200	256.88272
4058	2001	248.08755
4058	3418	247.65675
4058	2194	246.38492
4058	2628	246.29497
4058	1573	243.33295
4059	2716	20.225391
4059	296	19.70838
4059	2762	19.65534
4059	223	19.566378
4059	2571	19.48826
4059	1580	19.277075
4059	593	19.214964
4059	589	19.021837
4059	608	19.015278
4059	2959	18.709328
4060	589	183.89386
4060	1265	182.38153
4060	110	174.55865
4060	1610	173.04514
4060	1200	172.20831
4060	377	169.79369
4060	318	168.90117
4060	1394	164.13797
4060	50	163.09126
4060	380	162.23026
4061	2646	2.070796
4061	2650	2.0412493
4061	2649	1.9204514
4061	1994	1.8383877
4061	1219	1.6330384
4061	2651	1.6026521
4061	2550	1.5990465
4061	1130	1.5892525
4061	2652	1.5888333
4061	1674	1.579598
4062	608	164.72472
4062	2028	161.94269
4062	50	159.96297
4062	1500	152.93443
4062	110	152.66135
4062	32	147.93816
4062	377	147.58533
4062	480	147.47388
4062	527	147.26413
4062	1580	146.75294
4063	1196	36.738087
4063	1198	34.193798
4063	608	33.488987
4063	2028	33.40905
4063	1270	33.263943
4063	858	33.228138
4063	1240	32.54056
4063	2571	32.21315
4063	1197	32.183487
4063	1210	32.151733
4064	1259	341.10925
4064	2174	331.27844
4064	1240	324.26245
4064	2987	323.25882
4064	3361	319.92133
4064	2243	311.41473
4064	1220	310.4897
4064	1291	296.90887
4064	1292	296.0203
4064	1204	292.1043
4065	1240	23.09537
4065	1214	22.29189
4065	2571	21.960285
4065	1210	21.277159
4065	1374	20.518969
4065	2916	20.372065
4065	1580	20.03717
4065	1198	19.943893
4065	480	19.922897
4065	924	19.612423
4066	296	61.50483
4066	1196	59.93543
4066	2858	57.363007
4066	2028	56.93986
4066	1617	56.88703
4066	858	55.65858
4066	260	55.654167
4066	1265	53.74103
4066	2762	53.564003
4066	1197	53.02319
4067	223	38.67667
4067	2710	35.78114
4067	2396	35.06263
4067	2762	35.022633
4067	2395	33.333992
4067	785	32.72708
4067	2987	32.14175
4067	2541	31.771772
4067	2700	31.334387
4067	2605	31.04324
4068	2683	11.333258
4068	2699	11.276982
4068	2881	10.99181
4068	2706	10.720561
4068	2716	10.248029
4068	3005	10.086023
4068	2770	9.579687
4068	2355	9.53761
4068	2694	9.488334
4068	2541	9.359006
4069	608	15.1092205
4069	1196	14.27369
4069	1230	14.259407
4069	1617	14.241079
4069	2396	13.935856
4069	1198	13.585523
4069	858	13.429577
4069	912	13.39403
4069	2858	13.272513
4069	1136	13.20024
4070	457	95.940475
4070	1198	95.70571
4070	1213	92.55288
4070	50	92.02332
4070	858	91.45647
4070	1200	90.16355
4070	480	89.50872
4070	1580	88.3896
4070	110	87.83331
4070	1291	86.8637
4071	1196	77.1224
4071	2918	75.29512
4071	2716	74.96624
4071	589	73.77621
4071	1	73.05303
4071	2028	72.90477
4071	296	72.54725
4071	2174	72.430435
4071	480	72.302086
4071	1198	71.75774
4072	1221	160.37463
4072	1136	160.17514
4072	318	158.64119
4072	1247	157.67676
4072	1259	156.63722
4072	111	155.24509
4072	260	154.84418
4072	1270	154.71541
4072	1265	154.64107
4072	2858	153.98021
4073	858	14.483826
4073	1222	14.031048
4073	260	13.625303
4073	1221	13.621731
4073	1198	13.425886
4073	1214	13.404683
4073	527	13.375841
4073	1272	13.115543
4073	1242	13.020729
4073	608	12.88535
4074	296	13.976054
4074	318	13.692201
4074	608	13.557652
4074	356	13.547191
4074	593	13.327391
4074	1265	13.288724
4074	2858	13.15982
4074	457	12.819928
4074	1704	12.682248
4074	1213	12.65331
4075	296	42.84626
4075	1198	40.92929
4075	1213	40.387974
4075	260	40.379215
4075	1617	40.24949
4075	2571	39.5408
4075	589	39.347603
4075	457	39.147697
4075	527	39.088245
4075	1265	38.695854
4076	1682	38.17434
4076	296	38.168743
4076	2268	37.60477
4076	1213	36.04019
4076	2028	35.862972
4076	590	35.195126
4076	1358	34.880413
4076	1265	34.565826
4076	2291	34.04771
4076	356	33.27762
4077	1270	159.27815
4077	480	158.2018
4077	589	155.89043
4077	2000	143.85225
4077	2105	143.12973
4077	1127	142.94507
4077	1036	142.40215
4077	377	141.53888
4077	457	140.18744
4077	1	138.84508
4078	527	165.74904
4078	2396	155.7546
4078	1197	152.97125
4078	1	150.45886
4078	2291	149.61485
4078	3418	148.73828
4078	1270	147.94681
4078	39	146.7512
4078	858	146.13753
4078	32	145.67964
4079	1387	210.27835
4079	1240	208.90492
4079	541	206.7784
4079	1136	201.67192
4079	1036	201.02318
4079	1291	198.8462
4079	2000	197.02292
4079	608	193.73814
4079	1278	193.26219
4079	1580	191.33496
4080	457	80.41959
4080	2028	79.224556
4080	1580	77.21266
4080	377	71.29869
4080	1197	71.13066
4080	592	70.40848
4080	608	69.86896
4080	1270	69.85978
4080	1265	67.76099
4080	296	67.69093
4081	296	46.49606
4081	1198	45.607777
4081	593	45.511837
4081	260	45.16442
4081	527	44.833763
4081	1270	44.080177
4081	1265	44.045097
4081	1617	43.136395
4081	2716	42.115616
4081	50	41.75717
4082	608	96.602
4082	1265	94.24709
4082	1394	87.53699
4082	1617	87.076126
4082	1213	86.84629
4082	1197	86.68533
4082	1196	86.40328
4082	1704	84.080055
4082	2797	83.48234
4082	858	83.475075
4083	2406	240.42024
4083	2791	237.20265
4083	1210	236.64104
4083	2716	235.29198
4083	1198	233.6181
4083	1	231.96526
4083	1136	231.79904
4083	2054	222.71246
4083	1291	219.46838
4083	592	214.22774
4084	1252	77.911896
4084	923	76.60415
4084	919	72.31308
4084	750	70.858635
4084	1225	70.84492
4084	1084	69.57335
4084	1208	69.51986
4084	1617	68.67312
4084	527	68.09295
4084	1196	67.68389
4085	1220	331.8814
4085	21	322.00067
4085	260	316.3295
4085	780	309.63196
4085	1213	308.6386
4085	1663	308.19748
4085	648	303.8339
4085	1682	302.7032
4085	3108	297.23087
4085	2985	295.257
4086	2054	170.10893
4086	1196	163.28543
4086	2161	162.12355
4086	1210	161.82234
4086	367	161.43819
4086	589	159.98021
4086	1270	158.35669
4086	1028	157.10056
4086	457	156.80275
4086	1265	155.13074
4087	2683	34.557835
4087	2355	29.567522
4087	785	29.421394
4087	2770	29.359678
4087	2712	28.964388
4087	2762	28.545902
4087	2502	28.0127
4087	3081	27.610134
4087	3175	26.451702
4087	2881	25.758635
4088	1265	185.73291
4088	593	182.97466
4088	47	174.22687
4088	2890	173.45804
4088	2396	170.51518
4088	1641	169.1209
4088	2289	166.77397
4088	2391	166.22128
4088	3418	164.77702
4088	235	163.83763
4089	356	371.33084
4089	1213	325.5671
4089	1641	324.30542
4089	592	323.955
4089	260	322.44107
4089	367	321.1913
4089	2302	313.04922
4089	2174	308.0312
4089	2395	305.21048
4089	1408	301.1868
4090	912	103.15289
4090	919	100.08267
4090	923	99.8358
4090	904	96.92662
4090	1272	95.64929
4090	1136	95.19139
4090	1945	93.21678
4090	1267	91.68928
4090	1225	91.56558
4090	1214	90.97007
4091	1196	53.93315
4091	1580	52.285393
4091	608	51.78525
4091	1265	51.654434
4091	2716	51.34189
4091	296	51.047413
4091	589	50.01373
4091	1198	49.347214
4091	1	49.279526
4091	2571	49.164757
4092	1394	61.64154
4092	2716	59.96786
4092	2791	59.815357
4092	1259	59.24081
4092	3039	58.826935
4092	2000	57.518013
4092	1197	56.514435
4092	1663	56.212612
4092	2144	56.20038
4092	2100	55.521248
4093	1196	140.11742
4093	608	138.543
4093	1197	125.54459
4093	541	125.51529
4093	1213	123.48334
4093	50	123.47143
4093	1387	123.33505
4093	527	122.947365
4093	1210	121.22395
4093	919	121.11096
4094	377	149.50017
4094	589	143.2611
4094	356	137.88933
4094	110	137.58954
4094	1370	137.2333
4094	1923	132.05338
4094	1608	130.42635
4094	474	129.89784
4094	1	128.89026
4094	165	128.75607
4095	377	52.03878
4095	589	50.35625
4095	2028	49.859554
4095	2916	49.644287
4095	480	49.355793
4095	380	47.71561
4095	1370	47.572704
4095	1036	46.819202
4095	2353	46.67439
4095	1240	46.330658
4096	2000	159.0462
4096	1240	156.18275
4096	2571	151.01302
4096	1200	148.76904
4096	1214	142.6254
4096	1387	142.19969
4096	1127	137.95573
4096	2194	137.95076
4096	380	136.08475
4096	1259	135.17348
4097	593	20.874233
4097	2571	20.69151
4097	457	20.414307
4097	296	20.192356
4097	589	19.877441
4097	318	19.748865
4097	480	19.748669
4097	110	19.6574
4097	2762	19.653887
4097	1580	19.548826
4098	1196	78.497444
4098	260	74.954765
4098	2916	72.49533
4098	2571	71.451805
4098	1210	70.93244
4098	110	69.928085
4098	1221	69.28635
4098	480	68.74613
4098	1197	66.87998
4098	1580	66.20218
4099	2858	78.10144
4099	1265	72.5099
4099	1196	70.86479
4099	2762	68.83159
4099	50	68.7393
4099	1580	68.53066
4099	457	67.85312
4099	1	67.11198
4099	480	67.04251
4099	1198	66.4813
4100	1196	12.913368
4100	260	12.379417
4100	1240	12.193812
4100	1291	11.653692
4100	1200	11.549017
4100	1036	11.475538
4100	589	11.259836
4100	2571	11.253027
4100	1580	11.252416
4100	480	11.242842
4101	2916	67.64554
4101	1198	66.86409
4101	1036	66.245445
4101	1291	65.32828
4101	1580	65.12461
4101	1610	62.217422
4101	1270	61.140305
4101	1197	59.969322
4101	2985	59.020473
4101	2628	58.189686
4102	1982	50.38366
4102	1321	49.189205
4102	1345	48.95385
4102	1350	47.93262
4102	2517	47.93099
4102	1339	46.337414
4102	2513	46.326183
4102	1997	46.14616
4102	1342	44.993244
4102	2118	44.943974
4103	1225	85.929405
4103	1208	83.24064
4103	1617	82.29579
4103	1228	79.17643
4103	1252	78.87427
4103	1230	78.00299
4103	908	77.92529
4103	1394	76.637596
4103	1952	76.57539
4103	1084	76.32142
4104	2571	106.995125
4104	1580	106.242386
4104	780	102.95379
4104	457	101.55578
4104	1374	100.00968
4104	1370	99.841354
4104	377	97.6198
4104	1573	95.73504
4104	1527	95.6832
4104	1127	95.65979
4105	1265	33.234238
4105	3253	32.621933
4105	1923	32.4574
4105	356	31.672949
4105	380	30.64571
4105	440	30.640577
4105	39	30.28234
4105	2321	30.255484
4105	1	30.111631
4105	367	30.075996
4106	1265	13.830142
4106	2396	12.290706
4106	2858	12.1134405
4106	588	12.113367
4106	34	12.09397
4106	39	12.006553
4106	2700	11.970454
4106	1270	11.896555
4106	2321	11.830855
4106	1197	11.785329
4107	480	221.98608
4107	592	217.29434
4107	1198	213.87018
4107	1220	211.05591
4107	780	208.06006
4107	2985	206.0849
4107	1	205.7338
4107	457	204.87415
4107	1127	199.089
4107	1377	199.07932
4108	608	21.269352
4108	1247	21.14989
4108	923	20.968246
4108	858	20.959827
4108	527	20.925594
4108	919	20.623089
4108	1196	19.15743
4108	1221	19.041983
4108	1213	18.989166
4108	904	18.9518
4109	1240	13.020585
4109	1200	12.891657
4109	541	12.16581
4109	1210	11.811067
4109	924	11.676702
4109	1374	11.303751
4109	2571	11.227418
4109	1270	11.207201
4109	2985	11.166443
4109	750	11.10174
4110	923	10.62491
4110	608	10.308871
4110	912	10.005395
4110	260	9.837357
4110	1198	9.756067
4110	1225	9.540876
4110	1196	9.505261
4110	1207	9.475469
4110	111	9.3334465
4110	1084	9.315605
4111	858	33.78699
4111	608	33.359367
4111	260	32.878292
4111	1198	32.824345
4111	593	31.958443
4111	318	31.806097
4111	296	31.340612
4111	1221	31.049034
4111	1200	30.93625
4111	1213	30.854214
4112	1240	196.50829
4112	1200	196.39183
4112	2985	188.28836
4112	1197	183.55005
4112	541	183.3846
4112	589	180.92474
4112	1036	180.05956
4112	2797	178.8914
4112	1376	178.7735
4112	2571	178.13359
4113	1196	17.994572
4113	1270	16.88926
4113	1240	16.53206
4113	1198	16.401176
4113	1197	15.957644
4113	1036	15.904179
4113	1200	15.848218
4113	1210	15.612447
4113	1220	15.506044
4113	2797	15.501371
4114	1214	148.28854
4114	589	131.83458
4114	2985	127.45352
4114	541	124.922295
4114	2916	124.4885
4114	480	124.429344
4114	592	123.65057
4114	1580	123.396194
4114	1097	121.87044
4114	2174	121.018616
4115	1573	283.0767
4115	380	280.81415
4115	110	272.8708
4115	2194	262.79953
4115	1552	260.68774
4115	1387	258.1728
4115	2011	256.61884
4115	1	252.85977
4115	2174	251.82246
4115	474	247.53638
4116	1527	197.72491
4116	110	191.84607
4116	1036	188.70181
4116	316	187.09879
4116	1917	186.25853
4116	2628	181.54971
4116	1676	180.23288
4116	292	179.51387
4116	1356	175.91547
4116	1291	173.25432
4117	1196	149.60152
4117	780	148.36354
4117	1240	144.68724
4117	1210	141.89636
4117	1036	141.12978
4117	1198	138.35968
4117	1200	137.00902
4117	21	136.38458
4117	1552	135.49008
4117	1127	134.22116
4118	1240	143.90758
4118	1210	143.46458
4118	50	139.58289
4118	1200	139.12184
4118	527	138.83586
4118	1580	138.76553
4118	457	138.31577
4118	1036	138.15985
4118	1097	137.49562
4118	480	136.52353
4119	1196	22.576284
4119	1240	22.08993
4119	1270	22.054998
4119	1036	22.019726
4119	2406	21.861147
4119	1291	21.791002
4119	1210	21.786715
4119	592	21.606112
4119	1198	21.60447
4119	1580	21.495811
4120	2174	37.253002
4120	1265	36.328827
4120	2791	36.05075
4120	1307	35.80021
4120	1394	35.565998
4120	1196	34.46127
4120	2000	33.859875
4120	3210	33.664795
4120	1136	33.58572
4120	1	33.434586
4121	1240	112.98713
4121	589	104.89899
4121	2105	104.09035
4121	1527	101.33008
4121	1210	99.98156
4121	1127	98.64711
4121	316	98.15078
4121	2011	95.921585
4121	1097	93.51788
4121	2528	93.19228
4122	2916	193.72041
4122	1240	193.57076
4122	260	192.1726
4122	480	190.08147
4122	608	186.89067
4122	1	186.66977
4122	1291	182.44719
4122	296	179.92139
4122	1214	179.38042
4122	1259	177.69669
4123	2003	59.918514
4123	1997	57.76608
4123	1407	56.482574
4123	2455	56.467346
4123	1321	54.835194
4123	1196	54.33225
4123	1278	53.391296
4123	1200	51.660316
4123	1339	51.60809
4123	1240	51.06844
4124	3253	149.08504
4124	1517	147.34877
4124	1580	144.49481
4124	356	143.9549
4124	2321	140.13916
4124	1777	140.00755
4124	39	134.60495
4124	587	131.52054
4124	3039	131.21219
4124	3263	130.92323
4125	318	22.411732
4125	608	22.310612
4125	593	22.205027
4125	2858	22.087204
4125	1196	21.665539
4125	527	20.996546
4125	1265	20.657038
4125	1213	20.654741
4125	2571	20.596046
4125	457	20.563332
4126	2916	207.4704
4126	2000	185.41347
4126	1356	180.45116
4126	1374	179.82674
4126	2406	177.03465
4126	1917	175.55592
4126	2987	175.41685
4126	1097	174.61949
4126	2985	174.52261
4126	2640	171.21603
4127	780	59.866264
4127	1917	56.038677
4127	377	54.99109
4127	2571	54.833614
4127	589	54.78273
4127	1527	54.486237
4127	1356	54.459396
4127	1544	53.99594
4127	329	53.11807
4127	457	53.080853
4128	1270	25.531826
4128	608	25.30983
4128	1265	25.16204
4128	1196	24.793129
4128	110	24.588346
4128	480	24.584377
4128	2000	24.547379
4128	1580	24.485424
4128	457	24.48071
4128	2174	24.404966
4129	919	15.832665
4129	1198	15.600307
4129	608	15.328905
4129	750	14.829896
4129	1214	14.716526
4129	924	14.379393
4129	111	14.348408
4129	1193	14.296938
4129	1247	14.24699
4129	908	14.216265
4130	2571	133.31958
4130	1374	127.17508
4130	2028	122.25954
4130	1197	118.205124
4130	1370	117.71922
4130	780	116.9549
4130	1270	114.945244
4130	2947	114.484634
4130	541	112.56918
4130	2628	111.44629
4131	1374	79.0523
4131	1580	76.61957
4131	2916	75.94561
4131	2985	75.29136
4131	589	75.08587
4131	2640	74.62567
4131	2529	74.19054
4131	1198	73.941666
4131	2968	72.29585
4131	1291	72.19099
4132	785	70.19321
4132	2571	66.906204
4132	2395	66.28492
4132	2028	63.236095
4132	1196	62.663944
4132	1210	61.753002
4132	589	61.696556
4132	593	60.680386
4132	1580	60.20027
4132	2707	60.133434
4133	1387	51.207584
4133	589	50.543976
4133	2716	50.08042
4133	1196	49.803528
4133	2571	49.24083
4133	593	49.154327
4133	1200	48.796585
4133	1580	48.70261
4133	2916	48.69818
4133	480	48.697422
4134	923	58.2861
4134	1247	58.179928
4134	1219	56.92181
4134	919	54.61362
4134	593	54.245403
4134	1221	52.933746
4134	1213	52.005352
4134	50	51.54184
4134	1225	51.45369
4134	750	51.02396
4135	2699	35.8725
4135	2716	35.59525
4135	1127	34.648582
4135	2571	34.528187
4135	2858	33.825966
4135	2355	33.07339
4135	2762	32.902603
4135	1580	32.222233
4135	589	31.92529
4135	2987	31.918688
4136	2186	15.6209755
4136	1267	15.263908
4136	913	14.561507
4136	930	13.859775
4136	908	13.78669
4136	904	13.774902
4136	1212	13.576457
4136	3334	13.528439
4136	922	13.494091
4136	903	13.187282
4137	1265	63.91517
4137	1500	60.06802
4137	1923	59.806076
4137	2321	59.32916
4137	2858	54.571587
4137	2396	54.16997
4137	356	53.41268
4137	2997	53.167473
4137	2700	52.96058
4137	2918	52.243996
4138	1240	58.15623
4138	1200	56.411503
4138	1214	53.459072
4138	1376	50.76615
4138	1527	50.676388
4138	1198	50.461124
4138	780	49.974274
4138	2105	48.412308
4138	1197	47.9532
4138	1372	47.808426
4139	318	194.84206
4139	1704	193.0366
4139	1265	182.8148
4139	1500	175.9654
4139	25	173.29947
4139	1089	172.54062
4139	2890	171.08983
4139	1639	162.45692
4139	1834	159.6255
4139	2321	158.80458
4140	2571	316.44632
4140	780	314.5584
4140	260	312.02618
4140	1370	303.1903
4140	2470	301.93286
4140	2918	294.92447
4140	2407	283.161
4140	1259	281.98837
4140	1214	281.33572
4140	1097	278.71396
4141	1370	162.15793
4141	296	153.92886
4141	1240	152.0883
4141	1036	151.89659
4141	1210	150.5191
4141	1396	150.12527
4141	318	149.74901
4141	1552	147.74982
4141	1608	147.05238
4141	6	146.8697
4142	1196	14.26996
4142	260	13.895113
4142	1214	12.557168
4142	1270	12.229229
4142	1097	12.146448
4142	1240	11.488872
4142	1200	11.368939
4142	541	11.146386
4142	1197	11.063932
4142	1291	10.987655
4143	1240	25.826445
4143	1291	24.623337
4143	1200	23.790783
4143	2571	23.241158
4143	589	22.932608
4143	1270	22.454588
4143	1374	22.407799
4143	592	22.33339
4143	2916	21.930729
4143	480	21.702969
4144	1240	93.03453
4144	1580	89.186905
4144	1198	87.36151
4144	1270	85.09334
4144	2985	84.57022
4144	1291	81.00787
4144	1127	80.18075
4144	1197	79.53641
4144	1036	78.9861
4144	1375	78.30445
4145	2762	11.873522
4145	2605	11.735824
4145	2858	11.414976
4145	2706	10.935806
4145	2433	10.834741
4145	2683	10.773332
4145	3005	10.751965
4145	2770	10.584618
4145	2355	10.482908
4145	2710	10.401349
4146	1198	24.547535
4146	260	24.061018
4146	1240	23.425632
4146	608	23.35967
4146	2028	23.05672
4146	1036	22.911516
4146	1214	22.873798
4146	1210	22.851068
4146	1221	22.790668
4146	1270	22.366108
4147	1240	62.65204
4147	589	60.79658
4147	2571	60.450974
4147	480	58.80058
4147	1200	58.798687
4147	1610	58.21037
4147	1214	58.03504
4147	1210	57.761635
4147	2000	57.746292
4147	1374	57.090897
4148	1240	91.43839
4148	480	87.00751
4148	592	84.40288
4148	2028	82.71202
4148	377	81.964096
4148	1370	79.04417
4148	733	78.30029
4148	780	76.99286
4148	1127	76.9048
4148	1222	76.701645
4149	2396	28.116428
4149	1704	27.109705
4149	1265	26.78785
4149	608	26.553898
4149	527	26.343721
4149	2028	26.180351
4149	593	26.074802
4149	34	25.847273
4149	1393	25.383232
4149	2291	25.347895
4150	2000	203.32822
4150	1210	197.13892
4150	457	194.51506
4150	1200	194.45493
4150	1580	193.81137
4150	2571	193.20233
4150	1291	192.87099
4150	589	192.15659
4150	1259	191.697
4150	1610	189.6083
4151	608	17.680906
4151	2858	17.494455
4151	593	17.408724
4151	2762	17.103365
4151	2396	16.751072
4151	296	16.603046
4151	50	16.585491
4151	1617	16.465918
4151	2716	16.36665
4151	1265	16.152163
4152	1198	64.08481
4152	1210	63.27435
4152	2000	62.878597
4152	1580	62.782795
4152	1220	62.78119
4152	1265	62.584015
4152	1240	62.438026
4152	2571	61.69165
4152	1197	61.6803
4152	480	61.507404
4153	165	115.69857
4153	1610	112.54596
4153	1608	112.1638
4153	1527	109.70663
4153	2617	108.37609
4153	292	106.500984
4153	1876	105.31696
4153	1676	103.27092
4153	153	103.05065
4153	329	102.31042
4154	608	20.817942
4154	296	19.391405
4154	2028	18.966936
4154	1617	18.609304
4154	1213	18.487587
4154	1196	18.405561
4154	1198	18.359198
4154	2858	18.074883
4154	1704	18.072716
4154	1265	17.89231
4155	1196	33.90725
4155	2571	33.027054
4155	1580	32.83765
4155	2916	32.768276
4155	480	32.644047
4155	2028	32.411236
4155	457	32.14079
4155	589	31.907013
4155	1270	31.562166
4155	1240	31.43877
4156	1610	228.70575
4156	2985	221.38441
4156	1240	220.74182
4156	1036	219.89043
4156	2571	219.42235
4156	1580	218.48253
4156	1676	215.70227
4156	1527	215.07945
4156	349	214.84364
4156	3256	213.91869
4157	2716	17.70626
4157	1127	17.359018
4157	1214	17.193853
4157	260	16.543028
4157	1196	16.46652
4157	1200	16.454496
4157	1240	16.114773
4157	2013	15.52812
4157	589	15.480335
4157	2571	15.431735
4158	1196	11.882578
4158	2571	11.315425
4158	589	11.140221
4158	1210	11.073043
4158	1198	10.875518
4158	2028	10.857033
4158	1580	10.641508
4158	110	10.375647
4158	1240	10.359463
4158	457	10.3462
4159	1196	19.001638
4159	608	18.869171
4159	318	18.811665
4159	2858	18.45387
4159	2028	18.440773
4159	593	18.373737
4159	1270	18.145315
4159	260	18.030895
4159	1198	17.905182
4159	296	17.880909
4160	1376	84.37853
4160	589	83.42746
4160	2105	80.99692
4160	1375	78.397705
4160	1527	77.64629
4160	750	74.87836
4160	1372	74.71521
4160	1199	74.042145
4160	780	73.64411
4160	329	72.83225
4161	296	109.8374
4161	1196	109.801025
4161	50	108.83139
4161	1213	107.16011
4161	260	105.42273
4161	1198	105.25561
4161	593	105.24768
4161	858	104.96567
4161	1240	101.82873
4161	1214	101.79071
4162	1704	101.61017
4162	2858	99.43045
4162	1265	96.87919
4162	1213	96.619095
4162	1617	94.6158
4162	2028	93.98935
4162	527	93.267494
4162	1682	91.31101
4162	1358	90.969124
4162	457	90.95417
4163	1196	16.149479
4163	2987	15.08124
4163	1210	14.936947
4163	2396	14.56245
4163	260	14.520981
4163	2762	14.514346
4163	2997	14.216914
4163	2571	14.101077
4163	1200	13.921303
4163	593	13.903919
4164	1196	25.972433
4164	2571	24.731663
4164	1270	23.729034
4164	1	23.248737
4164	32	23.110731
4164	1210	23.09264
4164	1200	22.788042
4164	1580	22.596886
4164	1214	22.473938
4164	2858	22.409225
4165	2395	32.883152
4165	608	32.522076
4165	2396	32.478104
4165	1641	32.017788
4165	296	31.58236
4165	235	30.5438
4165	1500	30.349422
4165	2321	29.968456
4165	1923	29.787424
4165	2700	29.29138
4166	594	14.784344
4166	1028	14.1462145
4166	2080	14.071848
4166	595	13.9689455
4166	2396	13.486275
4166	1947	13.271159
4166	1270	13.079446
4166	1029	12.997966
4166	1198	12.948562
4166	1035	12.903557
4167	1573	247.4245
4167	377	244.0646
4167	2174	239.32788
4167	21	238.59773
4167	2716	234.50586
4167	1391	232.17151
4167	2011	231.82687
4167	2797	231.74435
4167	593	229.40532
4167	1396	227.78992
4168	608	77.726265
4168	1704	73.21514
4168	318	72.88111
4168	36	68.223335
4168	1393	65.867966
4168	337	65.61759
4168	300	63.604813
4168	2396	63.37364
4168	150	63.049564
4168	1673	62.918007
4169	1	500.62314
4169	1580	490.75055
4169	2064	485.8413
4169	39	473.26315
4169	3108	471.54694
4169	1333	439.55197
4169	2160	418.71307
4169	3386	411.92365
4169	162	403.43668
4169	2081	401.8647
4170	608	60.924
4170	1221	59.434067
4170	924	56.853756
4170	1208	56.70236
4170	1294	56.534
4170	1219	55.755753
4170	527	55.59926
4170	111	55.420918
4170	1252	55.13883
4170	750	55.119267
4171	2918	82.066696
4171	1265	81.70394
4171	2797	80.182236
4171	1079	78.20062
4171	3039	76.64156
4171	1307	76.59139
4171	2716	75.712135
4171	1663	74.60097
4171	2406	73.727066
4171	2144	73.42788
4172	50	71.18352
4172	1213	68.63098
4172	1	68.335724
4172	1580	66.6139
4172	1196	66.206215
4172	1500	63.574314
4172	1089	63.52651
4172	32	63.286663
4172	480	62.979576
4172	39	62.868988
4173	2081	40.713203
4173	1196	36.863308
4173	1029	36.678383
4173	2096	36.367844
4173	919	36.30289
4173	1270	35.282204
4173	1282	35.17295
4173	1	35.048206
4173	1197	34.99063
4173	2078	34.894623
4174	3334	22.96686
4174	750	22.054598
4174	1219	21.940788
4174	904	21.749249
4174	608	21.729208
4174	930	21.687487
4174	912	21.549994
4174	903	21.485218
4174	908	21.23394
4174	858	21.048546
4175	2174	78.28932
4175	1663	74.47111
4175	2144	73.392075
4175	1307	73.33231
4175	1197	68.25871
4175	2371	67.95338
4175	2407	67.709595
4175	2463	64.81965
4175	592	63.30629
4175	3421	63.212063
4176	1196	21.33808
4176	1214	20.529215
4176	541	20.245314
4176	1270	19.041868
4176	1240	18.668827
4176	858	18.545036
4176	1198	18.129465
4176	1097	18.003414
4176	1200	17.998968
4176	2571	17.96958
4177	2028	125.984245
4177	1210	124.861465
4177	1270	124.68316
4177	541	122.24445
4177	1617	122.20953
4177	1097	120.839554
4177	1580	119.64608
4177	1213	119.308586
4177	1136	119.10197
4177	1259	119.097145
4178	318	12.132976
4178	608	12.073794
4178	527	12.002584
4178	593	11.738979
4178	1704	11.641735
4178	296	11.4636965
4178	1393	11.381889
4178	1265	11.250473
4178	2028	11.164442
4178	2396	11.012644
4179	2797	110.920456
4179	39	104.54733
4179	2791	102.93526
4179	1641	102.761475
4179	2321	102.432
4179	2716	100.538536
4179	2396	99.74069
4179	1259	98.59129
4179	1500	98.45994
4179	1968	97.921906
4180	1196	40.81928
4180	260	39.876904
4180	2571	39.66295
4180	589	39.04334
4180	2916	38.81882
4180	1580	38.790768
4180	1240	37.86962
4180	1214	37.12705
4180	1198	37.04646
4180	1200	36.906685
4181	1923	79.31945
4181	1	76.52601
4181	1580	76.25972
4181	1517	75.889046
4181	1500	75.235756
4181	539	74.634926
4181	2302	74.202774
4181	597	72.9639
4181	367	71.550835
4181	2716	68.91467
4182	1196	34.85426
4182	260	33.0186
4182	1580	32.19902
4182	2028	32.04343
4182	296	31.874464
4182	2762	31.855656
4182	1240	31.698614
4182	2916	31.520786
4182	480	31.495823
4182	608	31.06936
4183	2028	174.098
4183	1580	172.7551
4183	1610	171.04782
4183	380	166.41362
4183	50	165.33075
4183	1213	160.33997
4183	2762	160.03426
4183	1370	158.7923
4183	3418	158.08786
4183	6	157.83263
4184	1265	3.1136007
4184	2174	3.0674832
4184	1220	2.8226132
4184	457	2.8000202
4184	21	2.788253
4184	1500	2.752368
4184	2291	2.7416382
4184	3253	2.715114
4184	2396	2.696509
4184	1407	2.694916
4185	1997	36.81877
4185	1345	36.481773
4185	968	33.96685
4185	1200	33.30894
4185	1240	32.942078
4185	2003	32.587067
4185	1196	32.560535
4185	541	32.26399
4185	1130	32.104523
4185	2985	31.688135
4186	1291	231.79947
4186	2174	231.00017
4186	1259	228.11942
4186	2797	227.32912
4186	2000	223.67708
4186	2716	222.21614
4186	1073	221.91179
4186	1079	220.22064
4186	1220	219.452
4186	296	219.32161
4187	923	39.553917
4187	1252	38.771984
4187	908	38.34302
4187	1247	37.97844
4187	913	36.868732
4187	1084	36.705452
4187	903	35.861122
4187	1267	35.511497
4187	750	35.21896
4187	858	34.31695
4188	1196	12.734769
4188	260	12.693968
4188	1214	12.536887
4188	2987	12.354802
4188	1270	12.242937
4188	1210	12.061476
4188	1197	11.793213
4188	1200	11.760591
4188	1240	11.743232
4188	1608	11.620762
4189	923	22.582125
4189	908	21.113348
4189	1247	20.699646
4189	903	20.25972
4189	858	20.149181
4189	1230	20.064997
4189	750	19.861496
4189	1945	19.673796
4189	1084	19.607601
4189	913	19.513245
4190	1580	78.49214
4190	1240	76.18975
4190	589	74.5457
4190	1200	73.61644
4190	316	69.47976
4190	2628	69.435555
4190	1372	68.57203
4190	1676	67.27969
4190	2105	66.570625
4190	1198	66.193855
4191	296	17.372305
4191	318	17.22474
4191	608	17.182741
4191	2396	17.110497
4191	2762	16.505661
4191	1265	16.365034
4191	1617	16.323097
4191	593	16.290525
4191	1	16.159376
4191	1580	15.795279
4192	2683	2.6388693
4192	2706	2.5673678
4192	1580	2.3941278
4192	2699	2.3104124
4192	2858	2.305389
4192	2355	2.3002071
4192	1196	2.2890863
4192	356	2.2400854
4192	2716	2.2322884
4192	1	2.205336
4193	1240	152.84607
4193	1220	147.19173
4193	1200	146.1536
4193	2028	146.06027
4193	589	143.86244
4193	1387	142.49419
4193	457	141.09549
4193	2571	139.77655
4193	2640	137.88686
4193	2174	136.84402
4194	608	114.57717
4194	50	105.79399
4194	2396	105.71159
4194	1196	105.505936
4194	1617	105.124
4194	1270	104.03293
4194	1259	102.43094
4194	1198	98.90041
4194	260	98.591934
4194	2289	97.65464
4195	912	71.516945
4195	858	66.64995
4195	111	65.99715
4195	1945	63.45435
4195	1084	63.02151
4195	1267	62.84612
4195	910	61.28491
4195	1221	59.47916
4195	924	59.36523
4195	1250	59.19146
4196	1387	12.544351
4196	1278	12.309198
4196	1214	12.1126175
4196	1997	12.072718
4196	1345	11.961726
4196	1252	11.581162
4196	858	11.544945
4196	908	11.4124155
4196	608	11.147375
4196	904	11.101415
4197	1196	24.162167
4197	260	23.038683
4197	1270	22.926134
4197	1197	22.123062
4197	1265	21.488527
4197	1580	21.383593
4197	2028	21.265068
4197	2716	21.025051
4197	589	20.930365
4197	1240	20.922844
4198	260	35.275852
4198	1240	34.949707
4198	1200	34.771473
4198	1219	33.630623
4198	2288	32.936554
4198	1270	32.917175
4198	1350	32.871677
4198	2003	32.535156
4198	1347	32.311176
4198	1333	31.865814
4199	2858	35.900608
4199	296	34.556225
4199	1617	34.224606
4199	1196	33.34402
4199	1	33.141792
4199	1704	32.130245
4199	50	31.855547
4199	1198	31.62836
4199	260	31.542782
4199	1197	31.48367
4200	1240	44.553894
4200	1200	43.432816
4200	1196	43.324776
4200	1214	42.975426
4200	1580	40.179913
4200	2985	39.85239
4200	2529	38.344814
4200	1376	37.48139
4200	2640	37.40998
4200	1584	37.165028
4201	1073	11.858588
4201	2143	11.506674
4201	2054	11.319491
4201	2140	11.091671
4201	2987	11.031928
4201	367	10.987844
4201	2797	10.929051
4201	2	10.926762
4201	592	10.758386
4201	2115	10.595675
4202	260	22.482403
4202	1240	21.06064
4202	1210	20.87308
4202	1291	20.353205
4202	1200	20.221615
4202	1270	20.14939
4202	1214	19.82364
4202	1036	19.314362
4202	541	19.309559
4202	1097	19.15048
4203	2571	112.50844
4203	589	111.26574
4203	457	110.90762
4203	1270	109.96369
4203	260	109.67305
4203	2716	108.39625
4203	1	108.06385
4203	1036	107.931465
4203	1210	107.53809
4203	2396	107.33595
4204	1291	190.58345
4204	1197	183.67859
4204	2640	181.36732
4204	1127	175.43793
4204	1954	175.31824
4204	50	174.51569
4204	1136	172.4289
4204	1242	172.3833
4204	2174	171.82513
4204	2987	171.5703
4205	2858	25.085636
4205	1196	24.72333
4205	1580	24.541029
4205	1	24.214645
4205	2683	23.955778
4205	2997	23.899454
4205	1197	23.887236
4205	2571	23.755077
4205	480	23.25982
4205	1210	23.193996
4206	1022	40.080654
4206	2087	39.84545
4206	2096	39.791348
4206	2078	37.78022
4206	2081	37.58618
4206	1028	36.09277
4206	2085	35.041965
4206	2137	33.82287
4206	2987	33.793056
4206	1025	33.266014
4207	2352	115.34772
4207	1307	113.35838
4207	2194	110.55895
4207	1079	109.777435
4207	1198	109.255196
4207	2406	107.37585
4207	3361	106.88392
4207	2797	106.345055
4207	1270	105.11149
4207	1394	104.88624
4208	357	31.680359
4208	912	30.286877
4208	919	30.247522
4208	920	30.116259
4208	2406	29.170189
4208	1094	28.992147
4208	39	28.239233
4208	1136	28.199755
4208	1947	27.905668
4208	17	27.881544
4209	2762	12.596212
4209	2997	11.920556
4209	318	11.306027
4209	2706	11.128963
4209	2599	11.059185
4209	2716	11.021553
4209	2683	10.94296
4209	2028	10.877537
4209	527	10.87416
4209	608	10.857172
4210	1527	100.62559
4210	1876	92.209656
4210	1240	85.287865
4210	1374	85.142334
4210	2985	84.45834
4210	1200	83.26887
4210	1127	83.08721
4210	2105	82.49605
4210	1376	81.79582
4210	1375	81.74662
4211	1947	1.6083567
4211	3363	1.6043968
4211	2565	1.5493145
4211	914	1.5258917
4211	2919	1.5028062
4211	1956	1.4455502
4211	900	1.4381975
4211	1084	1.4095328
4211	1964	1.389662
4211	899	1.3791238
4212	1272	80.69266
4212	1196	80.46661
4212	1198	78.079994
4212	1214	75.592094
4212	1954	75.21661
4212	2000	74.45887
4212	1200	74.30682
4212	1233	74.0579
4212	1240	73.7851
4212	1291	72.9217
4213	2985	239.64706
4213	1876	231.34616
4213	377	231.33025
4213	1544	229.87625
4213	1036	228.34576
4213	2640	224.07312
4213	1291	222.79196
4213	3256	221.78166
4213	592	220.9101
4213	2000	220.28072
4214	296	19.159197
4214	318	19.010921
4214	608	18.58567
4214	50	17.76315
4214	1265	17.40436
4214	1704	17.307991
4214	2762	17.06593
4214	457	17.059164
4214	480	16.974041
4214	110	16.909983
4215	1196	196.65157
4215	1197	187.84256
4215	1198	187.61974
4215	527	185.906
4215	2174	175.12503
4215	2987	169.76247
4215	1210	169.58672
4215	589	169.47955
4215	34	168.649
4215	541	168.31319
4216	1196	11.703199
4216	260	11.674225
4216	1198	11.255174
4216	1291	11.152262
4216	1	11.030326
4216	1197	10.932179
4216	1580	10.921987
4216	1270	10.810888
4216	2716	10.690802
4216	2628	10.602432
4217	2916	252.09157
4217	1617	242.36285
4217	2396	241.61871
4217	1036	240.08772
4217	21	237.07954
4217	2997	232.12764
4217	1784	230.91122
4217	1291	227.81845
4217	32	227.727
4217	2918	226.59073
4218	440	63.237053
4218	11	61.094967
4218	357	60.6888
4218	3255	60.58343
4218	380	60.04611
4218	1	60.041588
4218	39	59.69698
4218	1580	59.663654
4218	2797	58.596508
4218	2100	57.238483
4219	1196	89.99123
4219	2105	87.4057
4219	2571	87.05977
4219	1375	85.60314
4219	2968	83.5404
4219	2021	81.16029
4219	780	80.67249
4219	329	79.75871
4219	32	78.93116
4219	1097	78.73091
4220	608	140.80531
4220	1307	136.75737
4220	1196	132.65836
4220	1136	132.09718
4220	296	131.57362
4220	3361	130.76643
4220	1198	126.35722
4220	1641	124.47204
4220	593	123.32493
4220	1213	122.41223
4221	912	51.248867
4221	908	50.425365
4221	919	49.11414
4221	903	49.062607
4221	1247	48.962307
4221	750	48.905098
4221	1219	48.758842
4221	1084	46.74559
4221	608	46.617485
4221	1230	46.3394
4222	1198	80.346634
4222	1197	72.97879
4222	1270	71.84889
4222	1210	71.72646
4222	1214	71.598976
4222	1240	71.59286
4222	2797	70.27191
4222	1259	70.17464
4222	924	69.98416
4222	541	69.89942
4223	1200	115.65388
4223	1210	115.29497
4223	1197	102.66091
4223	924	102.63706
4223	1127	101.14421
4223	1291	100.94734
4223	1036	100.84147
4223	457	100.164375
4223	1372	98.72231
4223	2000	97.65256
4224	1196	179.9803
4224	1270	179.15305
4224	260	173.89502
4224	1294	168.71936
4224	858	167.97325
4224	1097	166.05502
4224	1304	164.98804
4224	608	164.15034
4224	1210	162.87288
4224	1259	161.1031
4225	1213	72.69245
4225	2858	69.12265
4225	593	66.603966
4225	1704	66.46493
4225	2997	66.1906
4225	2395	65.77062
4225	1095	64.60409
4225	235	64.28341
4225	25	63.602062
4225	2599	63.372963
4226	2858	24.641912
4226	2762	23.147924
4226	223	22.513123
4226	2599	22.406378
4226	2987	22.099014
4226	2706	21.990654
4226	1	21.445288
4226	1127	21.079958
4226	1265	20.285933
4226	2710	20.004593
4227	2640	419.70215
4227	2028	404.1561
4227	2716	402.18127
4227	110	395.97192
4227	1222	389.67807
4227	2115	385.33618
4227	1	382.6064
4227	1954	382.06433
4227	2918	381.95917
4227	2628	378.89005
4228	2028	15.523863
4228	318	15.288013
4228	608	15.181368
4228	593	14.961892
4228	2571	14.636615
4228	2762	14.592169
4228	1213	14.572724
4228	110	14.516592
4228	1704	14.463319
4228	1196	14.341775
4229	2396	45.924335
4229	1641	45.676525
4229	39	45.413036
4229	1500	45.172333
4229	1517	44.996445
4229	296	44.49274
4229	2997	44.468727
4229	608	43.84297
4229	2700	43.324177
4229	223	43.126266
4230	594	4.0345793
4230	1022	3.8861408
4230	919	3.8213959
4230	1029	3.688071
4230	1282	3.564344
4230	1032	3.5457418
4230	2018	3.3926578
4230	596	3.2758076
4230	1028	3.2454278
4230	923	3.1736376
4231	1196	39.0683
4231	1198	37.6264
4231	2028	36.452053
4231	260	36.404755
4231	2571	36.08637
4231	457	35.756546
4231	480	35.339977
4231	1270	35.339615
4231	593	35.197243
4231	1036	34.722446
4232	1265	28.295073
4232	2571	28.200533
4232	1	27.624998
4232	2396	27.624004
4232	1196	27.337791
4232	2716	27.188913
4232	1197	26.895908
4232	608	26.773926
4232	2762	26.55398
4232	589	26.245106
4233	608	92.64274
4233	1294	91.56033
4233	1225	87.13701
4233	1288	86.679726
4233	923	85.94708
4233	1617	85.231514
4233	1259	85.08597
4233	296	84.42934
4233	1208	83.97167
4233	3361	83.90277
4234	1198	102.695
4234	1136	102.676384
4234	1394	102.037994
4234	1580	101.66481
4234	2918	99.98511
4234	1210	98.937386
4234	919	96.376045
4234	1220	95.04404
4234	2406	94.892654
4234	2000	94.82061
4235	2028	87.905174
4235	1617	87.011856
4235	50	85.742714
4235	527	84.384514
4235	2571	82.228294
4235	1265	82.03224
4235	1089	79.74084
4235	3418	76.71914
4235	1	75.07254
4235	21	74.157684
4236	2716	35.78837
4236	2858	33.666656
4236	223	33.145264
4236	2997	30.936745
4236	785	30.924118
4236	2959	30.01869
4236	2987	29.92493
4236	2762	29.629246
4236	2688	28.679188
4236	3175	28.388182
4237	1196	89.66531
4237	480	88.82572
4237	1580	88.67319
4237	2916	88.32782
4237	1610	88.0732
4237	608	87.2802
4237	1198	85.363945
4237	377	85.160126
4237	1036	85.105995
4237	1265	84.719246
4238	21	354.66083
4238	1544	330.92264
4238	2012	330.14154
4238	2640	328.06967
4238	1396	327.34622
4238	1214	325.1885
4238	1097	323.06848
4238	2006	313.86102
4238	1387	311.60873
4238	1597	306.51062
4239	541	52.430477
4239	1270	49.244183
4239	1374	48.212402
4239	2916	48.192413
4239	1210	47.608006
4239	2985	46.32291
4239	1580	44.98159
4239	1198	44.9564
4239	2640	44.466
4239	2968	44.32323
4240	2000	47.121765
4240	1079	45.99902
4240	2797	44.409
4240	2194	44.311985
4240	2406	44.111687
4240	592	44.046253
4240	1097	43.998837
4240	1394	43.81884
4240	1210	43.725742
4240	1220	43.619057
4241	260	59.703632
4241	1196	58.866962
4241	541	56.93122
4241	924	56.80536
4241	608	55.78609
4241	1214	54.79525
4241	1270	54.650043
4241	858	54.50151
4241	1240	53.835793
4241	1617	53.81358
4242	2916	107.51947
4242	1552	105.937775
4242	648	102.62252
4242	1573	102.59746
4242	1527	102.1031
4242	349	97.48376
4242	1608	97.45354
4242	2353	97.43624
4242	442	96.52128
4242	95	96.17554
4243	1610	109.25596
4243	733	106.24012
4243	457	104.96788
4243	377	104.360275
4243	592	101.801384
4243	1240	101.55894
4243	589	101.29929
4243	480	101.17296
4243	2571	99.908394
4243	1580	99.78672
4244	2716	8.922031
4244	2683	8.478758
4244	2858	8.346142
4244	2706	8.316452
4244	2987	8.083692
4244	2699	8.066434
4244	1127	7.9802074
4244	3175	7.6635733
4244	223	7.6028814
4244	1	7.593442
4245	2985	69.991356
4245	2640	67.06095
4245	2968	64.477234
4245	1097	62.87449
4245	32	62.36838
4245	1356	61.531994
4245	2105	61.220417
4245	1198	60.74729
4245	2455	60.111477
4245	1375	59.648945
4246	1196	25.055273
4246	1580	24.192015
4246	1270	23.95516
4246	1198	23.912685
4246	260	23.637829
4246	1265	23.561312
4246	1	23.189545
4246	2716	22.734987
4246	1210	22.658848
4246	1220	22.555853
4247	1240	58.601273
4247	2571	57.047417
4247	2985	56.979202
4247	1200	56.94363
4247	480	56.416115
4247	1372	55.60614
4247	589	55.51725
4247	1214	54.918457
4247	329	54.578606
4247	1527	53.89578
4248	589	71.90398
4248	1610	70.39263
4248	1240	69.758675
4248	1200	66.16301
4248	377	66.02133
4248	1197	64.86705
4248	1370	64.16874
4248	1214	63.027122
4248	2194	61.867825
4248	1387	61.738018
4249	2571	64.11634
4249	2916	63.09924
4249	50	60.7617
4249	480	59.690315
4249	2028	59.484463
4249	1036	59.194675
4249	1196	58.716106
4249	296	57.16499
4249	1580	56.01053
4249	474	55.504116
4250	380	222.8299
4250	457	221.09947
4250	3256	219.33067
4250	1608	211.02876
4250	10	210.81772
4250	1917	207.09302
4250	1291	205.30809
4250	1527	202.29308
4250	95	200.64496
4250	2115	197.54048
4251	2571	72.17933
4251	2762	68.26733
4251	480	67.10243
4251	1196	67.02998
4251	110	66.58637
4251	2396	66.13512
4251	1704	66.06821
4251	47	64.456474
4251	2997	64.335556
4251	1198	63.387844
4252	1573	72.17094
4252	1580	71.481316
4252	2028	69.16689
4252	110	68.17856
4252	2058	67.608635
4252	648	66.99953
4252	780	66.953224
4252	2278	66.95038
4252	1036	66.77831
4252	380	66.275475
4253	1196	191.77061
4253	858	190.8958
4253	1214	175.97673
4253	1294	173.84381
4253	924	172.63963
4253	1304	170.6759
4253	1247	168.5801
4253	1225	167.29517
4253	1213	165.84918
4253	1953	162.99106
4254	2791	23.746555
4254	2797	23.173101
4254	2174	23.14738
4254	2716	23.123547
4254	1198	23.059555
4254	1394	22.814363
4254	2000	22.595694
4254	260	22.393978
4254	1307	22.297642
4254	1210	22.233952
4255	1247	17.685629
4255	1207	16.411823
4255	1084	16.3699
4255	899	16.153538
4255	1945	16.092165
4255	1250	15.769516
4255	908	15.752658
4255	3095	15.635958
4255	594	15.625253
4255	969	15.461253
4256	608	17.615732
4256	750	17.081383
4256	1196	16.501657
4256	923	16.409456
4256	1252	16.106071
4256	260	16.040625
4256	111	16.011295
4256	1219	15.968467
4256	1617	15.965571
4256	924	15.82044
4257	597	73.391716
4257	440	71.443214
4257	1569	68.823166
4257	1183	63.259174
4257	2291	61.266
4257	1784	59.92813
4257	7	59.637352
4257	3255	58.684757
4257	1	57.946762
4257	497	57.604126
4258	1259	227.27823
4258	480	212.64914
4258	2571	210.74982
4258	2011	209.24327
4258	589	209.16628
4258	2028	208.41971
4258	457	205.14879
4258	2916	203.94827
4258	1200	203.89154
4258	2321	200.16971
4259	1291	4.574785
4259	1036	4.311737
4259	457	4.3022065
4259	377	4.1989994
4259	2028	4.1423187
4259	592	4.129585
4259	1210	4.0805154
4259	1610	4.0674267
4259	480	4.0672626
4259	1196	4.0409284
4260	1580	112.45604
4260	1240	112.276855
4260	2571	111.274124
4260	1198	111.12169
4260	2916	110.13425
4260	589	109.85927
4260	260	109.77738
4260	480	108.453865
4260	2985	107.781334
4260	1036	107.060005
4261	589	165.99442
4261	1036	161.44911
4261	1356	159.9463
4261	1200	159.37135
4261	2985	156.8765
4261	2000	156.32658
4261	733	154.20033
4261	1573	150.08531
4261	1214	149.1013
4261	2406	148.88548
4262	1196	21.896336
4262	2797	21.573385
4262	1270	20.80538
4262	1198	20.258635
4262	1210	20.005451
4262	2105	19.95557
4262	2193	19.841621
4262	592	19.651644
4262	2406	19.58155
4262	2640	19.480175
4263	2396	28.01489
4263	1265	27.742752
4263	2395	27.713524
4263	2355	26.60606
4263	608	26.589043
4263	2959	26.47534
4263	1196	26.246946
4263	2762	26.074903
4263	2700	26.06793
4263	296	25.783976
4264	377	19.409136
4264	1610	18.638056
4264	1265	18.396986
4264	356	18.13816
4264	1196	17.406673
4264	589	17.39463
4264	2396	17.36941
4264	318	17.358242
4264	1198	17.303568
4264	480	17.297544
4265	1270	149.88905
4265	1036	146.4807
4265	1374	146.24582
4265	2571	144.54903
4265	1200	143.92073
4265	780	138.13625
4265	2716	135.28777
4265	1097	134.44713
4265	1127	131.91281
4265	733	131.45876
4266	2605	29.195385
4266	2433	26.064848
4266	2707	25.924948
4266	223	25.903368
4266	785	25.618645
4266	2762	24.926535
4266	2599	24.175976
4266	2572	24.016304
4266	1093	23.650192
4266	2997	23.548212
4267	223	23.364777
4267	2770	21.8614
4267	2762	21.631908
4267	2959	21.438532
4267	2396	21.359207
4267	2699	20.972416
4267	785	20.670675
4267	2987	20.393648
4267	2395	20.348175
4267	2028	19.540138
4268	1294	141.84952
4268	912	138.83629
4268	1247	136.33226
4268	1307	134.3709
4268	908	131.3568
4268	1079	131.30833
4268	910	130.37451
4268	1028	130.00882
4268	923	129.59558
4268	608	129.53625
4269	2797	126.88057
4269	2174	126.15197
4269	1270	124.28789
4269	1265	122.60609
4269	1278	120.08568
4269	1259	117.40904
4269	3421	116.32602
4269	3039	112.75597
4269	1234	112.584045
4269	1220	112.08493
4270	2291	1.7608862
4270	593	1.7001188
4270	318	1.6392984
4270	527	1.5885687
4270	1393	1.5703049
4270	1265	1.5318959
4270	1213	1.5225339
4270	589	1.5208094
4270	587	1.5096269
4270	1470	1.5075567
4271	1259	255.13673
4271	2640	243.31444
4271	1208	243.26749
4271	2985	235.83649
4271	2804	235.76898
4271	2396	232.30237
4271	2858	232.111
4271	50	226.75526
4271	1674	215.43448
4271	2762	215.13214
4272	541	84.46266
4272	1527	84.229065
4272	2105	84.212234
4272	2529	83.24841
4272	780	83.21824
4272	1676	80.55053
4272	1129	80.082794
4272	329	79.82189
4272	2628	77.69571
4272	2641	77.53583
4273	1079	30.044374
4273	1270	29.977058
4273	1196	29.565847
4273	1278	29.406256
4273	1394	29.402565
4273	858	29.195612
4273	260	28.803474
4273	1197	28.58037
4273	1259	28.506002
4273	1198	28.302824
4274	318	61.08665
4274	457	58.73003
4274	1682	56.947716
4274	150	56.47002
4274	1610	55.949284
4274	454	55.60353
4274	590	55.262325
4274	608	54.76541
4274	589	53.147873
4274	356	53.093365
4275	2858	18.441385
4275	608	18.091513
4275	480	17.528824
4275	2028	17.352621
4275	296	17.274008
4275	589	17.082396
4275	1580	16.919895
4275	1265	16.7261
4275	1617	16.54602
4275	50	16.532454
4276	1196	43.63864
4276	1198	40.744415
4276	1200	39.647087
4276	1197	39.336643
4276	1210	39.177242
4276	1240	38.614056
4276	608	38.380775
4276	858	38.310993
4276	2797	38.13043
4276	1265	38.01131
4277	2985	591.64594
4277	1	559.69946
4277	1304	530.4081
4277	1206	516.4714
4277	1391	503.65384
4277	2268	493.22537
4277	908	488.2757
4277	1073	480.2411
4277	3421	479.51868
4277	2455	475.78778
4278	2916	29.369587
4278	480	28.688751
4278	1580	28.569122
4278	457	28.562588
4278	1240	28.142527
4278	1196	27.140162
4278	377	27.016924
4278	1610	26.96738
4278	1291	26.785223
4278	1573	26.63718
4279	2985	222.13953
4279	2167	216.69533
4279	1320	216.3228
4279	1610	210.46657
4279	1196	205.35255
4279	2000	204.3615
4279	260	201.40532
4279	377	200.07307
4279	1552	193.04523
4279	1275	192.68896
4280	1	59.480885
4280	1580	59.17078
4280	1923	57.312756
4280	356	55.301174
4280	2571	55.18979
4280	1500	54.88494
4280	21	54.53433
4280	480	53.99926
4280	589	53.6228
4280	318	53.586357
4281	2797	108.19024
4281	1079	107.78578
4281	3361	103.19984
4281	3039	101.97114
4281	2174	101.051735
4281	1259	99.43863
4281	2144	95.96169
4281	1220	92.31591
4281	2248	92.055176
4281	2145	90.908424
4282	1036	12.192686
4282	2406	12.067623
4282	1220	11.922709
4282	1198	11.88243
4282	1196	11.813775
4282	592	11.561479
4282	1291	11.494307
4282	1197	11.425053
4282	2918	11.316736
4282	1270	11.310936
4283	2797	33.979794
4283	1197	33.504177
4283	2174	32.42338
4283	1307	32.32734
4283	1	31.829718
4283	2791	31.755703
4283	1136	31.646984
4283	1079	31.487823
4283	2100	31.223246
4283	2716	30.894178
4284	733	98.83577
4284	2571	93.61809
4284	480	93.43786
4284	648	93.00124
4284	1573	92.29579
4284	1527	90.91181
4284	1917	89.528175
4284	1676	86.44572
4284	2617	83.83116
4284	1036	82.61842
4285	2081	208.23975
4285	2174	207.37654
4285	2011	200.9635
4285	2012	197.42499
4285	1377	197.38623
4285	2406	196.01773
4285	500	192.7762
4285	317	192.66194
4285	1777	192.56726
4285	356	191.46854
4286	919	102.734344
4286	923	100.889595
4286	1252	99.76493
4286	1294	99.653694
4286	908	96.09022
4286	608	96.004135
4286	1208	94.60269
4286	1221	94.263985
4286	1278	94.10884
4286	1304	93.089966
4287	329	214.35257
4287	2628	210.75244
4287	2641	205.06894
4287	1391	203.76015
4287	1370	199.80264
4287	1544	196.60793
4287	2094	193.93675
4287	1690	190.04398
4287	1387	189.80786
4287	32	189.72725
4288	1036	20.9101
4288	1291	20.792273
4288	1197	19.956156
4288	1240	19.861649
4288	1270	19.702707
4288	260	19.590767
4288	592	19.092258
4288	2194	19.087708
4288	2406	19.04444
4288	1200	18.804022
4289	2406	112.17465
4289	2174	106.58518
4289	1270	105.86163
4289	2407	103.07891
4289	2918	102.52991
4289	1036	101.67807
4289	2985	101.11894
4289	2470	100.715576
4289	2011	99.422966
4289	1200	98.76963
4290	1704	47.46112
4290	1617	46.696365
4290	1196	46.553116
4290	2396	46.537994
4290	50	46.2235
4290	2571	46.012314
4290	457	45.984596
4290	356	45.749035
4290	589	45.39303
4290	1580	44.86556
4291	480	168.47641
4291	2985	163.02654
4291	733	155.35309
4291	316	154.97777
4291	1573	153.21178
4291	1127	151.31126
4291	110	148.73412
4291	349	146.7477
4291	165	144.16566
4291	1552	143.02228
4292	2916	59.416553
4292	1196	58.84719
4292	1127	58.57202
4292	1610	57.540184
4292	2355	56.32549
4292	377	55.76076
4292	2699	55.371925
4292	2997	54.89647
4292	260	54.791676
4292	593	54.509407
4293	608	18.525093
4293	1394	17.548323
4293	1265	17.055614
4293	1617	16.572134
4293	1225	16.5025
4293	2858	16.471933
4293	1097	16.212807
4293	260	16.132671
4293	2396	16.04873
4293	919	16.042263
4294	1265	57.85195
4294	2716	54.5186
4294	356	54.419388
4294	1270	53.92137
4294	364	53.361794
4294	595	53.052338
4294	2797	52.015724
4294	34	51.59493
4294	3253	50.58073
4294	1197	50.35117
4295	1608	7.6002555
4295	2124	7.3909163
4295	2706	7.043326
4295	1127	6.8724422
4295	2133	6.612216
4295	410	6.4932494
4295	19	6.415194
4295	2683	6.398038
4295	1690	6.3422594
4295	1407	6.2520905
4296	2858	28.611965
4296	2683	27.964502
4296	2716	27.513393
4296	2997	25.903702
4296	2762	25.190302
4296	2712	24.686277
4296	785	24.145575
4296	2699	23.19192
4296	1127	23.188751
4296	2396	22.919687
4297	1196	39.80394
4297	608	38.703346
4297	1394	38.43588
4297	1270	37.969788
4297	1079	37.82532
4297	858	37.524685
4297	1259	37.166687
4297	1136	36.973167
4297	1197	36.68
4297	2797	36.10289
4298	1394	170.14081
4298	750	162.41502
4298	924	160.78722
4298	923	157.59825
4298	1294	156.61346
4298	1247	156.44286
4298	912	155.88489
4298	1213	154.14825
4298	908	152.50989
4298	1080	152.09552
4299	1265	70.96941
4299	377	70.28513
4299	457	69.37481
4299	318	69.34936
4299	2028	68.28165
4299	1784	67.27076
4299	1580	66.768555
4299	2571	65.33659
4299	587	65.250824
4299	39	65.06234
4300	1029	27.560278
4300	1282	27.354536
4300	2080	26.5644
4300	2087	26.413042
4300	2078	25.98994
4300	1032	25.803972
4300	2355	25.645128
4300	1196	25.431963
4300	1197	25.250904
4300	596	25.096474
4301	608	25.706892
4301	1196	25.5663
4301	858	25.426176
4301	1198	24.433764
4301	593	24.295425
4301	318	24.218262
4301	457	24.071617
4301	260	23.802671
4301	1208	23.745068
4301	296	23.638758
4302	593	148.3288
4302	2028	147.49089
4302	1265	144.86922
4302	457	144.09016
4302	296	142.06372
4302	110	141.62245
4302	1393	139.82211
4302	590	139.63875
4302	356	139.36258
4302	377	136.40384
4303	1208	197.83478
4303	296	193.331
4303	527	192.74852
4303	1617	189.5645
4303	923	179.81912
4303	1231	177.22221
4303	1358	176.35747
4303	912	175.95827
4303	1294	173.7156
4303	1079	173.22122
4304	608	25.815565
4304	318	25.432926
4304	1265	23.994848
4304	2858	23.704708
4304	1213	23.420168
4304	50	23.361038
4304	2028	23.066298
4304	2571	22.764944
4304	1617	22.608887
4304	527	22.520372
4305	1214	291.89993
4305	1200	284.2866
4305	1196	278.79074
4305	260	272.54697
4305	1527	260.72876
4305	2699	254.43466
4305	2640	250.87091
4305	2628	245.51349
4305	32	245.22406
4305	2617	244.90147
4306	457	51.05513
4306	589	50.286873
4306	1196	50.203617
4306	260	49.380127
4306	608	47.956295
4306	2571	47.896893
4306	541	47.607834
4306	1198	47.596867
4306	1387	47.40753
4306	50	46.363388
4307	1196	23.11449
4307	260	22.212578
4307	1198	21.820621
4307	608	21.614706
4307	1197	21.590424
4307	593	21.487051
4307	296	21.468138
4307	1265	21.32751
4307	589	21.188444
4307	527	21.159582
4308	2716	44.972343
4308	2858	42.39978
4308	2762	40.373394
4308	1127	39.050106
4308	2028	38.793625
4308	2355	38.78911
4308	223	38.621876
4308	2396	38.02298
4308	593	37.222702
4308	2997	36.718857
4309	608	82.714485
4309	593	82.46311
4309	1704	81.086205
4309	589	79.0196
4309	1610	78.695526
4309	50	78.480965
4309	2762	78.434814
4309	480	77.67867
4309	1617	77.196556
4309	1580	76.065315
4310	457	155.51112
4310	2268	153.41418
4310	50	149.94382
4310	2571	149.60179
4310	589	144.14334
4310	2291	143.40811
4310	480	142.99173
4310	1610	140.87814
4310	1923	140.77115
4310	1500	140.49875
4311	1198	45.15202
4311	1240	42.683113
4311	1214	42.66409
4311	2105	41.840622
4311	1200	41.770954
4311	2985	41.663616
4311	2529	41.58554
4311	2000	40.89511
4311	1036	39.60785
4311	1220	39.40754
4312	2985	379.7197
4312	1527	372.03333
4312	1220	370.04956
4312	2987	351.51077
4312	1377	345.57724
4312	2174	344.03452
4312	1396	341.90298
4312	590	341.0959
4312	2797	340.1356
4312	1408	330.00165
4313	1196	87.40699
4313	589	86.12371
4313	1610	82.90804
4313	1580	82.6877
4313	110	79.35941
4313	1370	76.76839
4313	2985	75.715965
4313	733	75.47645
4313	1374	74.41038
4313	1127	72.87727
4314	1196	9.0814495
4314	2571	8.932914
4314	260	8.837694
4314	1580	8.721731
4314	589	8.647599
4314	1210	8.612702
4314	480	8.479336
4314	1270	8.450613
4314	2858	8.233884
4314	2916	8.185026
4315	1196	100.64284
4315	380	99.27242
4315	780	98.916374
4315	2174	97.45683
4315	1197	97.426636
4315	1210	97.14604
4315	2571	97.05502
4315	2054	96.676636
4315	2000	96.50406
4315	2628	95.993286
4316	296	22.830784
4316	318	22.66595
4316	2571	22.27767
4316	1196	22.096745
4316	2762	22.023903
4316	608	22.020552
4316	589	21.778555
4316	480	21.686632
4316	1265	21.618694
4316	50	21.091175
4317	1214	47.931618
4317	541	47.18941
4317	1374	45.189896
4317	1270	43.31882
4317	1580	43.22952
4317	480	42.85791
4317	2968	41.699707
4317	1376	41.152702
4317	2640	40.714558
4317	1198	40.674026
4318	592	262.0465
4318	1220	259.3654
4318	1291	259.1287
4318	1036	257.5159
4318	2571	252.5674
4318	2174	248.77185
4318	2797	248.00038
4318	356	237.19345
4318	2791	234.56793
4318	368	228.81544
4319	1196	24.25251
4319	593	23.148159
4319	296	23.061697
4319	260	22.853878
4319	1270	22.849953
4319	1198	22.755228
4319	608	22.321386
4319	858	22.202188
4319	318	22.182247
4319	2716	22.169073
4320	1240	89.838135
4320	1036	87.64228
4320	2000	81.803154
4320	592	81.08903
4320	1580	78.710625
4320	1374	78.36357
4320	1220	76.33667
4320	2985	75.79752
4320	2640	74.41817
4320	2406	72.794975
4321	1294	21.61327
4321	1230	20.569687
4321	1234	20.224167
4321	1307	19.69471
4321	1136	19.630861
4321	1394	19.567564
4321	2791	19.373447
4321	1270	19.348667
4321	3421	19.299501
4321	910	18.88841
4322	1213	174.65108
4322	2858	163.4642
4322	3418	161.70293
4322	50	160.48105
4322	1198	156.80313
4322	1094	156.32603
4322	2396	155.30467
4322	356	153.41138
4322	1036	152.99571
4322	919	152.39146
4323	457	93.0332
4323	1580	92.65813
4323	589	91.5523
4323	480	91.45415
4323	377	90.17995
4323	1196	89.22687
4323	1370	87.22932
4323	648	86.53732
4323	1210	86.359314
4323	1291	85.88828
4324	608	25.831442
4324	1221	25.693209
4324	1196	25.54124
4324	923	24.537159
4324	919	24.145466
4324	1617	23.966785
4324	1198	23.838594
4324	750	23.763096
4324	1252	23.725706
4324	924	23.582676
4325	2716	14.472841
4325	223	13.725358
4325	2355	13.027625
4325	2699	12.77031
4325	2762	12.752117
4325	2599	12.651513
4325	2959	12.422383
4325	110	12.321201
4325	1196	12.124376
4325	593	12.011323
4326	1704	72.029
4326	1213	70.867256
4326	593	68.796715
4326	300	65.91373
4326	2289	65.049736
4326	1673	64.85091
4326	1617	64.739136
4326	25	64.44301
4326	778	62.478577
4326	50	62.061466
4327	1198	125.508514
4327	457	125.32586
4327	2028	122.40577
4327	1097	120.337234
4327	32	120.13277
4327	2985	119.13015
4327	110	116.40692
4327	858	114.409325
4327	1527	113.84274
4327	1387	112.62022
4328	541	175.38356
4328	919	171.69812
4328	1953	169.28319
4328	1294	168.19142
4328	1200	166.68234
4328	2028	166.13675
4328	1136	165.31668
4328	1270	164.48888
4328	1225	161.33571
4328	589	160.12222
4329	589	118.66765
4329	2916	115.43826
4329	1610	113.63276
4329	1210	111.51451
4329	1265	110.72299
4329	1196	110.27904
4329	1370	108.92807
4329	2353	105.25766
4329	1036	104.35284
4329	1291	103.37428
4330	608	23.433266
4330	527	21.525146
4330	1225	21.431187
4330	1247	21.340847
4330	111	21.331438
4330	1213	21.181044
4330	296	20.554407
4330	1208	20.324633
4330	1221	20.284004
4330	1252	19.58499
4331	1198	17.744186
4331	1036	17.657982
4331	1196	17.644922
4331	589	17.603313
4331	2916	17.454458
4331	1580	17.364962
4331	2571	17.28464
4331	1210	17.170832
4331	1240	17.135963
4331	2000	17.11381
4332	2571	12.0426445
4332	589	11.604362
4332	1580	11.496767
4332	110	11.371157
4332	1196	11.332569
4332	480	11.273268
4332	527	11.181746
4332	593	11.036833
4332	356	10.933076
4332	457	10.923792
4333	1240	124.598114
4333	1214	122.91116
4333	2640	117.89867
4333	1376	117.12145
4333	589	114.53114
4333	1356	111.02026
4333	2628	108.53661
4333	1375	108.501595
4333	2054	106.09284
4333	2407	105.29718
4334	1347	97.0315
4334	1387	90.830734
4334	2716	86.56584
4334	1240	83.97818
4334	1645	82.42135
4334	2985	82.2112
4334	2867	81.285385
4334	1991	79.37238
4334	2916	78.02131
4334	196	77.135925
4335	1580	267.2755
4335	1610	264.8432
4335	2571	264.14178
4335	780	244.13614
4335	648	233.73685
4335	349	229.66006
4335	21	227.96922
4335	2406	227.2349
4335	590	227.20715
4335	1127	226.21765
4336	500	80.90662
4336	539	75.23332
4336	339	73.31242
4336	344	70.37717
4336	440	70.37486
4336	231	70.24207
4336	2335	69.513054
4336	2539	68.17419
4336	1020	68.08033
4336	2671	67.63046
4337	296	181.4989
4337	1036	176.40266
4337	2916	172.1083
4337	480	170.74985
4337	1097	169.55379
4337	457	169.14717
4337	32	168.60187
4337	1580	166.26717
4337	2000	166.11653
4337	1221	163.644
4338	1196	15.353892
4338	2571	15.103591
4338	1580	15.088295
4338	457	14.786807
4338	1210	14.50986
4338	110	14.453964
4338	589	14.449355
4338	260	14.410385
4338	1291	14.328559
4338	1	14.297372
4339	1580	52.682205
4339	780	51.262856
4339	377	50.775005
4339	380	48.18177
4339	648	47.303146
4339	110	46.7188
4339	3256	46.4302
4339	1552	46.289246
4339	165	46.23029
4339	349	46.22479
4340	608	21.341257
4340	318	20.25733
4340	50	19.219475
4340	1265	19.105831
4340	2858	19.082836
4340	1704	18.45788
4340	527	18.436396
4340	2396	18.356731
4340	2028	18.117407
4340	1089	17.3132
4341	589	19.55834
4341	2571	19.41347
4341	1196	19.343401
4341	318	19.217625
4341	480	19.126558
4341	1580	19.056984
4341	608	18.977411
4341	527	18.598934
4341	457	18.310017
4341	1210	18.255445
4342	2571	167.3079
4342	260	164.5255
4342	592	163.36563
4342	1220	161.29863
4342	457	157.69267
4342	2797	157.68094
4342	2406	156.73827
4342	2985	155.3198
4342	1265	154.57465
4342	110	152.59222
4343	296	126.366165
4343	457	123.60798
4343	593	121.70924
4343	608	120.37103
4343	2028	118.59465
4343	1682	115.70539
4343	110	115.34111
4343	2762	114.488556
4343	2571	113.53636
4343	1213	112.364525
4344	1240	456.29938
4344	1270	451.49084
4344	1259	433.70328
4344	1278	433.50073
4344	2985	423.72443
4344	1210	422.66248
4344	1617	415.6362
4344	589	414.00693
4344	2987	412.56726
4344	1291	410.21753
4345	1641	258.52484
4345	593	253.04594
4345	440	247.38052
4345	2028	244.8981
4345	1213	243.14569
4345	11	240.82472
4345	235	234.57593
4345	2571	233.74982
4345	2762	233.02011
4345	590	232.02585
4346	2571	35.244015
4346	1196	34.567814
4346	296	34.104973
4346	608	34.09468
4346	2762	34.035847
4346	1580	33.518753
4346	2716	32.64666
4346	1	32.6295
4346	1270	32.625607
4346	1197	32.511192
4347	457	80.233116
4347	608	78.72341
4347	2028	77.6529
4347	318	77.01572
4347	110	75.46806
4347	1617	74.72788
4347	50	74.52908
4347	2396	74.39216
4347	39	74.318474
4347	377	74.23736
4348	1265	15.918541
4348	1259	15.311861
4348	608	15.207364
4348	2716	14.902737
4348	1	14.841398
4348	2396	14.839967
4348	2918	14.726928
4348	296	14.533446
4348	318	14.515315
4348	593	14.429262
4349	1240	4.218082
4349	1200	4.1398244
4349	1391	3.8581617
4349	1253	3.8284595
4349	1374	3.803668
4349	1527	3.7815182
4349	2985	3.7653115
4349	2640	3.7247024
4349	1676	3.7145472
4349	1573	3.7132761
4350	1240	55.91724
4350	1214	55.827606
4350	1200	54.761486
4350	2571	52.950516
4350	2916	50.986954
4350	1374	50.90425
4350	2985	49.934734
4350	1580	49.55898
4350	480	48.74989
4350	32	48.543545
4351	2985	144.7961
4351	780	138.76326
4351	1610	138.61075
4351	2628	135.96445
4351	1676	130.96521
4351	2105	129.98831
4351	316	129.779
4351	377	129.23654
4351	1387	125.266975
4351	1375	124.93413
4352	2916	276.9777
4352	380	260.6855
4352	1240	251.26488
4352	1198	246.40204
4352	592	245.44397
4352	21	242.38568
4352	1610	241.64804
4352	1370	240.83704
4352	2858	240.05188
4352	1291	239.53629
4353	1196	101.04987
4353	2916	99.347084
4353	1214	94.098145
4353	1580	93.23315
4353	110	91.86029
4353	1374	90.151054
4353	1197	88.31867
4353	1370	87.94574
4353	2640	86.13815
4353	733	85.96651
4354	260	251.4581
4354	1	241.78091
4354	2987	236.45497
4354	2571	235.90811
4354	21	235.82805
4354	2640	229.55031
4354	1954	228.91232
4354	608	226.75255
4354	1517	224.89964
4354	380	224.04002
4355	1200	41.043503
4355	1374	38.931717
4355	1210	37.714447
4355	2916	37.485607
4355	2985	36.731285
4355	2640	36.353867
4355	1580	35.560265
4355	1198	35.55401
4355	480	35.23709
4355	1376	34.62216
4356	608	170.96991
4356	260	161.80379
4356	296	154.89494
4356	1259	154.89008
4356	1197	152.1634
4356	1265	150.73747
4356	1097	148.82668
4356	924	146.7843
4356	1200	146.05682
4356	1304	145.27592
4357	1265	37.871166
4357	357	35.91223
4357	39	35.501263
4357	587	34.565254
4357	1393	34.349697
4357	440	33.885155
4357	539	33.646458
4357	1197	32.838135
4357	1	32.75395
4357	1307	32.566
4358	1982	16.917593
4358	1345	16.89826
4358	1321	16.317467
4358	1347	15.999296
4358	1130	15.162951
4358	968	14.713231
4358	1258	14.651048
4358	1994	14.503733
4358	2455	14.123954
4358	1387	14.036877
4359	2858	39.250248
4359	223	37.027378
4359	2599	34.23369
4359	2959	34.07966
4359	1196	33.207733
4359	2396	33.18323
4359	2700	33.147644
4359	2571	32.70158
4359	1580	32.209866
4359	1210	32.028698
4360	588	101.314964
4360	2797	92.583954
4360	1265	90.265724
4360	2080	89.74205
4360	2078	86.87986
4360	1197	86.16005
4360	2987	81.88158
4360	1196	80.73747
4360	3396	80.06903
4360	2406	79.73659
4361	1198	113.21943
4361	1197	109.32
4361	1240	107.12339
4361	2571	101.839645
4361	1200	101.73089
4361	1291	100.71314
4361	589	100.30555
4361	1265	99.759544
4361	2028	99.267296
4361	1580	98.88947
4362	2028	119.78257
4362	480	117.90722
4362	1610	116.89868
4362	1580	116.38926
4362	1198	115.49842
4362	110	114.48312
4362	1617	113.627396
4362	1200	113.00163
4362	1210	111.608284
4362	1214	108.207405
4363	1196	121.41678
4363	1198	117.022316
4363	1270	112.589165
4363	1240	110.29701
4363	1278	109.00906
4363	1954	108.59821
4363	589	106.84819
4363	1200	106.35007
4363	1197	106.25571
4363	919	105.92221
4364	592	126.44898
4364	1240	123.91316
4364	780	123.8255
4364	2640	123.54352
4364	2571	121.95038
4364	589	120.755844
4364	2985	120.501785
4364	1372	119.11504
4364	1200	118.0634
4364	1527	117.98595
4365	2028	3.571237
4365	593	3.4789922
4365	1196	3.207602
4365	457	3.181405
4365	1198	3.140447
4365	1265	3.1367984
4365	318	3.066206
4365	608	3.0346708
4365	260	3.0316603
4365	50	3.0272307
4366	1198	18.504898
4366	260	18.446917
4366	1270	17.988266
4366	2000	17.841028
4366	1210	17.273823
4366	1214	17.107088
4366	1	16.968843
4366	1291	16.755867
4366	1580	16.726364
4366	2028	16.653038
4367	1196	47.128094
4367	1270	46.951
4367	260	45.54461
4367	1240	44.803654
4367	2011	44.180748
4367	480	44.016766
4367	1580	43.61501
4367	1210	43.572247
4367	541	43.48229
4367	2012	43.360107
4368	1291	107.25679
4368	1610	105.92879
4368	592	103.32239
4368	1197	102.45164
4368	110	101.672
4368	1270	99.67155
4368	1220	97.61763
4368	1370	97.00289
4368	780	96.603676
4368	1573	95.34406
4369	608	26.020317
4369	1247	24.60328
4369	912	24.296076
4369	923	24.013083
4369	111	23.718176
4369	1221	23.693588
4369	1617	23.634436
4369	1213	23.171028
4369	1225	23.041128
4369	908	22.877851
4370	1704	53.419777
4370	527	51.918835
4370	1617	49.602074
4370	1265	48.681084
4370	50	48.54282
4370	1358	47.54999
4370	3418	46.47544
4370	1393	46.318813
4370	110	46.075237
4370	457	46.073154
4371	1393	66.68691
4371	2396	66.53189
4371	539	62.601677
4371	440	61.490707
4371	1569	60.989563
4371	11	60.152115
4371	2671	59.8592
4371	597	58.3273
4371	2291	58.269173
4371	587	57.0315
4372	296	15.86603
4372	608	15.809883
4372	2396	15.781051
4372	2762	15.764454
4372	2599	14.606568
4372	1617	14.571651
4372	2395	14.336156
4372	1265	14.315931
4372	2959	14.297746
4372	593	14.258017
4373	260	189.43973
4373	1198	188.76068
4373	1079	177.41545
4373	1220	177.0719
4373	3421	173.54645
4373	1394	171.0883
4373	2716	170.59004
4373	1291	169.96837
4373	924	169.10602
4373	919	168.65952
4374	1580	88.14266
4374	2571	84.76186
4374	2916	82.222824
4374	589	81.55764
4374	2716	81.21001
4374	1196	80.71483
4374	1	80.16824
4374	380	80.16798
4374	457	80.020164
4374	1265	79.10116
4375	2000	179.6606
4375	110	179.2362
4375	2571	177.6419
4375	589	174.76073
4375	733	174.29906
4375	780	173.89401
4375	1196	171.9391
4375	11	171.76956
4375	648	167.5535
4375	1370	167.5271
4376	608	44.82059
4376	2028	44.489735
4376	110	42.81237
4376	1580	42.731483
4376	2571	42.332256
4376	377	42.016743
4376	1196	41.5375
4376	356	41.252872
4376	1617	41.082367
4376	50	40.76969
4377	733	148.1518
4377	380	139.52429
4377	2353	139.27888
4377	1580	135.86115
4377	95	130.6824
4377	2273	125.78244
4377	442	124.29937
4377	110	119.99055
4377	368	118.44379
4377	1479	117.27928
4378	2028	68.37303
4378	1198	66.23674
4378	608	66.0264
4378	2571	65.02986
4378	1210	64.53274
4378	2396	63.78011
4378	318	63.67068
4378	110	62.834103
4378	223	62.507343
4378	457	62.103725
4379	1500	156.55882
4379	3253	154.83344
4379	1784	154.51645
4379	377	148.15662
4379	457	145.81528
4379	2396	145.40262
4379	593	143.68156
4379	2291	142.4964
4379	367	142.31078
4379	3108	140.70781
4380	1036	80.460754
4380	1580	80.15961
4380	2028	79.59545
4380	1610	79.25076
4380	2916	78.29959
4380	1265	78.15785
4380	1197	77.48467
4380	110	77.26478
4380	296	76.82778
4380	480	76.45661
4381	1270	250.94902
4381	1214	239.27104
4381	1	236.14333
4381	480	230.97717
4381	2396	225.38466
4381	1307	222.65329
4381	1288	220.49779
4381	1073	216.41089
4381	924	213.7632
4381	1208	213.68564
4382	589	68.53771
4382	318	68.05431
4382	1617	66.6434
4382	457	66.080986
4382	1196	65.58956
4382	1213	65.09986
4382	1923	64.615486
4382	1	64.21698
4382	110	63.931503
4382	527	62.166397
4383	296	14.137782
4383	318	14.130592
4383	608	13.8316555
4383	1265	13.7717
4383	2762	13.749388
4383	2396	13.565583
4383	50	13.082227
4383	2028	12.828054
4383	527	12.794843
4383	1617	12.770936
4384	1580	188.82245
4384	2571	183.39395
4384	1198	182.88971
4384	608	179.78021
4384	1500	179.72818
4384	1036	177.49922
4384	480	175.7139
4384	1210	174.89827
4384	2321	174.7823
4384	592	173.45245
4385	2762	14.724976
4385	296	14.630181
4385	593	14.324739
4385	50	14.116274
4385	318	14.002594
4385	608	13.644696
4385	2571	13.617006
4385	2028	13.495432
4385	1265	13.349461
4385	2959	13.154918
4386	377	432.6785
4386	1573	415.85614
4386	1307	409.11484
4386	1391	400.67355
4386	1396	398.0058
4386	2012	386.9499
4386	3361	385.6429
4386	919	384.93478
4386	1304	383.4041
4386	2746	381.53705
4387	1265	281.66196
4387	1036	260.55084
4387	608	251.1957
4387	2028	250.35345
4387	34	248.52733
4387	2628	248.04759
4387	1136	247.01126
4387	1394	242.6451
4387	541	242.5863
4387	2011	241.45276
4388	1240	273.2059
4388	1573	266.5738
4388	1197	261.2366
4388	1200	253.13554
4388	1722	253.02184
4388	1544	250.69037
4388	356	248.32838
4388	1	247.53603
4388	1265	247.18614
4388	1372	245.16231
4389	1079	70.859215
4389	2918	70.53659
4389	1259	70.04788
4389	1265	69.62588
4389	1394	68.810646
4389	608	68.05549
4389	1196	67.924866
4389	1270	67.56987
4389	2797	67.49053
4389	2174	67.03341
4390	1527	165.49551
4390	2006	160.24864
4390	368	153.68002
4390	1036	153.35257
4390	2273	149.87054
4390	592	149.34656
4390	2000	148.92151
4390	1291	146.95718
4390	3020	146.89488
4390	1356	146.67003
4391	318	16.086731
4391	364	15.715787
4391	595	15.6950035
4391	593	15.685563
4391	2124	15.677634
4391	1517	15.568594
4391	110	15.519994
4391	296	15.335435
4391	356	15.010332
4391	2028	14.938823
4392	1196	14.628888
4392	2571	14.527264
4392	1580	14.22007
4392	589	14.219221
4392	480	14.157739
4392	2916	14.035341
4392	1214	14.032446
4392	1240	13.980609
4392	1210	13.8949585
4392	2716	13.628125
4393	2028	13.377079
4393	296	13.370711
4393	1923	13.204564
4393	1265	12.889692
4393	356	12.831051
4393	2571	12.811231
4393	593	12.79171
4393	50	12.693197
4393	318	12.6197815
4393	589	12.551105
4394	223	18.109688
4394	2599	17.835335
4394	2762	16.959179
4394	2694	16.80343
4394	2959	16.709703
4394	2716	16.187359
4394	2770	16.032053
4394	2710	16.026237
4394	2712	15.956005
4394	2699	15.946686
4395	457	28.03756
4395	1580	27.659567
4395	377	26.161701
4395	1370	26.017262
4395	780	25.908281
4395	1196	25.887896
4395	1573	25.261168
4395	1240	25.240044
4395	380	25.213846
4395	1036	24.67647
4396	608	19.005167
4396	296	18.808016
4396	1089	17.25418
4396	858	17.071033
4396	593	16.72279
4396	1221	16.576511
4396	2028	15.620623
4396	1222	15.567808
4396	318	15.524383
4396	6	15.214499
4397	2762	36.475376
4397	2712	35.48059
4397	2502	34.928066
4397	2580	34.34899
4397	2987	34.088913
4397	2396	33.86453
4397	2688	33.403183
4397	2395	33.3563
4397	1513	33.01879
4397	2700	32.97657
4398	2396	12.721592
4398	1307	12.590472
4398	1265	12.127886
4398	1197	12.105188
4398	318	11.7865305
4398	1270	11.741334
4398	1393	11.6923895
4398	527	11.6403475
4398	34	11.376257
4398	1196	11.314519
4399	588	19.990034
4399	2081	19.353565
4399	2080	19.064306
4399	595	18.899881
4399	1196	18.558323
4399	1580	18.041597
4399	1028	18.039143
4399	1198	17.945189
4399	1270	17.885654
4399	2987	17.357506
4400	1265	22.570324
4400	457	22.495876
4400	480	21.89884
4400	587	21.71118
4400	110	21.568266
4400	1580	21.552101
4400	733	21.438839
4400	597	21.395168
4400	539	21.17842
4400	39	21.046648
4401	904	96.48481
4401	1267	91.35883
4401	1247	89.543526
4401	1084	86.02475
4401	2300	85.73279
4401	919	84.38582
4401	905	83.45032
4401	1256	82.54555
4401	3334	82.218376
4401	608	79.79223
4402	1196	21.610258
4402	608	20.812172
4402	593	20.64587
4402	1198	20.60424
4402	296	20.184147
4402	260	20.140032
4402	858	20.036133
4402	1265	20.016151
4402	2858	19.965511
4402	110	19.771461
4403	1196	64.82278
4403	2916	58.85199
4403	608	58.44895
4403	1210	58.19113
4403	1200	58.082184
4403	1291	57.40773
4403	480	56.568882
4403	2858	55.855
4403	1580	55.55919
4403	296	55.342464
4404	1704	189.52248
4404	1265	188.02287
4404	2268	186.19151
4404	2571	180.06389
4404	1682	179.55818
4404	3418	177.41406
4404	356	175.93877
4404	1580	175.39412
4404	1089	174.17648
4404	1393	172.64589
4405	608	38.076244
4405	2396	34.73703
4405	593	34.679665
4405	50	34.2472
4405	1213	34.005283
4405	527	33.940804
4405	1265	33.595497
4405	1196	33.55416
4405	318	33.153095
4405	1221	32.740486
4406	1391	176.39468
4406	1215	170.59904
4406	1198	169.75403
4406	1197	164.74559
4406	1320	164.70827
4406	1544	164.09021
4406	1036	163.97385
4406	2407	163.76709
4406	1291	161.86108
4406	1371	161.78062
4407	608	132.17389
4407	457	125.95746
4407	2571	122.924126
4407	1393	122.80409
4407	110	120.66852
4407	1784	120.64432
4407	2396	120.04609
4407	589	119.70254
4407	1500	119.150505
4407	377	118.9277
4408	750	217.64165
4408	913	215.43738
4408	2300	213.52267
4408	1617	210.21506
4408	1674	209.52734
4408	1267	208.9295
4408	3152	205.55118
4408	1213	204.6257
4408	541	200.78214
4408	2020	198.30095
4409	2762	57.979202
4409	2599	57.877834
4409	2541	57.84265
4409	3081	57.085873
4409	2433	54.422565
4409	2987	52.809692
4409	2722	50.280003
4409	2428	49.942753
4409	2700	49.843384
4409	2841	49.815647
4410	1196	18.35799
4410	608	18.121931
4410	318	17.064451
4410	2858	16.83825
4410	296	16.836523
4410	2028	16.7192
4410	1617	16.605177
4410	2571	16.40142
4410	1214	16.234785
4410	858	16.038595
4411	1265	284.11667
4411	2916	277.74576
4411	2028	276.65433
4411	1	260.65237
4411	21	255.34798
4411	2000	252.18127
4411	592	250.7707
4411	1573	244.23888
4411	2762	240.41928
4411	1393	240.41245
4412	457	67.90591
4412	2028	66.13804
4412	377	63.678673
4412	589	62.969326
4412	1580	61.940556
4412	593	61.787148
4412	380	61.770584
4412	2916	61.093075
4412	1213	60.975918
4412	47	60.408318
4413	2683	10.777163
4413	2858	10.682668
4413	2716	10.274249
4413	2433	9.720221
4413	2762	9.448206
4413	2396	9.417266
4413	2028	9.41652
4413	2599	9.27647
4413	593	9.251479
4413	3005	9.212914
4414	2997	77.64967
4414	2396	76.368355
4414	2770	76.35343
4414	2571	75.536095
4414	2028	75.09525
4414	2700	74.44039
4414	3175	74.185455
4414	2395	71.88562
4414	480	70.14942
4414	110	70.125786
4415	2571	81.29962
4415	1196	80.70394
4415	589	78.20568
4415	457	76.932945
4415	480	76.5793
4415	593	76.10011
4415	1580	74.84883
4415	296	74.1824
4415	1127	73.923454
4415	2997	73.49388
4416	1210	114.45429
4416	1197	112.26592
4416	2762	111.545296
4416	2997	111.48924
4416	1200	110.6272
4416	1580	110.28051
4416	1610	109.67914
4416	1214	107.73155
4416	527	106.76406
4416	1270	106.727196
4417	1610	97.64612
4417	480	95.91056
4417	1580	95.35411
4417	1198	94.17119
4417	377	92.62426
4417	110	89.29881
4417	2985	88.93697
4417	780	88.08608
4417	380	85.935776
4417	2353	84.19737
4418	1247	148.11316
4418	296	134.29118
4418	1094	131.0135
4418	2186	127.25717
4418	1193	126.86237
4418	1225	126.61564
4418	1104	125.38307
4418	34	123.85649
4418	1136	122.42373
4418	1208	121.34136
4419	1196	8.082403
4419	2716	7.9974937
4419	1270	7.590014
4419	1210	7.426443
4419	260	7.413047
4419	589	7.2747607
4419	1240	7.2637844
4419	1197	7.24397
4419	2997	7.198286
4419	2028	7.1362944
4420	908	30.52067
4420	1219	30.191711
4420	1267	29.365606
4420	608	28.97311
4420	919	28.717037
4420	1230	28.089233
4420	1617	28.052462
4420	1221	27.998756
4420	111	27.883741
4420	910	27.73692
4421	1294	4.906392
4421	2243	4.8835654
4421	1265	4.8294454
4421	1307	4.8048034
4421	1225	4.7369213
4421	2352	4.699127
4421	3363	4.6976633
4421	1136	4.6832805
4421	1247	4.6770515
4421	2396	4.675459
4422	1580	144.01654
4422	1196	141.19414
4422	2716	139.58235
4422	480	136.68138
4422	1210	135.98718
4422	2571	133.39815
4422	2987	132.43925
4422	2054	131.9603
4422	2000	131.7504
4422	1	131.57805
4423	260	38.35885
4423	296	36.918976
4423	593	36.83022
4423	2571	36.314846
4423	589	35.57894
4423	318	35.515915
4423	2028	35.450695
4423	1270	34.936615
4423	527	34.893105
4423	1214	34.64827
4424	1240	34.325653
4424	1036	33.287918
4424	589	32.931614
4424	2571	32.88151
4424	2028	31.931927
4424	457	31.031317
4424	1222	30.634151
4424	1291	30.464691
4424	2916	30.460608
4424	1210	30.456297
4425	260	365.63855
4425	1265	364.79218
4425	1097	358.43417
4425	2174	351.2463
4425	589	349.98718
4425	1210	349.1648
4425	1079	345.2401
4425	2406	340.95584
4425	1394	337.8751
4425	527	331.66437
4426	1294	44.161037
4426	1136	42.801964
4426	2300	41.965317
4426	1234	41.1132
4426	858	40.851208
4426	912	40.347115
4426	3363	40.095535
4426	2289	40.040142
4426	923	40.005657
4426	750	39.824226
4427	377	15.30047
4427	2571	14.53704
4427	1580	14.475752
4427	2028	14.340379
4427	589	14.229063
4427	110	14.175132
4427	1036	14.11113
4427	3256	14.103139
4427	733	14.023479
4427	480	13.862348
4428	1982	39.596058
4428	1997	39.525425
4428	1347	39.514732
4428	1994	39.48943
4428	1345	38.98823
4428	1321	37.32495
4428	2455	36.56043
4428	253	35.6327
4428	1333	35.5059
4428	1215	35.313015
4429	923	17.823713
4429	912	17.641256
4429	1219	17.59168
4429	111	17.5694
4429	858	17.483673
4429	919	17.310455
4429	750	17.099895
4429	1247	17.068232
4429	608	16.922054
4429	1267	16.895557
4430	25	108.11785
4430	1673	105.39457
4430	1393	104.845245
4430	1213	103.44239
4430	593	102.97183
4430	2291	102.83389
4430	2268	100.60972
4430	1635	100.52919
4430	778	100.32565
4430	39	96.96086
4431	608	30.216156
4431	296	28.90629
4431	593	28.498398
4431	1213	27.219507
4431	1617	26.434944
4431	2028	26.122297
4431	1196	25.74612
4431	2762	25.192005
4431	1704	24.344652
4431	457	23.407007
4432	608	47.043457
4432	2858	46.19937
4432	1617	45.91138
4432	1197	44.638092
4432	34	43.990433
4432	39	43.605793
4432	357	43.526375
4432	527	43.134895
4432	1079	42.917587
4432	1136	42.881374
4433	1200	130.77885
4433	2571	119.79446
4433	1036	113.939285
4433	1291	111.877464
4433	858	111.58288
4433	592	110.9451
4433	2000	108.75652
4433	2987	107.750114
4433	32	106.935394
4433	2105	106.83431
4434	1196	23.826344
4434	1270	23.78116
4434	2858	23.634542
4434	2716	22.866514
4434	1580	22.410355
4434	296	22.385983
4434	2571	22.31706
4434	260	22.162596
4434	1210	22.011122
4434	1198	21.849426
4435	593	34.80719
4435	2762	33.629025
4435	1265	32.645607
4435	527	32.50264
4435	1213	32.47349
4435	2028	32.422432
4435	2997	32.289497
4435	50	32.03083
4435	2396	31.773884
4435	1617	31.636303
4436	608	142.73897
4436	296	140.27449
4436	318	137.75635
4436	2028	131.5188
4436	1197	127.215294
4436	39	125.816284
4436	1196	125.71407
4436	2918	124.466385
4436	34	122.87004
4436	2599	122.7646
4437	457	111.015366
4437	1610	108.05414
4437	2571	107.99756
4437	2406	107.1804
4437	480	106.88223
4437	1196	106.735405
4437	2028	105.47368
4437	589	104.33843
4437	1197	104.10091
4437	2916	104.02265
4438	858	99.52441
4438	260	92.87219
4438	1294	92.444275
4438	1208	91.433464
4438	1198	90.35238
4438	608	89.64219
4438	1214	89.59246
4438	919	88.298515
4438	924	85.639885
4438	750	85.494865
4439	2716	23.71678
4439	2683	23.450153
4439	2706	23.376219
4439	223	21.836287
4439	1127	21.359089
4439	2699	21.238268
4439	2762	20.75639
4439	2959	20.510693
4439	2571	19.885128
4439	2770	19.749231
4440	1394	55.059593
4440	1079	54.80605
4440	1196	53.32708
4440	2797	51.473866
4440	2174	51.443394
4440	1198	51.002266
4440	260	50.658127
4440	1220	49.892536
4440	608	49.676907
4440	1265	49.29419
4441	589	20.20712
4441	457	20.195015
4441	1580	19.666002
4441	480	19.52441
4441	2858	19.252005
4441	2916	19.089067
4441	1610	18.898964
4441	377	18.80088
4441	1196	18.565842
4441	1265	18.405582
4442	919	23.52598
4442	858	23.45619
4442	1084	23.051277
4442	1294	22.877872
4442	1252	22.731134
4442	1953	22.67575
4442	750	22.549831
4442	912	22.532776
4442	1276	22.32085
4442	923	22.259167
4443	1294	32.882378
4443	1278	31.289616
4443	1079	30.864265
4443	1080	30.574945
4443	3363	30.332445
4443	2396	29.128344
4443	608	28.616838
4443	1252	28.223951
4443	2289	27.75392
4443	1235	27.743395
4444	2762	52.396923
4444	2716	50.867203
4444	2396	47.877586
4444	608	46.944542
4444	296	45.810875
4444	2395	45.119473
4444	2571	45.051067
4444	2712	44.886147
4444	1196	43.437775
4444	1617	43.37936
4445	2000	33.708008
4445	1580	33.17792
4445	1196	32.703915
4445	2571	32.28227
4445	2858	32.069176
4445	2916	32.068596
4445	1270	31.659063
4445	1210	31.647448
4445	480	31.5735
4445	589	31.28069
4446	589	220.99681
4446	1210	209.372
4446	2716	207.32268
4446	1198	202.07397
4446	2000	202.0623
4446	592	201.81758
4446	1676	200.86346
4446	1291	200.52794
4446	380	200.49165
4446	1356	196.91899
4447	2028	287.078
4447	110	280.7283
4447	1136	276.93338
4447	1294	275.85242
4447	2716	269.4767
4447	1690	263.74878
4447	1	261.48453
4447	1073	259.2419
4447	1079	258.6446
4447	6	256.59882
4448	2406	479.08615
4448	2858	443.66736
4448	527	430.87766
4448	2115	430.87054
4448	474	428.22717
4448	2396	423.57617
4448	2011	418.929
4448	2001	415.2966
4448	1288	415.12592
4448	1953	402.54037
4449	1580	147.26564
4449	589	141.13301
4449	1240	138.27386
4449	1200	131.86089
4449	1214	127.22922
4449	1198	124.63376
4449	2985	123.74998
4449	1376	121.60439
4449	316	121.38241
4449	1396	120.431404
4450	1196	54.09497
4450	2571	53.695766
4450	260	52.381016
4450	1210	49.549244
4450	2640	48.847424
4450	780	48.84208
4450	2105	48.607616
4450	2529	47.7064
4450	2968	47.597862
4450	1372	47.29033
4451	296	142.56773
4451	2716	133.57498
4451	589	133.31497
4451	1394	130.91
4451	2916	129.69742
4451	1500	129.48088
4451	2797	129.42555
4451	21	129.21078
4451	593	128.89444
4451	2791	127.389786
4452	1213	134.33127
4452	1704	133.1674
4452	50	130.31335
4452	2028	128.80699
4452	1089	122.2173
4452	2571	121.49485
4452	39	120.84169
4452	2268	119.190865
4452	1784	118.74551
4452	21	116.85503
4453	1196	28.698643
4453	2571	27.814419
4453	608	27.400928
4453	1270	27.10437
4453	1580	26.99988
4453	1265	26.989397
4453	260	26.899734
4453	1	26.474007
4453	2858	26.468254
4453	1240	26.43399
4454	1732	57.75107
4454	457	57.595512
4454	293	56.627266
4454	2916	56.593388
4454	2028	53.44831
4454	1610	53.428593
4454	593	53.279778
4454	21	52.8738
4454	1573	52.648792
4454	2268	52.389748
4455	2683	30.228325
4455	2762	28.3996
4455	2987	27.599417
4455	1196	27.518345
4455	2959	27.124592
4455	3175	26.404669
4455	2571	26.220922
4455	2396	25.803167
4455	260	25.463734
4455	2028	25.125362
4456	2997	111.63825
4456	50	110.43874
4456	527	107.684746
4456	39	103.8637
4456	2291	103.52437
4456	2395	101.178795
4456	1704	100.11722
4456	32	99.59641
4456	1394	99.28796
4456	1196	97.87368
4457	608	145.11923
4457	1198	134.3797
4457	1219	132.36728
4457	296	129.77147
4457	1208	128.0727
4457	1387	126.09144
4457	2028	123.39811
4457	2916	122.37503
4457	1267	122.287094
4457	1210	122.2203
4458	1580	167.06583
4458	1732	166.5391
4458	1923	165.04478
4458	1	164.87498
4458	39	163.10245
4458	2571	162.24835
4458	318	161.99248
4458	1641	161.01868
4458	2321	160.73088
4458	1089	159.66422
4459	1265	122.610756
4459	1617	121.32047
4459	1197	118.08249
4459	1198	118.072716
4459	50	116.332794
4459	2396	115.574326
4459	260	113.46487
4459	1136	113.106766
4459	1704	112.28425
4459	1097	110.66631
4460	104	81.85655
4460	3255	81.101944
4460	39	79.064545
4460	223	78.985374
4460	1060	78.696205
4460	2321	78.53133
4460	3263	76.47473
4460	543	76.07169
4460	344	75.939995
4460	380	74.71579
4461	2916	158.24829
4461	2105	140.03958
4461	1127	139.30273
4461	1036	137.96587
4461	316	134.95341
4461	1676	134.16843
4461	329	134.1363
4461	1573	130.86569
4461	1610	127.48605
4461	1220	125.91278
4462	2716	14.931234
4462	785	14.889095
4462	2858	14.664957
4462	2699	14.218794
4462	2770	13.815455
4462	2710	13.8134165
4462	2997	13.717526
4462	2355	13.49096
4462	2599	13.155235
4462	2959	12.92791
4463	318	10.723001
4463	593	10.476452
4463	1225	10.024012
4463	296	9.918626
4463	527	9.788157
4463	1213	9.39889
4463	1208	9.228171
4463	50	9.054803
4463	1962	9.038807
4463	2858	8.807787
4464	912	5.639223
4464	608	5.6034675
4464	904	5.560256
4464	1617	5.335839
4464	908	5.3323064
4464	1247	5.3318157
4464	903	5.2767363
4464	919	5.2416806
4464	1219	4.994505
4464	1252	4.9788218
4465	608	37.274105
4465	296	37.021194
4465	593	35.258293
4465	318	35.190514
4465	1617	34.916748
4465	1704	32.949932
4465	2599	32.782326
4465	1094	32.64564
4465	2396	32.609085
4465	36	31.710642
4466	1196	68.62326
4466	1288	68.29773
4466	1270	66.69214
4466	1259	65.979904
4466	3361	65.456116
4466	2174	64.38328
4466	1197	64.14429
4466	2797	64.012886
4466	1198	63.839355
4466	2918	63.78798
4467	1197	66.695435
4467	1265	65.94641
4467	1307	64.50694
4467	1196	64.28458
4467	2797	64.0629
4467	2918	62.03313
4467	2100	61.559776
4467	2396	61.25088
4467	1580	61.102116
4467	1259	60.571064
4468	608	57.838932
4468	858	57.686684
4468	1265	57.49318
4468	1136	56.013187
4468	1197	55.36145
4468	527	54.8201
4468	923	54.74535
4468	904	54.69985
4468	260	54.285683
4468	1230	54.159714
4469	858	21.49562
4469	1304	21.191513
4469	260	20.041378
4469	1221	19.86014
4469	1953	19.70119
4469	1196	19.119236
4469	1294	19.110142
4469	1387	18.935509
4469	924	18.933424
4469	541	18.773869
4470	1580	277.43134
4470	592	254.62573
4470	2640	240.71814
4470	1552	232.74738
4470	1676	231.89412
4470	1377	221.22353
4470	2105	219.80858
4470	2641	219.04996
4470	474	216.73856
4470	1275	214.76216
4471	1213	118.98511
4471	1270	113.83035
4471	2396	112.79857
4471	1079	110.30889
4471	2571	107.19456
4471	1210	106.87476
4471	34	106.50203
4471	1	106.091576
4471	110	105.317696
4471	1240	104.75998
4472	377	282.74677
4472	1573	255.58647
4472	2353	253.7634
4472	1527	253.07195
4472	474	251.22809
4472	1676	244.39262
4472	1220	235.4109
4472	21	233.97809
4472	292	231.74274
4472	1197	229.85081
4473	2858	188.12732
4473	1213	179.98322
4473	1197	179.3378
4473	1259	179.16884
4473	2028	178.9457
4473	2571	178.9093
4473	1580	178.3606
4473	589	176.44177
4473	2396	176.07346
4473	1704	174.54143
4474	1213	36.68552
4474	1617	34.719364
4474	593	31.921865
4474	1089	31.918251
4474	1196	31.318598
4474	318	31.201628
4474	111	30.499804
4474	1036	30.296268
4474	2000	30.285707
4474	1198	30.205713
4475	2571	55.992443
4475	1196	52.70263
4475	1240	49.251656
4475	780	48.90041
4475	1356	47.684795
4475	32	47.664696
4475	457	47.11812
4475	1200	46.37705
4475	1198	45.964653
4475	110	45.9455
4476	1252	105.4197
4476	111	98.789894
4476	858	96.51382
4476	750	96.258255
4476	1244	95.122154
4476	904	94.95213
4476	1256	94.23901
4476	1207	91.2162
4476	1267	91.12349
4476	913	90.14039
4477	457	77.542435
4477	1198	76.18522
4477	2916	75.69116
4477	480	74.49266
4477	1580	74.30387
4477	2716	72.206154
4477	1200	71.13672
4477	608	69.3651
4477	2987	69.255356
4477	1214	68.2265
4478	1240	246.53336
4478	1259	237.111
4478	593	232.66652
4478	2000	232.36368
4478	2716	231.81084
4478	1220	228.26213
4478	1097	227.51872
4478	110	225.6466
4478	1213	224.51152
4478	527	218.28514
4479	260	44.797447
4479	1291	42.594368
4479	589	40.9226
4479	1210	40.716537
4479	2947	40.62428
4479	2194	40.324993
4479	1222	39.9924
4479	592	39.958534
4479	1954	39.774803
4479	1610	39.3655
4480	1270	234.845
4480	2797	234.03151
4480	39	213.22972
4480	3361	209.04472
4480	589	208.43965
4480	1291	207.81871
4480	2321	205.00407
4480	1200	202.54347
4480	480	202.49408
4480	2916	200.4639
4481	2916	51.52701
4481	1610	50.80707
4481	110	48.96918
4481	1196	48.098305
4481	780	47.44641
4481	380	47.369095
4481	1370	46.95831
4481	1210	46.43534
4481	1198	46.29456
4481	1240	45.62318
4482	2797	297.4241
4482	1580	290.98135
4482	1197	289.62302
4482	1394	288.1685
4482	2028	286.31448
4482	2174	286.00336
4482	1198	283.67526
4482	2858	281.65933
4482	1220	280.4688
4482	2916	279.915
4483	608	80.68878
4483	593	79.43867
4483	527	77.34996
4483	1094	73.814095
4483	150	73.79855
4483	2268	73.669685
4483	1259	72.898315
4483	1358	72.416016
4483	36	71.85349
4483	1225	71.48236
4484	2100	165.2292
4484	2406	164.50139
4484	1073	164.3649
4484	1278	157.04794
4484	858	155.16495
4484	1291	153.96233
4484	2640	152.49338
4484	924	152.34334
4484	1240	151.39143
4484	1029	150.53906
4485	296	100.555145
4485	608	98.95502
4485	318	94.25892
4485	1213	91.46081
4485	2028	88.683754
4485	2396	88.30309
4485	1	86.3951
4485	527	86.36373
4485	2395	85.70916
4485	1784	84.993416
4486	1196	2.2679331
4486	1198	2.0697093
4486	2571	2.002521
4486	1270	2.0007486
4486	1580	1.9950628
4486	589	1.976476
4486	260	1.9643239
4486	2916	1.9268608
4486	924	1.9085922
4486	1214	1.9075217
4487	2571	44.257374
4487	377	43.816566
4487	1370	43.63177
4487	480	42.338448
4487	2353	41.401207
4487	349	41.163376
4487	1573	40.067795
4487	1036	39.769997
4487	780	38.68463
4487	1552	38.34416
4488	780	158.45279
4488	1127	152.0073
4488	1527	145.17267
4488	1676	142.99202
4488	648	142.0154
4488	165	140.15356
4488	1242	136.49966
4488	1408	131.66133
4488	1722	130.41446
4488	1587	129.68808
4489	1036	233.31761
4489	2012	232.02872
4489	1129	222.37039
4489	2529	220.64131
4489	2000	219.7823
4489	1690	218.45206
4489	377	217.23912
4489	2716	216.35802
4489	1371	214.92816
4489	648	214.1847
4490	1210	159.06529
4490	1198	157.70987
4490	1200	156.89047
4490	1270	152.54358
4490	1387	152.14957
4490	1197	151.27438
4490	2571	145.20445
4490	2396	144.50615
4490	1136	143.23892
4490	608	143.12228
4491	1610	131.2024
4491	349	126.77038
4491	3256	124.74028
4491	95	121.2284
4491	1356	121.09677
4491	1377	120.331566
4491	329	120.10001
4491	3107	116.86314
4491	1240	116.788605
4491	353	116.69189
4492	2716	13.794347
4492	2571	12.697339
4492	2762	12.194813
4492	2959	12.179763
4492	223	12.036849
4492	2028	11.957957
4492	2699	11.948799
4492	2683	11.914343
4492	2599	11.702432
4492	1196	11.624947
4493	898	15.939531
4493	910	15.630733
4493	905	15.216341
4493	908	15.104789
4493	904	14.419733
4493	933	14.383905
4493	919	14.292358
4493	928	14.274066
4493	913	14.13315
4493	903	14.115248
4494	1240	74.10421
4494	2571	70.917175
4494	2028	66.315506
4494	1374	65.84523
4494	1197	64.4291
4494	1270	62.68676
4494	2194	62.274117
4494	1222	62.232914
4494	377	61.93333
4494	1127	61.0251
4495	1198	42.568783
4495	1210	42.437057
4495	1580	42.22221
4495	2916	42.09799
4495	1200	42.024094
4495	480	41.52179
4495	1270	41.425278
4495	457	39.867184
4495	2028	39.684517
4495	1036	39.269875
4496	589	85.17819
4496	480	83.91667
4496	1580	83.2838
4496	47	81.90683
4496	1610	80.501
4496	50	79.84745
4496	2028	78.09442
4496	32	77.80989
4496	733	77.73651
4496	296	77.28481
4497	1374	215.42929
4497	1294	204.3724
4497	1220	204.3248
4497	589	201.92343
4497	1304	199.33392
4497	2529	196.91695
4497	750	195.90106
4497	457	194.89899
4497	2406	194.78444
4497	1394	193.394
4498	1196	65.49628
4498	593	64.719086
4498	589	64.59248
4498	2599	64.17466
4498	608	63.645126
4498	223	63.135387
4498	1210	63.10998
4498	1580	63.015465
4498	1617	62.736584
4498	480	62.51443
4499	318	83.76977
4499	457	83.10585
4499	2916	80.83755
4499	32	79.60651
4499	1265	79.39901
4499	527	79.338036
4499	110	78.449814
4499	1580	75.69747
4499	1610	75.60053
4499	1704	74.81665
4500	2396	10.918337
4500	608	10.374476
4500	1196	10.123562
4500	2762	9.994698
4500	1265	9.914842
4500	2716	9.904851
4500	1197	9.821343
4500	296	9.725388
4500	593	9.712392
4500	1617	9.656222
4501	1200	71.82039
4501	1214	68.71411
4501	480	66.334625
4501	1198	66.099075
4501	2985	65.19493
4501	1127	62.45489
4501	1291	62.347736
4501	1036	62.276768
4501	2968	61.765842
4501	1376	61.724533
4502	1225	174.85373
4502	1617	168.51396
4502	1198	167.91194
4502	260	164.17763
4502	1079	163.90996
4502	2028	159.24431
4502	1387	159.16855
4502	1394	156.86427
4502	1136	156.8223
4502	50	156.21783
4503	608	19.093138
4503	912	18.877728
4503	1252	17.903046
4503	908	17.677353
4503	923	17.532543
4503	2858	17.491058
4503	910	17.162336
4503	858	17.115131
4503	1294	17.027122
4503	2396	16.96434
4504	1196	21.224083
4504	2571	20.91447
4504	1580	20.552713
4504	480	20.460802
4504	589	20.280182
4504	1210	20.160295
4504	457	19.870655
4504	377	19.84339
4504	2028	19.602076
4504	1270	19.27245
4505	380	163.34924
4505	2268	151.96649
4505	1393	150.7968
4505	161	148.21886
4505	165	146.02876
4505	296	145.9955
4505	1784	145.4939
4505	1597	143.67921
4505	1584	142.57051
4505	1036	142.54237
4506	608	275.75595
4506	296	260.38995
4506	2791	258.18277
4506	1617	256.98694
4506	924	247.63852
4506	3424	242.75304
4506	2987	242.55342
4506	2243	242.40799
4506	50	236.95502
4506	1247	236.49359
4507	1240	176.57693
4507	589	174.11829
4507	1036	170.24323
4507	1200	168.11755
4507	1270	166.19543
4507	1374	164.95656
4507	1610	164.87344
4507	2985	162.59853
4507	780	162.06517
4507	380	160.58443
4508	296	355.29034
4508	1	338.27246
4508	1617	336.16833
4508	1242	333.73108
4508	1394	329.50037
4508	1265	328.50784
4508	1136	326.6552
4508	50	323.4482
4508	1089	321.75153
4508	1079	320.1213
4509	1270	167.61285
4509	589	164.22186
4509	480	157.08072
4509	1580	156.54655
4509	1259	155.34726
4509	2000	155.05849
4509	1291	155.0584
4509	50	153.5954
4509	2174	150.63725
4509	592	148.91344
4510	1288	328.11548
4510	1073	318.72574
4510	2407	309.58118
4510	1204	308.93848
4510	1968	302.36624
4510	2105	287.9865
4510	356	283.82898
4510	1960	283.28186
4510	1293	281.99472
4510	3396	277.32077
4511	1196	93.1065
4511	2571	90.11737
4511	1580	89.463394
4511	1210	89.40589
4511	1200	89.322525
4511	2916	89.17079
4511	480	87.98317
4511	780	87.6181
4511	1198	85.89531
4511	1036	85.37844
4512	1036	128.52222
4512	1610	123.87842
4512	480	123.14068
4512	1200	120.29631
4512	377	116.81051
4512	2406	116.80409
4512	110	116.02985
4512	1270	114.150604
4512	2985	112.46221
4512	380	112.29136
4513	608	21.885742
4513	296	21.55762
4513	527	20.497845
4513	1265	20.468605
4513	2028	20.449015
4513	2858	20.098188
4513	1213	20.009466
4513	1704	19.764858
4513	50	19.316425
4513	457	19.204956
4514	2716	83.63642
4514	2028	77.960396
4514	260	77.044754
4514	2959	75.67395
4514	2396	74.879585
4514	1240	74.27035
4514	1200	73.26468
4514	457	72.75282
4514	1210	72.0224
4514	1265	71.26602
4515	1196	17.977379
4515	919	17.55855
4515	1097	16.16285
4515	858	16.06016
4515	1210	15.497078
4515	1270	15.407938
4515	2396	15.371723
4515	1197	15.366128
4515	924	15.243458
4515	608	15.235103
4516	1617	48.80822
4516	318	47.433132
4516	527	46.96652
4516	260	45.285538
4516	1198	44.03452
4516	750	44.030228
4516	2028	44.004837
4516	919	43.521732
4516	912	43.480545
4516	1225	43.22387
4517	3255	157.13239
4517	380	155.0444
4517	2321	153.20363
4517	587	148.09462
4517	377	145.82648
4517	480	145.30066
4517	2302	141.08655
4517	2571	141.00061
4517	2858	140.36978
4517	1377	140.18399
4518	318	68.6916
4518	1196	67.010994
4518	1	66.078476
4518	1197	64.43513
4518	527	64.071396
4518	2571	63.902554
4518	2028	62.7209
4518	1704	62.242744
4518	1198	62.135468
4518	2762	61.55315
4519	1240	15.614883
4519	260	15.46762
4519	1196	15.383944
4519	480	15.322758
4519	589	15.169069
4519	1214	15.160988
4519	1304	15.156913
4519	608	15.096778
4519	2916	14.978922
4519	1036	14.939616
4520	1210	188.23735
4520	32	177.2774
4520	2000	176.68071
4520	1291	176.12001
4520	1197	174.98544
4520	1387	173.80249
4520	592	173.6046
4520	2985	173.2687
4520	1265	171.36584
4520	2628	170.89305
4521	2571	149.46936
4521	589	146.89856
4521	1376	136.72508
4521	1198	135.98616
4521	1127	134.20863
4521	1036	129.47139
4521	2011	129.04163
4521	1291	128.40102
4521	592	127.963455
4521	2000	127.56909
4522	608	95.625786
4522	1136	87.22628
4522	1196	86.59096
4522	296	84.895706
4522	260	84.70728
4522	1213	83.874794
4522	1198	83.312965
4522	1294	83.29213
4522	919	82.71914
4522	1270	82.25563
4523	2916	227.88841
4523	480	227.67601
4523	648	207.46196
4523	1527	206.20078
4523	1370	204.68561
4523	1573	203.68059
4523	1356	198.03358
4523	1917	197.79054
4523	1270	196.7421
4523	2406	191.82558
4524	356	126.78724
4524	733	123.80015
4524	648	121.364655
4524	367	120.351074
4524	1573	119.64575
4524	1917	119.32564
4524	588	118.01714
4524	1923	117.62042
4524	2353	116.72709
4524	1610	116.3005
4525	608	16.777908
4525	2028	16.616423
4525	296	16.24076
4525	593	16.069784
4525	858	15.8564415
4525	260	15.8289
4525	1213	15.675885
4525	1617	15.667399
4525	318	15.630728
4525	2858	15.534622
4526	1196	71.54503
4526	2028	71.077194
4526	923	70.42732
4526	1193	70.15482
4526	1265	69.12338
4526	912	68.49401
4526	750	67.91356
4526	1089	67.90916
4526	2396	67.671295
4526	1247	67.051254
4527	260	5.4921393
4527	1240	4.988046
4527	1198	4.871945
4527	1200	4.7596836
4527	2571	4.7441797
4527	1291	4.607707
4527	589	4.585202
4527	1270	4.5434694
4527	1374	4.5030737
4527	1214	4.472617
4528	608	29.931973
4528	2762	29.915833
4528	2396	29.688658
4528	1265	29.207014
4528	296	29.124233
4528	223	29.119297
4528	593	29.102709
4528	318	28.530695
4528	50	28.06399
4528	1196	27.80208
4529	260	36.521553
4529	1196	35.795635
4529	1200	35.646828
4529	2716	35.432262
4529	1240	35.228146
4529	541	32.652603
4529	1036	32.073204
4529	1127	31.60929
4529	1258	31.172148
4529	1994	31.15263
4530	923	27.696844
4530	904	27.290432
4530	908	27.263626
4530	1617	26.774261
4530	903	26.610826
4530	1230	25.792206
4530	2186	25.736414
4530	913	25.115067
4530	1247	24.990173
4530	608	24.563934
4531	1136	117.71791
4531	608	115.69278
4531	1197	112.23199
4531	541	111.346115
4531	1617	108.77446
4531	1230	108.12288
4531	111	107.445724
4531	1247	107.348526
4531	1294	106.6296
4531	924	106.38782
4532	1196	112.38797
4532	2028	101.01795
4532	1240	100.61394
4532	318	100.60341
4532	1197	99.365616
4532	296	97.721985
4532	457	97.35337
4532	1097	96.40956
4532	858	96.334526
4532	110	96.288345
4533	2571	45.971775
4533	1196	45.743153
4533	1580	44.916477
4533	2028	44.430904
4533	589	44.37222
4533	480	43.86632
4533	2916	43.247265
4533	377	42.887676
4533	110	42.711628
4533	2858	42.659782
4534	480	59.76416
4534	1580	59.010452
4534	1240	58.169044
4534	1198	57.097317
4534	1036	57.016514
4534	377	56.81897
4534	1200	56.519745
4534	1291	54.679737
4534	733	54.10944
4534	2000	53.437126
4535	3253	182.21182
4535	2100	173.51472
4535	1485	172.4256
4535	2124	169.6253
4535	1777	169.45755
4535	2302	167.43462
4535	39	167.00429
4535	1580	166.66911
4535	367	166.241
4535	2470	165.80786
4536	1198	32.716038
4536	589	32.626495
4536	608	32.131603
4536	1240	31.828749
4536	1210	31.498583
4536	457	31.297993
4536	296	31.188763
4536	1200	30.586405
4536	318	30.34061
4536	2858	30.22542
4537	2797	14.569654
4537	1079	14.461695
4537	1674	14.4428005
4537	3361	14.401352
4537	1259	14.394862
4537	357	14.29951
4537	2100	14.2180605
4537	2243	14.150186
4537	608	14.046273
4537	2396	14.038078
4538	923	15.139473
4538	1247	14.779632
4538	608	14.38625
4538	111	14.239663
4538	1230	14.199176
4538	1225	14.171595
4538	858	14.148542
4538	1084	14.068588
4538	908	13.840068
4538	1252	13.750284
4539	858	30.076796
4539	593	29.405083
4539	1213	29.216633
4539	50	29.159353
4539	1259	29.050718
4539	1394	29.049612
4539	2396	28.532513
4539	1221	28.07137
4539	1079	27.957254
4539	1198	27.902271
4540	1265	54.438328
4540	2858	52.776253
4540	296	51.297665
4540	318	49.898033
4540	1307	49.654877
4540	1259	48.970615
4540	1617	47.84196
4540	1213	47.716705
4540	1196	47.541252
4540	2797	47.364822
4541	1270	67.720955
4541	480	66.92111
4541	589	64.02235
4541	1197	63.226376
4541	2916	62.174397
4541	380	61.48161
4541	2012	61.060875
4541	1291	60.752216
4541	2987	60.26141
4541	2011	60.20472
4542	608	19.956299
4542	296	19.456797
4542	1617	19.12612
4542	318	18.570063
4542	593	18.396286
4542	1196	17.913261
4542	1213	17.872396
4542	1265	17.853008
4542	527	17.586159
4542	2762	17.300125
4543	1198	408.04532
4543	2028	359.96313
4543	2194	358.42575
4543	1213	354.89777
4543	457	349.72354
4543	110	341.08368
4543	2968	340.9428
4543	2291	333.60638
4543	1610	332.93387
4543	1732	332.06958
4544	1247	20.711565
4544	1084	19.923784
4544	1952	19.907438
4544	1945	19.806953
4544	111	19.118397
4544	1104	19.100582
4544	1237	18.778252
4544	1252	18.72042
4544	904	18.44549
4544	1267	18.279987
4545	2716	22.640823
4545	2699	20.703281
4545	1127	20.063328
4545	2858	19.78322
4545	223	19.291454
4545	2770	18.912912
4545	2762	18.628565
4545	2028	18.117409
4545	2694	18.095879
4545	2571	17.76026
4546	1196	38.122025
4546	593	37.026775
4546	2028	36.306107
4546	1198	35.500862
4546	2571	35.47179
4546	260	35.438606
4546	589	35.000687
4546	457	34.963917
4546	1617	34.92895
4546	1240	34.857777
4547	1580	9.614224
4547	2571	9.284148
4547	589	9.179327
4547	1196	9.00434
4547	2916	8.610936
4547	260	8.554853
4547	2028	8.545194
4547	110	8.338649
4547	1270	8.292797
4547	2628	8.199386
4548	2716	13.007992
4548	2997	12.561134
4548	223	12.302103
4548	1196	11.830955
4548	2571	11.634412
4548	2355	11.592645
4548	2599	11.549775
4548	2396	11.470438
4548	1270	11.390999
4548	1580	11.367532
4549	253	14.091744
4549	1339	13.077031
4549	1342	12.531324
4549	1645	12.448152
4549	70	12.142052
4549	2004	12.085632
4549	2003	11.713699
4549	799	11.711923
4549	2107	11.689325
4549	1644	11.620006
4550	2699	17.3137
4550	223	16.673319
4550	2716	16.403946
4550	2770	16.208113
4550	785	15.967755
4550	2355	15.93732
4550	2688	15.7600765
4550	1127	15.747137
4550	2959	15.4635
4550	2490	15.39144
4551	1095	41.561802
4551	593	40.772053
4551	800	40.59771
4551	1089	40.547104
4551	1179	40.341312
4551	36	40.12468
4551	1704	39.194927
4551	1358	38.79305
4551	1094	38.335316
4551	2858	38.16073
4552	480	81.5073
4552	1584	74.01699
4552	1573	73.27257
4552	316	73.055336
4552	32	71.78954
4552	1396	71.22857
4552	377	71.00584
4552	1240	70.07662
4552	457	69.49932
4552	110	69.0131
4553	2393	10.248262
4553	1375	9.998765
4553	1376	9.936276
4553	1196	9.921331
4553	1374	9.78443
4553	480	9.335907
4553	260	9.191852
4553	316	9.175531
4553	780	9.0243225
4553	1584	8.939935
4554	1196	13.119095
4554	1265	12.51446
4554	2858	12.4864
4554	608	12.184733
4554	260	12.11751
4554	593	12.0325165
4554	1580	11.9077635
4554	296	11.892139
4554	318	11.86886
4554	2028	11.790604
4555	380	53.231403
4555	480	51.963318
4555	1265	50.734154
4555	2916	50.022327
4555	648	48.001194
4555	1573	47.935387
4555	587	47.914665
4555	733	47.85423
4555	1	47.749157
4555	2012	47.24976
4556	2987	110.41063
4556	1214	108.19944
4556	1580	105.92781
4556	1240	105.651764
4556	858	104.71227
4556	2174	104.0682
4556	1028	103.73221
4556	592	102.83022
4556	2406	102.70347
4556	1220	102.21728
4557	608	46.603424
4557	296	44.48534
4557	2858	43.53453
4557	2997	42.619404
4557	2395	41.725914
4557	318	40.072334
4557	1265	39.246204
4557	527	37.540436
4557	1358	37.16302
4557	1394	36.76775
4558	2716	13.947666
4558	2000	12.009474
4558	1196	11.487046
4558	1036	11.383486
4558	1220	11.189026
4558	1200	11.175244
4558	2987	11.112089
4558	1198	11.086032
4558	2858	11.055273
4558	1270	11.049782
4559	2858	28.502995
4559	1265	26.899988
4559	608	26.288809
4559	1136	26.17844
4559	1	25.83247
4559	1617	25.262884
4559	1270	24.973722
4559	34	24.920107
4559	1394	24.913527
4559	1197	24.85799
4560	2028	171.15556
4560	1	164.91037
4560	480	161.4718
4560	2916	160.22676
4560	1704	159.66914
4560	2396	158.34381
4560	1923	158.30908
4560	1610	156.92679
4560	260	154.39877
4560	3418	152.90671
4561	377	76.989044
4561	2396	75.72284
4561	2571	75.28828
4561	380	75.00057
4561	589	74.660446
4561	1393	73.54036
4561	110	72.25695
4561	1270	71.954834
4561	2028	71.934616
4561	2916	71.931435
4562	39	176.07178
4562	235	160.99638
4562	1270	160.01909
4562	296	159.6851
4562	2174	157.53772
4562	1259	157.30966
4562	2797	157.16522
4562	1517	153.58499
4562	1617	151.97993
4562	2248	151.18143
4563	2797	35.904636
4563	1265	35.63733
4563	3039	34.358025
4563	2000	34.209404
4563	2716	33.744343
4563	3210	33.570076
4563	1196	33.556976
4563	2915	33.524067
4563	3361	33.063145
4563	608	33.050037
4564	608	19.030483
4564	296	18.046326
4564	593	17.172928
4564	2858	17.008926
4564	318	16.88563
4564	50	16.517262
4564	1196	16.115988
4564	1221	16.0739
4564	2028	15.740679
4564	2997	15.462864
4565	608	21.370426
4565	1617	20.666927
4565	2396	18.297789
4565	858	18.24858
4565	1225	18.135061
4565	541	17.913195
4565	1136	17.906473
4565	912	17.715027
4565	908	17.55297
4565	1197	17.540545
4566	1196	106.17194
4566	2797	103.01704
4566	1198	99.27589
4566	1240	98.16334
4566	260	97.8468
4566	2916	94.768715
4566	1	94.76388
4566	1200	94.53575
4566	1291	94.0592
4566	1307	93.45888
4567	608	63.289658
4567	296	59.690845
4567	1196	57.96698
4567	2396	57.75988
4567	593	57.545387
4567	1213	57.130264
4567	260	56.570007
4567	858	55.897976
4567	1089	55.05275
4567	32	54.245037
4568	1265	120.61087
4568	608	117.5806
4568	2355	117.15458
4568	593	115.91769
4568	39	115.37257
4568	1196	114.89403
4568	2028	112.268974
4568	2395	111.63874
4568	2571	110.19579
4568	296	110.025055
4569	780	80.28698
4569	165	78.01828
4569	1608	76.18185
4569	1552	75.79817
4569	1036	74.114624
4569	2278	73.89834
4569	21	73.52217
4569	2006	71.80456
4569	316	71.780975
4569	1240	70.73368
4570	1196	17.71938
4570	1240	16.841871
4570	260	16.779863
4570	1198	16.714346
4570	1270	16.407106
4570	1036	16.355509
4570	1374	16.270826
4570	1210	16.265705
4570	1197	16.168346
4570	2571	16.143951
4571	1265	82.97265
4571	457	79.58466
4571	1580	78.85848
4571	589	76.38946
4571	608	74.8153
4571	318	74.72822
4571	2858	74.65788
4571	296	73.83051
4571	593	73.708824
4571	110	73.674255
4572	588	68.89056
4572	2096	68.69376
4572	1029	66.83824
4572	2089	66.83688
4572	2141	64.8735
4572	1566	64.738884
4572	2078	64.25596
4572	2085	63.99931
4572	1688	63.247852
4572	2090	62.574577
4573	608	76.67075
4573	1196	75.26973
4573	858	74.12619
4573	1617	73.53248
4573	296	73.34625
4573	1259	73.237946
4573	1079	72.289406
4573	318	72.16629
4573	593	71.9547
4573	527	71.29678
4574	593	36.26996
4574	318	34.659206
4574	1213	34.464146
4574	2858	34.154655
4574	1089	32.65595
4574	2997	32.534615
4574	1265	31.974825
4574	1704	31.57913
4574	2396	31.209196
4574	1358	30.943491
4575	1347	24.611303
4575	1387	24.100266
4575	968	23.515085
4575	1321	23.44486
4575	1350	23.341192
4575	1407	23.27592
4575	1130	23.164362
4575	1196	22.109362
4575	1200	22.034391
4575	1240	21.823591
4576	592	13.536625
4576	1073	13.067036
4576	2161	12.874582
4576	260	12.773541
4576	2174	12.744972
4576	588	12.60034
4576	1196	12.581269
4576	2797	12.553549
4576	1270	12.443376
4576	1210	12.398136
4577	260	68.97362
4577	919	66.74818
4577	2366	66.343765
4577	924	64.53339
4577	1294	64.16747
4577	1304	63.741608
4577	1278	63.433067
4577	1200	62.505024
4577	750	61.690304
4577	1198	61.496857
4578	589	336.31613
4578	1036	327.2049
4578	1291	307.79233
4578	3256	302.05508
4578	1617	294.88754
4578	50	294.55405
4578	2918	294.03247
4578	2268	285.90573
4578	1527	282.131
4578	47	277.5962
4579	1136	266.7503
4579	1294	266.64188
4579	969	265.47055
4579	1270	256.4084
4579	924	253.72794
4579	1265	247.76073
4579	1079	243.20409
4579	1221	241.06165
4579	1259	240.15578
4579	1214	238.30074
4580	1094	72.886536
4580	318	69.52465
4580	1704	68.59798
4580	36	67.7469
4580	527	67.18854
4580	300	65.418106
4580	337	65.22605
4580	800	64.99735
4580	1673	64.61246
4580	1617	64.05005
4581	1394	68.42206
4581	2174	65.055756
4581	2797	64.98639
4581	3361	62.1758
4581	1196	61.685204
4581	1288	61.105766
4581	1080	61.066055
4581	2804	59.916393
4581	1198	59.616184
4581	2000	58.34823
4582	1240	37.47454
4582	1291	36.00121
4582	2571	35.665535
4582	1200	35.45345
4582	589	34.788807
4582	2916	34.24839
4582	1214	33.929317
4582	1374	33.844025
4582	2000	33.640797
4582	592	33.5535
4583	1225	17.900694
4583	260	17.436079
4583	1198	17.427376
4583	527	17.131
4583	2028	17.078012
4583	912	17.06487
4583	593	16.939657
4583	1208	16.904028
4583	2858	16.686447
4583	318	16.641703
4584	1267	48.149216
4584	910	46.914562
4584	1247	46.64668
4584	1212	46.22039
4584	1945	45.49979
4584	919	44.60038
4584	924	44.46421
4584	1084	43.948326
4584	1952	42.309155
4584	2300	42.19344
4585	1917	200.38515
4585	1876	189.98402
4585	1831	184.4984
4585	2985	180.15782
4585	353	179.69026
4585	736	175.65363
4585	1722	170.2995
4585	95	170.10643
4585	1210	169.81738
4585	1196	169.7528
4586	2997	38.703434
4586	2599	37.873535
4586	2355	35.5345
4586	2959	34.976757
4586	1265	34.10211
4586	2987	33.915554
4586	2699	33.314693
4586	1923	32.658752
4586	296	32.446846
4586	2571	32.359047
4587	2396	16.198425
4587	1617	16.124603
4587	608	15.825529
4587	1265	15.704072
4587	296	14.828225
4587	318	14.8006735
4587	527	14.314049
4587	2028	14.109439
4587	2762	13.992369
4587	50	13.9727
4588	1265	37.99151
4588	2174	35.41608
4588	2716	35.221924
4588	1197	34.564873
4588	356	34.27745
4588	1580	34.122044
4588	1079	33.554943
4588	588	33.107586
4588	1968	32.65922
4588	1196	32.59884
4589	2858	81.01998
4589	1394	77.22099
4589	1307	77.028435
4589	1079	76.629005
4589	2997	76.21477
4589	318	76.027664
4589	1197	75.81807
4589	1270	75.226746
4589	296	74.9695
4589	593	74.54207
4590	318	40.95066
4590	608	39.004566
4590	1704	38.91377
4590	593	38.19149
4590	1213	37.318657
4590	50	36.125164
4590	457	34.97432
4590	2571	34.35235
4590	2268	34.241722
4590	1358	34.11287
4591	2640	248.88635
4591	2000	245.98994
4591	1127	244.91458
4591	2406	238.91324
4591	2105	233.30531
4591	32	230.01103
4591	2716	229.17871
4591	1876	221.30278
4591	1377	221.10909
4591	1073	219.65866
4592	1196	142.9007
4592	2571	138.44768
4592	780	131.80899
4592	457	131.19586
4592	2115	128.50381
4592	1270	126.244995
4592	380	125.86846
4592	733	125.017586
4592	110	123.78322
4592	2194	122.32883
4593	1094	108.606544
4593	2289	94.242355
4593	1213	93.96042
4593	1358	93.72471
4593	25	91.17892
4593	150	90.94676
4593	2324	90.1328
4593	300	90.11589
4593	1095	89.76424
4593	337	89.70898
4594	1036	26.81241
4594	1240	25.335495
4594	1387	24.938728
4594	2000	24.766293
4594	1210	24.765623
4594	592	24.671108
4594	589	24.074379
4594	2028	23.639303
4594	1200	23.577284
4594	2916	23.549412
4595	1240	75.8141
4595	1210	72.908745
4595	1580	69.79477
4595	480	68.22363
4595	1374	67.98812
4595	2985	63.40909
4595	2640	62.743797
4595	1291	62.729534
4595	1036	62.61605
4595	1127	62.230415
4596	1036	109.09011
4596	593	107.784935
4596	260	107.41665
4596	457	105.73969
4596	2797	105.71736
4596	858	105.28208
4596	1265	105.21832
4596	589	105.18027
4596	50	104.90253
4596	2571	104.515656
4597	1196	12.087316
4597	1580	11.989137
4597	2916	11.897928
4597	1210	11.7802925
4597	1240	11.595131
4597	2716	11.590709
4597	589	11.50857
4597	2571	11.447197
4597	1200	11.257258
4597	260	11.0778475
4598	858	67.81409
4598	919	67.16983
4598	608	66.90752
4598	1617	63.533146
4598	923	63.018723
4598	1294	60.97177
4598	260	60.738937
4598	1136	60.17432
4598	750	59.98532
4598	1225	59.44225
4599	595	32.089367
4599	594	30.06861
4599	2080	29.795822
4599	2087	29.76367
4599	2081	29.598188
4599	1029	29.394596
4599	1022	28.941256
4599	1282	28.49619
4599	1032	28.001013
4599	1196	27.739323
4600	2916	143.29031
4600	589	141.1938
4600	1265	141.07195
4600	2000	140.34804
4600	380	138.63881
4600	1240	138.12196
4600	1036	138.01482
4600	2797	136.66612
4600	1197	135.55139
4600	1291	135.15906
4601	780	115.4095
4601	380	113.02475
4601	480	109.916145
4601	2571	109.90434
4601	3256	107.5655
4601	736	101.14338
4601	474	99.25597
4601	2006	98.83159
4601	1036	96.67196
4601	1377	96.065926
4602	318	51.79534
4602	593	51.60067
4602	1265	50.936928
4602	527	48.937298
4602	2599	47.762653
4602	2396	47.30491
4602	2395	47.014194
4602	1394	46.869957
4602	1094	46.51861
4602	2762	46.341427
4603	1196	35.404037
4603	1198	35.187744
4603	1270	31.757336
4603	1210	30.85782
4603	1097	30.337559
4603	858	30.328396
4603	2987	30.235483
4603	1214	29.53521
4603	1	29.513113
4603	1265	29.449991
4604	1197	54.097622
4604	1210	52.403076
4604	1259	51.724728
4604	2174	51.696987
4604	1265	51.649746
4604	296	51.11634
4604	2858	50.774475
4604	1394	50.551476
4604	1079	50.523937
4604	608	50.360455
4605	296	94.45381
4605	1704	93.60889
4605	36	88.63802
4605	2028	83.12247
4605	337	82.26549
4605	50	80.95988
4605	1183	80.531876
4605	2396	79.064804
4605	1225	78.900826
4605	1095	78.796326
4606	2396	44.3483
4606	318	43.385845
4606	1265	43.082233
4606	608	42.452282
4606	527	41.716908
4606	593	40.720093
4606	1	40.555363
4606	39	40.493145
4606	34	40.344227
4606	1393	39.707573
4607	260	274.0276
4607	1198	259.57437
4607	480	255.96828
4607	318	249.00998
4607	1197	248.66405
4607	2987	245.8996
4607	2396	241.5124
4607	1036	241.06395
4607	1259	240.32469
4607	1584	235.0853
4608	357	55.803482
4608	2858	53.640232
4608	3253	51.818497
4608	1	50.065662
4608	34	49.93823
4608	608	49.93618
4608	3108	49.618813
4608	2108	49.505222
4608	235	49.500477
4608	1517	48.94762
4609	1580	101.510704
4609	2916	94.932106
4609	780	91.07821
4609	1527	89.631226
4609	457	89.38478
4609	1240	88.80516
4609	1391	88.32246
4609	316	88.07956
4609	1573	88.05763
4609	32	87.68724
4610	780	86.19652
4610	1527	84.17296
4610	1374	82.96041
4610	1573	82.20587
4610	1610	79.9477
4610	1214	79.77791
4610	1036	79.68964
4610	380	79.31169
4610	733	79.18273
4610	1372	78.98831
4611	1265	180.07074
4611	608	173.84367
4611	593	171.73254
4611	296	170.52519
4611	3418	167.88582
4611	589	167.07648
4611	2291	165.20354
4611	1	163.58282
4611	380	162.05101
4611	357	159.99405
4612	17	14.472386
4612	1094	14.449687
4612	608	13.005783
4612	2396	12.839432
4612	318	12.739949
4612	527	12.699535
4612	3260	12.179635
4612	2324	12.118193
4612	150	12.03084
4612	2858	12.027096
4613	457	66.80303
4613	1610	66.630554
4613	2353	66.15051
4613	349	64.02258
4613	1552	63.47281
4613	165	63.215496
4613	380	61.83743
4613	780	60.59644
4613	480	59.39047
4613	1580	58.98319
4614	608	12.268108
4614	1704	11.094899
4614	527	11.070016
4614	593	10.951141
4614	1617	10.782192
4614	1094	10.658962
4614	318	10.644948
4614	36	10.393199
4614	2858	10.249783
4614	2396	9.989795
4615	589	90.184586
4615	1196	86.221375
4615	296	85.28785
4615	2028	84.78909
4615	480	84.760216
4615	1240	84.587524
4615	1617	83.50526
4615	1580	83.37953
4615	1200	80.447334
4615	110	79.714806
4616	296	25.805738
4616	593	24.844189
4616	1617	24.624662
4616	50	24.080322
4616	2028	24.060307
4616	2396	23.991793
4616	1196	23.95159
4616	1213	23.896149
4616	2571	23.597555
4616	2762	23.571531
4617	2916	54.575108
4617	2028	53.19888
4617	1580	53.00503
4617	1196	52.643265
4617	1610	51.974045
4617	1240	50.972095
4617	110	50.05257
4617	50	49.599358
4617	1036	48.438995
4617	1198	48.232513
4618	1240	60.243454
4618	2916	55.403206
4618	1580	54.20405
4618	2985	53.205956
4618	480	52.34039
4618	924	50.548927
4618	1527	49.858044
4618	1376	49.476555
4618	2640	49.426357
4618	2105	48.934162
4619	39	94.08001
4619	608	89.624466
4619	318	87.03708
4619	2291	86.590675
4619	296	85.9965
4619	527	82.97938
4619	1704	82.63159
4619	1641	81.01971
4619	2762	79.11391
4619	34	79.059944
4620	296	90.81575
4620	1704	85.636604
4620	1265	78.79539
4620	2396	78.30584
4620	50	77.79239
4620	1094	76.58131
4620	1358	76.02745
4620	25	75.431305
4620	2762	75.04031
4620	1682	74.91735
4621	1196	96.937675
4621	1198	89.38318
4621	1240	89.35196
4621	480	87.89345
4621	1210	87.73001
4621	2571	87.6873
4621	260	87.33286
4621	1580	86.89657
4621	1291	86.85479
4621	589	86.84685
4622	1196	18.089386
4622	2571	16.815445
4622	1198	16.62626
4622	589	16.611372
4622	480	16.435007
4622	1580	16.41825
4622	1240	16.392576
4622	1291	16.17433
4622	2916	15.946287
4622	457	15.666433
4623	2706	24.716963
4623	2355	22.53959
4623	2710	22.4857
4623	2858	22.389133
4623	223	22.128796
4623	2762	20.823187
4623	2959	20.653555
4623	2987	20.537273
4623	2688	20.40186
4623	785	20.237188
4624	2396	37.92557
4624	1	35.390934
4624	1580	32.93114
4624	2762	32.75925
4624	2571	32.506268
4624	2028	32.35705
4624	1197	32.16246
4624	480	31.923256
4624	457	31.752289
4624	2716	31.457367
4625	2918	57.73135
4625	2797	57.61453
4625	1196	56.986084
4625	1220	55.647
4625	1197	55.08615
4625	1580	54.65709
4625	1240	54.15553
4625	1036	53.771816
4625	1291	53.394894
4625	2791	53.341972
4626	110	243.3539
4626	1	237.66443
4626	1210	229.13927
4626	1784	227.15395
4626	474	224.54128
4626	2291	221.78627
4626	592	218.63818
4626	34	217.12216
4626	1358	216.64534
4626	1394	214.74155
4627	1136	66.715004
4627	1079	66.38659
4627	1278	63.11614
4627	2918	61.72043
4627	2797	60.56907
4627	1080	59.831886
4627	2174	59.748734
4627	1265	59.055336
4627	1259	57.83193
4627	858	56.364925
4628	2683	9.057813
4628	2706	8.593372
4628	2770	8.17019
4628	2858	8.150724
4628	2694	7.821222
4628	2688	7.673218
4628	785	7.5253634
4628	2355	7.4703565
4628	2605	7.469437
4628	2762	7.452067
4629	2762	19.145351
4629	2706	19.103903
4629	2396	18.444803
4629	223	18.2635
4629	2599	18.196535
4629	2571	18.080765
4629	1580	18.054304
4629	2028	17.95855
4629	1127	17.898113
4629	1196	17.7678
4630	608	22.795303
4630	1265	22.517782
4630	296	21.94746
4630	318	21.28074
4630	2997	21.269527
4630	1617	20.764692
4630	1641	20.480675
4630	1213	20.25274
4630	1704	20.000969
4630	2028	19.77728
4631	2858	84.70012
4631	1210	80.569084
4631	2571	80.483475
4631	593	78.51014
4631	1036	78.1644
4631	589	78.12732
4631	318	76.58768
4631	480	76.52321
4631	1213	76.35246
4631	1200	76.322014
4632	1270	39.628258
4632	1394	38.82834
4632	1214	37.028362
4632	1210	36.905178
4632	2797	36.885532
4632	1307	36.20532
4632	2174	36.00933
4632	1036	35.984955
4632	1225	35.904808
4632	1136	35.895267
4633	2081	45.939297
4633	2087	45.37168
4633	2141	44.235332
4633	317	43.1393
4633	2078	42.204594
4633	2085	42.195198
4633	1025	42.19434
4633	2090	42.132736
4633	1022	41.845963
4633	2096	41.41277
4634	260	75.43
4634	1252	74.91788
4634	1213	72.570564
4634	296	72.43943
4634	50	71.52628
4634	1208	71.39385
4634	111	71.301926
4634	919	70.25799
4634	2028	70.0923
4634	750	69.617905
4635	1580	174.1256
4635	480	165.0987
4635	457	164.81677
4635	2396	161.08504
4635	2321	154.52068
4635	260	152.87794
4635	1784	152.6183
4635	1500	152.04779
4635	2997	151.171
4635	1610	150.55414
4636	2858	6.441602
4636	356	6.0901155
4636	1923	6.085264
4636	2716	5.9396825
4636	1265	5.9392815
4636	2028	5.8885517
4636	1196	5.8199415
4636	1	5.8011827
4636	1197	5.791239
4636	21	5.741895
4637	2396	201.38374
4637	593	198.30714
4637	457	191.75925
4637	356	191.443
4637	2987	190.59335
4637	1259	190.30069
4637	919	188.93208
4637	590	188.8829
4637	110	184.62962
4637	589	184.11726
4638	1196	23.707878
4638	2571	23.081905
4638	1580	23.056643
4638	589	22.719887
4638	480	22.624865
4638	260	22.021603
4638	2987	21.950354
4638	1198	21.874924
4638	2916	21.521542
4638	1270	21.488956
4639	1394	40.784855
4639	1136	40.069557
4639	1079	40.019802
4639	1265	39.29475
4639	1270	38.664223
4639	608	38.50702
4639	2918	37.68864
4639	1288	37.248
4639	2791	37.122574
4639	2174	36.696037
4640	1356	81.29363
4640	1291	80.76397
4640	1200	80.696594
4640	1198	80.60082
4640	1270	79.480156
4640	1036	77.86581
4640	592	77.85062
4640	110	77.58063
4640	316	77.35958
4640	1127	76.44445
4641	296	36.43204
4641	593	35.327427
4641	1213	34.150047
4641	527	33.89494
4641	1617	33.755997
4641	2997	33.18253
4641	1704	32.492058
4641	34	31.442074
4641	2599	30.454983
4641	1641	30.212318
4642	2571	28.43043
4642	1210	28.140104
4642	1240	28.085554
4642	2858	28.079638
4642	1214	27.87187
4642	589	27.784224
4642	1270	27.754446
4642	608	27.644888
4642	2028	27.58558
4642	1197	27.46119
4643	1213	94.11275
4643	593	93.95048
4643	1704	93.42038
4643	1265	92.595375
4643	1617	91.31558
4643	527	91.127174
4643	2289	89.42934
4643	1358	87.990326
4643	2599	87.66736
4643	2291	86.85405
4644	1265	72.623985
4644	1089	68.46456
4644	2396	68.25154
4644	2289	66.85766
4644	1196	65.167274
4644	2395	64.70826
4644	1704	63.891216
4644	457	63.44802
4644	235	63.336636
4644	858	63.174755
4645	1617	67.07362
4645	1198	65.98541
4645	2987	65.94051
4645	260	65.399216
4645	1036	65.16979
4645	1610	64.99659
4645	1265	63.917263
4645	589	62.9062
4645	1270	62.571136
4645	50	62.501427
4646	2762	15.028219
4646	296	14.79598
4646	593	14.669376
4646	1196	14.224817
4646	2571	14.067311
4646	2028	13.917606
4646	318	13.779658
4646	608	13.665578
4646	2396	13.423235
4646	50	13.395341
4647	2395	276.99194
4647	1196	274.9137
4647	1288	272.97482
4647	2918	272.25555
4647	2396	268.7516
4647	1208	265.9071
4647	1641	265.46375
4647	1197	260.8259
4647	2791	260.02908
4647	34	259.59515
4648	223	20.805437
4648	785	20.791847
4648	2716	20.56968
4648	2699	19.630022
4648	2605	19.56437
4648	2858	19.306793
4648	2541	19.225117
4648	1513	18.37904
4648	2959	18.283827
4648	3005	17.979198
4649	608	20.130627
4649	923	19.74825
4649	1208	19.497955
4649	858	19.380756
4649	750	19.154991
4649	919	18.984629
4649	1247	18.946934
4649	1294	18.914331
4649	1252	18.803286
4649	969	18.684399
4650	1580	53.86395
4650	2174	52.374805
4650	2716	51.969994
4650	592	51.935043
4650	2918	51.892246
4650	2000	51.03841
4650	380	50.67733
4650	1265	50.451515
4650	1196	50.188797
4650	1036	49.560246
4651	2064	13.751886
4651	1189	13.133359
4651	608	12.485472
4651	549	12.267098
4651	2289	11.466057
4651	296	11.4091015
4651	1213	11.285799
4651	2859	11.281674
4651	50	11.273446
4651	1361	11.144888
4652	608	43.63596
4652	111	39.12005
4652	923	38.59386
4652	1213	38.59229
4652	296	38.46028
4652	527	38.329643
4652	1252	38.307983
4652	1221	38.228542
4652	318	38.12946
4652	1193	38.034115
4653	1294	173.78731
4653	1259	173.36394
4653	34	172.73247
4653	2028	171.97269
4653	1197	171.35606
4653	2289	170.01872
4653	1208	167.42831
4653	1084	160.1797
4653	1097	159.45557
4653	1214	159.17969
4654	608	63.73486
4654	1294	61.146347
4654	1197	60.73195
4654	1270	60.568413
4654	1196	60.061546
4654	1394	59.976543
4654	1	59.21585
4654	1617	58.560745
4654	1247	57.925938
4654	1198	57.79592
4655	608	207.14066
4655	1617	192.60088
4655	34	191.78441
4655	1196	189.34401
4655	593	186.11656
4655	296	183.58794
4655	858	181.00998
4655	1198	179.2835
4655	1259	179.21669
4655	1213	174.37157
4656	1196	186.13492
4656	1580	169.3363
4656	457	169.23802
4656	1200	167.6484
4656	480	166.12366
4656	1210	165.68849
4656	527	158.39703
4656	110	157.49205
4656	1259	157.35762
4656	1291	156.47429
4657	318	23.935434
4657	1617	23.69604
4657	1213	23.174757
4657	296	22.960634
4657	858	21.649496
4657	1094	21.343723
4657	2858	21.117966
4657	1208	21.013311
4657	1358	20.447826
4657	912	20.352442
4658	541	186.18721
4658	2916	181.73383
4658	1127	173.01968
4658	1291	169.18913
4658	1197	167.66962
4658	592	167.13092
4658	2641	166.4842
4658	1036	165.24005
4658	1527	163.7663
4658	1676	162.37306
4659	1265	146.79909
4659	1704	141.33414
4659	377	138.7115
4659	2396	135.8511
4659	608	133.04642
4659	2028	132.37483
4659	2291	129.79105
4659	110	128.16643
4659	2858	127.5486
4659	11	127.40255
4660	1270	24.114126
4660	1198	23.240828
4660	1307	22.951897
4660	1225	22.938322
4660	2797	22.918568
4660	2918	22.556622
4660	1197	22.337345
4660	1962	21.934053
4660	2174	21.890646
4660	1079	21.861376
4661	858	133.54689
4661	1221	124.852715
4661	1036	120.45983
4661	2529	120.309364
4661	1222	120.11013
4661	1387	118.98694
4661	1580	116.163376
4661	1953	115.41995
4661	527	114.58325
4661	2640	114.1026
4662	597	77.72366
4662	3253	74.31029
4662	11	72.213234
4662	380	72.212944
4662	1	69.51091
4662	357	68.70685
4662	588	67.59213
4662	141	66.56585
4662	852	65.0112
4662	377	64.14093
4663	1265	179.47595
4663	1580	163.4409
4663	1197	163.34013
4663	1	162.81912
4663	2918	160.88208
4663	2797	160.47125
4663	235	159.39372
4663	2174	159.3104
4663	1617	159.03667
4663	1259	156.73827
4664	2599	16.255157
4664	223	16.17985
4664	318	15.962688
4664	2959	15.748487
4664	608	15.736975
4664	2762	15.718507
4664	593	15.471476
4664	296	15.290012
4664	2716	14.841334
4664	2683	14.754041
4665	1196	13.842848
4665	260	13.520021
4665	1240	13.450346
4665	1210	13.109062
4665	1214	12.895512
4665	1580	12.860447
4665	1200	12.834606
4665	589	12.592371
4665	1387	12.5866585
4665	2571	12.46611
4666	608	150.54526
4666	1196	150.20045
4666	1259	148.24863
4666	1394	146.76212
4666	1079	145.49467
4666	2174	142.41512
4666	2396	140.72015
4666	593	139.56229
4666	39	137.93358
4666	2028	136.9737
4667	1252	29.584805
4667	608	29.211952
4667	111	28.93001
4667	1196	27.568363
4667	750	27.394016
4667	1219	27.316616
4667	1617	27.27913
4667	1213	27.145891
4667	1208	27.056587
4667	260	26.941591
4668	1210	37.537025
4668	1374	36.80083
4668	2916	36.274796
4668	1198	35.278984
4668	2985	34.988503
4668	480	34.83799
4668	1580	34.37032
4668	2640	33.601013
4668	1127	33.12825
4668	1036	33.019135
4669	1210	30.595669
4669	1	29.709293
4669	2028	29.51351
4669	2571	29.43481
4669	1240	29.429272
4669	2858	29.150177
4669	1580	29.03786
4669	589	28.937979
4669	1197	28.814379
4669	1200	28.388384
4670	1196	79.53305
4670	1214	72.177765
4670	2640	67.026115
4670	2985	66.80193
4670	1197	65.8637
4670	2105	62.620064
4670	2987	62.179115
4670	1291	62.06853
4670	32	61.232735
4670	750	61.055725
4671	1356	128.23227
4671	316	127.137505
4671	1573	122.32981
4671	1376	121.48294
4671	1127	121.46548
4671	329	121.31388
4671	457	118.533226
4671	1198	118.04648
4671	1610	117.33765
4671	1291	116.84585
4672	912	7.455327
4672	2858	7.2769804
4672	2336	7.164682
4672	2716	7.155534
4672	2987	7.0104012
4672	2599	6.955962
4672	923	6.9462
4672	1617	6.8653183
4672	2997	6.863855
4672	1247	6.7216835
4673	1196	299.3831
4673	1198	282.42816
4673	608	276.41016
4673	1197	267.15952
4673	2028	267.10913
4673	1617	261.50494
4673	2571	261.36865
4673	296	261.1426
4673	1259	260.56546
4673	527	254.77669
4674	2406	71.15563
4674	592	69.094666
4674	2797	68.42957
4674	1220	67.20352
4674	2115	65.724655
4674	2100	65.708984
4674	2174	64.80397
4674	2054	64.1324
4674	2716	63.570263
4674	2407	63.290848
4675	1265	156.27982
4675	296	147.45985
4675	318	142.15228
4675	593	141.12692
4675	1580	139.63597
4675	1393	139.40144
4675	1259	138.43243
4675	1	137.06943
4675	1270	136.72772
4675	1500	136.08522
4676	608	24.153074
4676	1617	22.667675
4676	296	21.949203
4676	1394	21.04111
4676	1213	20.894943
4676	527	20.710909
4676	858	20.608257
4676	50	20.51764
4676	2997	20.442642
4676	1265	20.430378
4677	608	10.319696
4677	2997	10.189773
4677	2396	9.823018
4677	1265	9.685058
4677	1617	9.611862
4677	1196	9.582724
4677	593	9.498777
4677	296	9.49761
4677	2028	9.443512
4677	318	9.309904
4678	1196	43.178986
4678	260	41.074284
4678	608	40.527737
4678	1198	39.771667
4678	1210	39.30427
4678	1270	39.124493
4678	2571	38.963135
4678	1580	38.905636
4678	1265	38.854935
4678	1617	38.747765
4679	2396	29.191816
4679	2762	26.917454
4679	2706	26.80483
4679	223	26.623009
4679	2987	26.499014
4679	2712	25.503769
4679	3176	24.656307
4679	1093	24.627121
4679	2959	24.512959
4679	2395	24.458893
4680	318	163.43208
4680	39	161.35281
4680	1673	160.26466
4680	1704	157.97336
4680	3108	155.77208
4680	2321	154.50075
4680	1358	154.43686
4680	1394	152.42421
4680	2396	151.41766
4680	527	151.29616
4681	296	96.67047
4681	1617	93.4215
4681	111	90.948235
4681	1094	90.75215
4681	1394	89.75235
4681	527	89.481125
4681	1259	87.65746
4681	2997	86.58499
4681	34	86.04963
4681	1230	84.87242
4682	608	311.26215
4682	2028	301.35052
4682	1617	297.35312
4682	2858	296.866
4682	1036	293.7345
4682	2174	288.3512
4682	2797	286.28006
4682	1220	284.1428
4682	2291	280.92725
4682	50	278.08206
4683	480	45.7722
4683	2916	45.157448
4683	1198	44.495487
4683	1240	43.99755
4683	2571	43.928074
4683	589	43.11795
4683	780	42.570404
4683	2640	42.46963
4683	1376	41.934948
4683	1356	41.514988
4684	1617	39.486732
4684	296	39.42005
4684	1213	38.25404
4684	318	36.18661
4684	1196	35.86819
4684	527	35.653214
4684	2396	35.39615
4684	50	35.208202
4684	1265	35.14184
4684	2289	35.07449
4685	1252	76.16498
4685	1208	71.88637
4685	1084	70.32315
4685	1213	70.25304
4685	2289	70.226555
4685	1221	69.82965
4685	2858	69.72406
4685	1228	69.52388
4685	527	69.434105
4685	924	69.07291
4686	858	86.05056
4686	1617	78.827286
4686	1221	78.76752
4686	296	78.317696
4686	1214	78.24734
4686	541	77.84961
4686	593	76.670364
4686	924	76.1078
4686	1219	75.9375
4686	1247	74.11666
4687	608	102.89454
4687	2571	99.61217
4687	296	97.452515
4687	1265	96.61863
4687	2916	94.16455
4687	1580	93.98318
4687	260	93.43674
4687	2858	91.61981
4687	1197	91.16008
4687	1213	91.072464
4688	1197	99.72568
4688	1198	99.14746
4688	608	98.67553
4688	260	96.21105
4688	1265	96.20339
4688	2174	93.984344
4688	296	93.22992
4688	593	93.12606
4688	1	92.4722
4688	858	92.4653
4689	589	64.70658
4689	457	62.017338
4689	2028	61.674385
4689	260	61.46815
4689	2916	61.390255
4689	608	59.36235
4689	110	59.109394
4689	1240	59.09476
4689	296	57.8534
4689	1265	57.1745
4690	1214	36.755657
4690	1407	35.9953
4690	2716	35.650784
4690	1994	35.06761
4690	1347	34.677757
4690	2003	34.065548
4690	2571	33.714394
4690	1982	33.391445
4690	1997	33.085033
4690	1690	33.02682
4691	318	38.04873
4691	1704	37.469494
4691	2396	37.008377
4691	1265	36.10163
4691	1393	36.081505
4691	2762	35.85169
4691	527	35.279743
4691	608	35.23971
4691	593	35.226376
4691	150	35.03935
4692	608	17.468132
4692	1196	17.092567
4692	296	16.815693
4692	1617	16.648794
4692	2571	16.51553
4692	589	16.444546
4692	527	16.390688
4692	318	16.171951
4692	480	15.982943
4692	1213	15.970692
4693	1196	27.541113
4693	608	27.378448
4693	260	27.004303
4693	1617	26.875227
4693	593	26.784843
4693	2028	26.520758
4693	858	25.87654
4693	296	25.83833
4693	110	25.541286
4693	1198	25.11377
4694	858	54.217495
4694	919	50.15343
4694	912	49.799465
4694	1198	49.36788
4694	1617	49.065613
4694	923	48.825775
4694	1247	48.791084
4694	1219	48.627144
4694	908	48.118893
4694	924	48.104183
4695	2571	16.031427
4695	1196	15.929132
4695	589	15.297306
4695	260	15.210377
4695	1580	15.154448
4695	480	14.995493
4695	1240	14.82431
4695	457	14.783348
4695	2716	14.764698
4695	2916	14.672014
4696	1580	15.063792
4696	2571	15.048737
4696	1210	14.963335
4696	1196	14.955941
4696	1198	14.729059
4696	780	14.120562
4696	2628	13.9768715
4696	1374	13.926935
4696	1270	13.880431
4696	1240	13.842409
4697	588	56.1576
4697	2081	56.063156
4697	2005	55.036198
4697	1073	54.00887
4697	2174	53.702114
4697	1967	53.175293
4697	1580	51.776787
4697	380	51.322495
4697	1	51.07292
4697	1265	50.575966
4698	608	20.341888
4698	318	19.882557
4698	527	19.2774
4698	296	19.099863
4698	593	18.829523
4698	2396	18.62527
4698	1704	18.43898
4698	1617	18.412449
4698	1094	18.163555
4698	1213	18.119719
4699	1370	110.996956
4699	380	107.15861
4699	1610	106.83913
4699	480	106.43208
4699	165	103.3745
4699	1917	99.06192
4699	1527	98.73262
4699	2617	94.127205
4699	1676	93.331024
4699	1036	92.514336
4700	1197	102.85257
4700	1240	100.64341
4700	1580	97.334
4700	1200	97.003624
4700	480	95.358406
4700	2571	95.29024
4700	2987	94.91134
4700	1214	94.711754
4700	541	93.8417
4700	2174	91.917564
4701	608	69.07287
4701	1196	64.05366
4701	527	63.6632
4701	1270	62.320625
4701	2396	62.045338
4701	1	61.805305
4701	1198	61.018612
4701	110	60.920383
4701	50	60.84392
4701	1197	60.30403
4702	608	46.020473
4702	593	44.05658
4702	858	42.389534
4702	50	39.811066
4702	1270	38.658386
4702	2571	38.233307
4702	589	38.148365
4702	1210	38.036274
4702	110	37.764645
4702	1265	37.696144
4703	2997	17.343773
4703	593	16.913223
4703	2028	16.903913
4703	2716	16.831038
4703	223	16.619795
4703	318	16.300127
4703	608	16.161823
4703	2959	16.071215
4703	2599	15.926884
4703	2396	15.6613035
4704	2916	120.078545
4704	2985	115.81398
4704	589	115.81063
4704	1197	114.63017
4704	1214	111.36388
4704	1220	106.79121
4704	2987	105.95
4704	2470	105.56559
4704	2797	105.22305
4704	1917	104.602715
4705	1265	146.15608
4705	608	142.96657
4705	1197	140.83261
4705	1196	140.23483
4705	296	135.58566
4705	1307	135.24022
4705	2858	133.18118
4705	1617	133.17632
4705	2291	129.5738
4705	457	129.54755
4706	2571	69.78226
4706	296	69.35998
4706	2028	69.29811
4706	1580	67.67616
4706	457	67.0203
4706	480	66.47853
4706	589	65.97161
4706	1265	64.63383
4706	1617	63.84123
4706	1213	62.530983
4707	1265	28.912771
4707	608	28.087223
4707	2396	27.581404
4707	296	26.16702
4707	593	26.047005
4707	1	25.69298
4707	318	25.657652
4707	39	25.599066
4707	1617	25.577902
4707	2599	25.504307
4708	260	214.55554
4708	34	214.29993
4708	1270	211.53685
4708	2289	211.12053
4708	36	208.99498
4708	235	203.81876
4708	2174	202.28326
4708	1784	202.22905
4708	2804	202.12973
4708	1136	201.73639
4709	1270	46.07859
4709	296	45.668877
4709	2028	45.08999
4709	1259	44.3461
4709	1265	44.255455
4709	1197	43.112488
4709	2797	42.95404
4709	2716	42.868504
4709	260	42.52798
4709	1213	42.408775
4710	1294	14.522772
4710	858	13.947114
4710	1136	13.64743
4710	608	13.56251
4710	1252	13.547237
4710	924	13.396034
4710	912	13.374725
4710	750	13.357659
4710	1234	13.160148
4710	1247	13.090015
4711	1527	82.650444
4711	377	81.72253
4711	457	80.90819
4711	1196	79.86206
4711	733	79.53995
4711	1210	78.02796
4711	648	77.67429
4711	1610	77.20733
4711	1391	77.19024
4711	1270	77.031395
4712	1196	21.998905
4712	260	21.546803
4712	1198	21.225285
4712	608	21.095024
4712	912	20.616495
4712	1221	20.49223
4712	1136	20.490665
4712	1193	20.190048
4712	924	19.704279
4712	750	19.607325
4713	2858	24.649647
4713	2716	23.935095
4713	2355	23.064917
4713	3081	23.037739
4713	2396	22.829546
4713	2959	22.124926
4713	110	21.98758
4713	2571	21.975285
4713	457	21.718225
4713	589	21.648027
4714	1247	33.716213
4714	111	32.822517
4714	1252	32.607777
4714	1945	32.026
4714	908	31.61533
4714	1208	31.380514
4714	608	30.203754
4714	919	29.902958
4714	1193	29.896385
4714	1225	29.890238
4715	1265	299.17136
4715	1198	279.06265
4715	1240	276.83847
4715	1210	274.75
4715	1270	272.92834
4715	2000	269.9452
4715	1527	266.05707
4715	592	265.95227
4715	2716	258.5194
4715	1220	256.14124
4716	608	46.248283
4716	1225	42.15065
4716	527	41.757957
4716	318	41.54903
4716	2289	40.160015
4716	296	38.77929
4716	1617	38.587543
4716	2396	38.12096
4716	923	37.97865
4716	2020	37.898544
4717	608	36.506607
4717	858	36.215546
4717	1196	36.129837
4717	1304	35.92408
4717	593	35.612534
4717	1198	34.99632
4717	1252	34.79765
4717	2716	34.445206
4717	2028	34.431488
4717	260	34.372025
4718	1	98.43012
4718	2080	93.12562
4718	2987	91.57472
4718	594	90.39814
4718	1197	89.15973
4718	1029	87.339806
4718	1073	84.84064
4718	1032	83.26321
4718	2716	81.732635
4718	2174	81.56196
4719	480	30.859364
4719	780	30.514133
4719	1552	29.715569
4719	377	29.258635
4719	1370	28.703566
4719	457	28.68892
4719	10	28.637455
4719	2571	27.93306
4719	1610	27.788805
4719	2628	27.727343
4720	593	31.11413
4720	2028	31.075392
4720	608	30.943254
4720	2716	30.63342
4720	2959	30.338005
4720	2396	30.242756
4720	2571	30.22637
4720	1196	29.964418
4720	296	29.409603
4720	2599	29.19883
4721	2770	48.344254
4721	2959	45.952984
4721	2599	44.84795
4721	2688	44.27088
4721	2762	43.87074
4721	3081	42.943905
4721	2987	41.334724
4721	1513	40.466103
4721	2719	40.070644
4721	3175	39.97794
4722	1240	30.896675
4722	589	29.669064
4722	1200	28.804089
4722	1214	28.728518
4722	2028	28.685072
4722	457	27.73456
4722	480	27.716005
4722	2916	27.345274
4722	592	27.003544
4722	1387	26.85213
4723	1196	19.301544
4723	608	18.577923
4723	1198	18.189447
4723	1270	18.134697
4723	1225	18.07368
4723	1197	17.762928
4723	2858	17.75726
4723	858	17.737541
4723	1247	17.398891
4723	1259	17.223232
4724	318	24.642792
4724	296	23.281282
4724	1704	22.948786
4724	2289	22.647501
4724	593	22.601898
4724	1213	22.021406
4724	36	21.931303
4724	1617	21.198446
4724	1265	20.834282
4724	17	20.764572
4725	589	369.73163
4725	260	355.81677
4725	1270	350.3311
4725	110	330.65482
4725	2011	330.16223
4725	2797	327.95966
4725	442	326.2484
4725	2012	325.48022
4725	2028	316.11945
4725	2918	298.75497
4726	457	157.77979
4726	1	156.49176
4726	2916	152.41623
4726	1704	147.56645
4726	2321	145.75163
4726	1500	145.36018
4726	1197	144.68373
4726	1610	144.40651
4726	1784	144.18007
4726	21	144.00691
4727	1196	24.352701
4727	260	23.218771
4727	2858	23.131704
4727	1210	22.625996
4727	1580	22.534576
4727	2571	22.274296
4727	2716	21.75276
4727	480	21.620525
4727	1	21.607557
4727	1265	21.534512
4728	1036	323.05087
4728	1259	318.99445
4728	1	313.43857
4728	2028	311.28076
4728	457	309.41
4728	1073	286.87616
4728	2640	284.9678
4728	2194	283.88367
4728	2804	283.13315
4728	32	280.15372
4729	296	138.9398
4729	1393	136.9489
4729	593	135.61443
4729	527	132.47505
4729	356	128.32321
4729	2291	128.07686
4729	34	126.54121
4729	1213	126.15481
4729	1923	125.77331
4729	2997	124.1204
4730	1079	3.8873465
4730	1196	3.8554935
4730	1270	3.809859
4730	1394	3.6894855
4730	1136	3.634574
4730	1214	3.6100054
4730	1198	3.5596395
4730	1197	3.5403738
4730	1210	3.4537535
4730	541	3.4498615
4731	589	56.28076
4731	1036	56.08096
4731	2571	56.029617
4731	1210	55.322987
4731	1291	54.714035
4731	1214	54.18278
4731	2916	54.17823
4731	480	53.873264
4731	1197	53.047745
4731	2000	52.2511
4732	780	335.30655
4732	316	322.6548
4732	2054	308.30664
4732	2174	306.71448
4732	1391	302.06506
4732	1371	300.70828
4732	1073	297.28503
4732	2797	293.0632
4732	1206	289.0289
4732	2393	285.6888
4733	1580	89.97078
4733	1240	89.18717
4733	480	89.053665
4733	2571	88.0703
4733	1374	86.79396
4733	589	86.183426
4733	1200	85.187416
4733	1036	84.68175
4733	2000	82.57332
4733	2985	81.96487
4734	1240	119.17351
4734	2968	99.7102
4734	1527	99.019775
4734	1376	98.41094
4734	1198	97.02615
4734	3175	96.154884
4734	2105	95.752235
4734	1748	93.60849
4734	2455	93.37611
4734	1573	92.879814
4735	1196	70.56469
4735	1214	69.838615
4735	1198	67.95109
4735	919	67.14143
4735	912	67.0616
4735	1219	67.06037
4735	1267	66.61405
4735	1294	65.81819
4735	908	65.60258
4735	1208	65.59573
4736	2916	171.79045
4736	480	167.67924
4736	1198	166.70688
4736	2858	166.66187
4736	1580	163.80743
4736	260	163.36632
4736	1704	161.5394
4736	3418	160.39381
4736	590	156.64488
4736	1197	153.24327
4737	1394	60.92433
4737	2968	60.564415
4737	1198	60.296425
4737	1214	59.48682
4737	1288	59.345108
4737	858	59.06193
4737	260	58.912907
4737	1097	58.696884
4737	1036	58.434807
4737	924	58.40454
4738	858	104.822
4738	1214	95.48403
4738	2396	94.61837
4738	1136	94.59187
4738	924	94.25917
4738	1221	94.16375
4738	1252	93.68242
4738	1387	93.39313
4738	527	93.3719
4738	908	93.12843
4739	1197	85.56492
4739	589	82.830986
4739	1580	81.67873
4739	480	81.346985
4739	593	78.98877
4739	1097	78.985664
4739	1200	78.11841
4739	2000	77.97485
4739	608	77.856514
4739	2916	77.6148
4740	1265	28.602047
4740	587	27.980387
4740	539	27.778414
4740	1393	27.663443
4740	357	27.517542
4740	377	27.138294
4740	11	26.276619
4740	1569	26.186426
4740	440	26.18602
4740	2671	26.163979
4741	260	15.5153
4741	1196	15.123761
4741	1221	14.27229
4741	1214	13.947687
4741	1304	13.507552
4741	1240	13.422855
4741	1197	13.308781
4741	1252	13.262933
4741	1294	13.244066
4741	2000	13.124531
4742	2858	122.74573
4742	1196	120.14246
4742	318	116.0494
4742	260	113.2962
4742	1198	112.72775
4742	457	112.41955
4742	2571	111.73584
4742	589	110.055244
4742	1265	109.08837
4742	527	108.57771
4743	1304	10.140807
4743	969	9.92527
4743	1084	9.650866
4743	913	9.453056
4743	1254	9.422396
4743	910	9.311663
4743	920	9.287343
4743	1284	9.223608
4743	1276	9.219639
4743	1953	9.1778
4744	1198	50.398605
4744	608	49.255962
4744	1270	49.12666
4744	919	48.88613
4744	858	48.45993
4744	1097	47.478024
4744	318	46.71414
4744	541	46.631023
4744	1136	46.42918
4744	527	46.373962
4745	608	68.024864
4745	1265	67.160324
4745	1270	65.33371
4745	318	64.74281
4745	593	64.34676
4745	1	63.95565
4745	1198	62.28709
4745	1617	61.546696
4745	1580	61.376488
4745	1307	61.04205
4746	1196	69.97021
4746	589	67.10248
4746	2571	66.58899
4746	1580	65.92322
4746	318	65.08443
4746	260	63.61998
4746	377	62.72812
4746	1240	62.715996
4746	1210	62.6349
4746	527	61.717884
4747	1527	171.23926
4747	2406	156.89537
4747	1377	156.56732
4747	1372	155.303
4747	329	155.01953
4747	1376	153.1884
4747	3107	152.46025
4747	1391	149.86133
4747	21	149.8096
4747	2105	148.5947
4748	1196	196.38092
4748	608	185.42163
4748	1580	183.73877
4748	260	182.95078
4748	1	181.09737
4748	1307	181.08884
4748	2000	179.44853
4748	1210	179.0042
4748	593	178.81097
4748	2396	178.75508
4749	2858	14.421854
4749	608	13.622836
4749	593	13.532801
4749	318	13.353294
4749	296	13.27322
4749	2571	12.753804
4749	1617	12.614413
4749	527	12.591541
4749	50	12.522108
4749	457	12.478318
4750	1196	147.00403
4750	2000	141.36694
4750	1198	140.74525
4750	1097	140.15768
4750	1073	139.22762
4750	2321	138.12729
4750	34	137.46515
4750	2396	136.90178
4750	2100	135.69972
4750	1210	135.426
4751	2599	10.644759
4751	608	10.194175
4751	2858	10.066801
4751	2289	9.430373
4751	3160	9.208098
4751	2324	8.938984
4751	3176	8.915968
4751	923	8.877054
4751	527	8.843336
4751	2395	8.597928
4752	2396	16.478722
4752	608	16.462135
4752	1307	15.762796
4752	2858	15.519711
4752	1617	15.298496
4752	1259	15.092783
4752	1198	14.900689
4752	912	14.875398
4752	1136	14.857152
4752	527	14.755283
4753	1196	32.87725
4753	1214	31.804762
4753	1198	30.862835
4753	858	30.60629
4753	608	29.974901
4753	1097	29.936817
4753	919	29.883453
4753	1304	29.264431
4753	1210	29.228773
4753	541	28.984426
4754	1307	151.00456
4754	3421	129.08647
4754	2133	126.056
4754	1580	124.67991
4754	3033	123.757675
4754	1257	123.630615
4754	1136	123.60392
4754	2150	123.38106
4754	2194	123.28356
4754	2115	122.85587
4755	318	17.440311
4755	527	16.935083
4755	608	16.76368
4755	1221	16.414055
4755	1198	16.060581
4755	296	16.050262
4755	2858	16.049395
4755	1196	15.814964
4755	1704	15.678204
4755	590	15.516524
4756	608	16.20302
4756	2762	15.860791
4756	2028	14.594545
4756	593	14.584225
4756	296	14.474574
4756	50	14.469476
4756	2571	14.310724
4756	2599	14.187461
4756	1704	13.792219
4756	1580	13.762906
4757	593	67.877686
4757	1617	66.929985
4757	1265	66.20921
4757	1196	65.75279
4757	1213	65.58283
4757	527	64.6769
4757	2997	63.63902
4757	2028	63.60199
4757	1704	60.899338
4757	2599	58.937237
4758	318	18.18905
4758	593	17.126812
4758	2858	16.424189
4758	608	16.35532
4758	296	15.95547
4758	110	15.760341
4758	2762	15.195955
4758	150	15.145006
4758	457	14.949461
4758	1213	14.8330555
4759	1196	37.34671
4759	260	35.929455
4759	608	35.176376
4759	1214	33.546974
4759	858	33.222588
4759	1210	32.94749
4759	589	32.8604
4759	457	32.72457
4759	1617	32.503063
4759	1036	32.245747
4760	260	33.55465
4760	1196	33.463913
4760	1214	31.842836
4760	1240	31.725386
4760	589	31.473072
4760	2571	31.395857
4760	608	30.9564
4760	1580	30.71318
4760	1200	30.489933
4760	2916	30.266607
4761	2762	17.29814
4761	2959	16.63472
4761	2571	15.902075
4761	1580	15.622394
4761	2028	15.364095
4761	589	15.222931
4761	296	15.202232
4761	480	15.132872
4761	2716	15.09208
4761	2706	15.030476
4762	608	49.445583
4762	2858	47.84719
4762	1136	47.317383
4762	1394	45.669018
4762	1079	45.384087
4762	919	45.115547
4762	2997	44.764313
4762	1196	44.387787
4762	1197	44.34334
4762	1307	44.079144
4763	608	36.847546
4763	1617	32.083298
4763	318	31.954542
4763	593	31.861168
4763	2396	31.600002
4763	50	30.855547
4763	2599	30.616863
4763	1094	30.57531
4763	527	30.545
4763	1213	30.413235
4764	1270	20.19413
4764	608	19.82655
4764	1265	19.657913
4764	593	19.501404
4764	2858	19.429895
4764	858	19.131659
4764	1196	19.05244
4764	318	18.995415
4764	527	18.882626
4764	2797	18.778547
4765	260	130.34003
4765	1270	130.12242
4765	1197	127.298485
4765	2396	124.326035
4765	1247	124.32413
4765	1230	123.46918
4765	3363	122.14517
4765	1278	121.57643
4765	1079	121.38266
4765	1304	120.7449
4766	2599	22.078724
4766	608	21.094975
4766	2395	20.036423
4766	2396	19.926138
4766	1617	19.727211
4766	2716	19.588007
4766	296	19.487345
4766	318	19.19584
4766	223	19.12215
4766	593	19.111906
4767	608	23.594603
4767	2396	23.057621
4767	527	22.639688
4767	2716	21.72558
4767	318	21.573837
4767	593	21.438227
4767	2762	21.097157
4767	1193	21.080936
4767	296	21.024187
4767	1225	20.983852
4768	1704	48.98111
4768	1213	48.97885
4768	50	47.912083
4768	2396	47.424454
4768	2997	47.318897
4768	1358	44.745815
4768	1	44.34353
4768	2762	44.18311
4768	34	44.082035
4768	457	43.927593
4769	1270	20.356092
4769	2174	19.256002
4769	2011	18.436775
4769	1200	18.33628
4769	592	18.18965
4769	2797	18.123245
4769	2791	18.099297
4769	1214	18.056942
4769	260	17.992872
4769	2407	17.859722
4770	2997	25.56729
4770	1265	24.913462
4770	2762	24.833202
4770	1	24.789349
4770	1580	24.30554
4770	2599	24.245058
4770	1196	24.111362
4770	1197	23.99581
4770	223	23.893248
4770	2028	23.663635
4771	2289	242.86415
4771	2352	228.55112
4771	2804	226.4741
4771	3361	225.27826
4771	1221	225.27621
4771	2791	221.07062
4771	2762	220.56097
4771	2716	219.28871
4771	1294	217.4973
4771	1231	217.0133
4772	1247	70.96959
4772	923	68.84197
4772	858	68.375175
4772	750	65.367744
4772	1294	64.87261
4772	1219	62.663635
4772	608	62.415947
4772	1084	62.249004
4772	924	62.170532
4772	1304	61.88515
4773	2571	88.91801
4773	1580	86.69166
4773	480	83.863846
4773	2916	83.07474
4773	110	82.711555
4773	377	82.639336
4773	1196	82.10138
4773	1610	81.91448
4773	1704	78.810135
4773	1	78.45587
4774	589	133.10793
4774	1196	125.60076
4774	1265	124.84575
4774	1610	124.71021
4774	527	119.656494
4774	1704	117.895485
4774	1198	117.213005
4774	1240	117.12949
4774	2396	115.686584
4774	1	115.47448
4775	2858	17.24476
4775	296	14.943958
4775	608	14.44832
4775	50	14.376419
4775	593	14.368615
4775	2571	14.336034
4775	2716	14.321747
4775	1196	14.254558
4775	2028	14.215111
4775	318	14.203031
4776	588	16.909372
4776	1265	16.627037
4776	2355	16.443392
4776	1784	16.294935
4776	2028	16.05075
4776	3255	15.946189
4776	34	15.944987
4776	2762	15.9415245
4776	2396	15.391234
4776	318	15.366693
4777	1240	36.87155
4777	1291	36.695404
4777	1200	35.529762
4777	1214	35.38104
4777	1270	35.0618
4777	1036	34.381866
4777	1580	34.131077
4777	1374	33.90648
4777	2000	33.74005
4777	2571	33.681118
4778	1265	18.226734
4778	1270	18.006998
4778	1196	17.936481
4778	1	17.91568
4778	3255	17.872826
4778	1198	17.327583
4778	1197	17.131542
4778	593	17.0121
4778	356	16.855398
4778	2797	16.810047
4779	923	140.96994
4779	919	140.07025
4779	608	139.22742
4779	1230	135.07904
4779	750	130.5683
4779	904	129.83951
4779	1304	129.72206
4779	1225	129.36502
4779	3363	127.67112
4779	903	125.001076
4780	858	82.344124
4780	908	78.522835
4780	923	76.11071
4780	1219	74.95726
4780	296	74.52852
4780	1247	74.257965
4780	593	72.878586
4780	1230	71.97761
4780	1196	71.76758
4780	260	71.506355
4781	608	34.398293
4781	1198	33.99031
4781	527	32.447002
4781	1270	32.363754
4781	593	32.08028
4781	1197	32.035923
4781	1617	31.694101
4781	1265	31.67889
4781	1580	31.455776
4781	2571	30.917967
4782	1196	62.330093
4782	1240	57.75247
4782	1291	56.83587
4782	608	56.09011
4782	1210	55.379265
4782	589	55.342583
4782	1036	55.024475
4782	2571	54.770275
4782	1270	54.12225
4782	541	54.084545
4783	608	48.04478
4783	593	47.898365
4783	2916	47.167736
4783	1196	46.34487
4783	1240	45.86255
4783	2028	44.919773
4783	296	44.824974
4783	480	44.593636
4783	1198	44.030193
4783	1200	43.541626
4784	2797	229.6848
4784	2174	222.31778
4784	1580	212.7917
4784	2406	212.49347
4784	2100	212.0952
4784	608	206.28287
4784	1784	199.30559
4784	3108	199.15236
4784	1968	198.31873
4784	1097	198.06801
4785	1580	160.29897
4785	608	154.84747
4785	1197	154.21942
4785	1196	152.50697
4785	296	148.84201
4785	527	147.6128
4785	2028	146.42894
4785	1097	145.63815
4785	589	143.56439
4785	1210	141.71799
4786	2571	257.18686
4786	2916	251.29741
4786	110	248.24506
4786	608	242.06567
4786	1	241.53395
4786	296	236.77893
4786	592	236.04678
4786	1617	234.66507
4786	1259	228.66325
4786	2716	227.30481
4787	608	16.310501
4787	2997	15.305556
4787	296	15.205608
4787	318	14.6377
4787	593	14.629584
4787	1213	14.339402
4787	527	14.175429
4787	2396	13.887254
4787	1617	13.813595
4787	2028	13.493571
4788	1197	172.16261
4788	1376	170.54565
4788	1198	169.097
4788	1220	166.7462
4788	2628	164.77232
4788	1291	164.48871
4788	2012	162.03082
4788	592	161.78961
4788	2987	161.529
4788	32	159.32948
4789	457	163.5906
4789	1196	143.51508
4789	474	142.85068
4789	2353	142.62885
4789	648	141.65521
4789	1265	141.36148
4789	1617	137.6431
4789	50	137.01125
4789	2268	135.34494
4789	1240	135.13426
4790	318	162.56667
4790	50	157.27931
4790	1265	155.00995
4790	527	151.20522
4790	1089	146.02252
4790	2291	143.73723
4790	2395	142.64742
4790	2599	142.47473
4790	2289	142.18962
4790	25	141.82195
4791	1196	115.98538
4791	1580	112.51341
4791	2028	109.940155
4791	2571	109.664444
4791	593	108.41015
4791	2716	107.656136
4791	589	107.47794
4791	1197	107.345795
4791	457	107.30897
4791	2000	106.94838
4792	1580	13.461123
4792	2396	13.378678
4792	1196	13.377134
4792	924	13.083455
4792	858	12.9382305
4792	1198	12.788572
4792	260	12.787711
4792	480	12.7310705
4792	2028	12.712142
4792	912	12.706735
4793	296	119.350174
4793	1265	108.47895
4793	2028	106.610214
4793	457	105.14389
4793	1358	100.49653
4793	2268	98.81403
4793	110	97.11984
4793	1673	96.90705
4793	1500	96.813194
4793	1393	96.39962
4794	260	72.84993
4794	1270	71.69346
4794	1136	69.82608
4794	2396	69.471
4794	1265	68.776245
4794	2858	68.26853
4794	608	68.265366
4794	858	67.46546
4794	1210	66.727425
4794	1259	66.54134
4795	1617	58.921238
4795	296	58.89787
4795	593	57.185947
4795	858	56.99359
4795	1213	56.768715
4795	1196	56.374207
4795	527	54.336777
4795	1198	53.83148
4795	318	53.74319
4795	111	52.859222
4796	2571	161.08194
4796	1197	157.76689
4796	1198	156.9335
4796	2916	156.04489
4796	457	154.98386
4796	318	154.18274
4796	1270	153.97247
4796	2028	153.63036
4796	39	149.83131
4796	1240	149.04604
4797	3255	33.93841
4797	356	33.365772
4797	2321	32.772438
4797	440	31.951435
4797	367	31.696194
4797	1923	31.617601
4797	539	31.545881
4797	1784	31.393152
4797	587	31.144787
4797	1569	31.034899
4798	260	88.10153
4798	2916	87.72493
4798	2985	87.581474
4798	2571	86.505875
4798	589	86.2569
4798	541	84.34314
4798	2640	84.186775
4798	2105	80.71886
4798	1676	78.01661
4798	32	77.54069
4799	1265	43.1775
4799	608	42.30209
4799	2396	40.748077
4799	1617	38.89685
4799	39	38.64487
4799	1079	38.440968
4799	34	38.363144
4799	1197	38.119156
4799	527	38.101307
4799	1270	38.08374
4800	1580	141.81136
4800	480	138.93518
4800	589	138.71161
4800	2028	138.45528
4800	377	138.17693
4800	356	134.45265
4800	1610	133.84883
4800	1	131.51497
4800	296	131.11426
4800	1196	128.32843
4801	1370	163.86757
4801	2916	163.5662
4801	733	158.1381
4801	1580	155.05385
4801	165	153.43417
4801	3256	150.03508
4801	648	149.5493
4801	1291	148.20715
4801	1196	146.95622
4801	2353	146.90825
4802	1270	304.83032
4802	1240	295.69775
4802	1294	291.19736
4802	1136	288.75644
4802	1200	282.34967
4802	2028	282.1188
4802	1036	281.67957
4802	2797	279.21393
4802	2174	278.4736
4802	1394	277.72153
4803	2396	20.312038
4803	2706	20.145744
4803	223	19.27126
4803	2028	18.716242
4803	318	18.65172
4803	1210	18.64089
4803	1196	18.638166
4803	593	18.568703
4803	2571	18.470066
4803	356	18.278337
4804	1696	0.6577757
4804	2426	0.6567772
4804	1977	0.63218224
4804	905	0.6243034
4804	3307	0.6222901
4804	1553	0.5932168
4804	1271	0.5834502
4804	815	0.58123136
4804	1256	0.57929844
4804	1985	0.5745872
4805	1265	27.540241
4805	608	26.611296
4805	318	26.075495
4805	593	25.992973
4805	1	25.876099
4805	296	25.61362
4805	2028	25.377316
4805	527	25.086016
4805	1617	24.861656
4805	1196	24.741959
4806	480	121.998726
4806	589	121.795654
4806	780	118.27223
4806	1374	117.27603
4806	1527	113.2077
4806	316	109.54745
4806	377	106.615395
4806	1676	105.40363
4806	1198	104.48532
4806	1610	102.55672
4807	1196	56.405544
4807	260	55.281586
4807	1198	54.8479
4807	608	53.424057
4807	1136	52.46985
4807	1214	51.705307
4807	1304	51.466137
4807	2028	49.87919
4807	750	49.81126
4807	593	49.25304
4808	480	383.01114
4808	592	356.38943
4808	377	351.3251
4808	1356	347.1754
4808	329	337.42578
4808	110	335.3067
4808	1372	333.7695
4808	1376	333.58633
4808	1377	330.84833
4808	2641	330.27167
4809	919	111.47098
4809	1617	110.391594
4809	1198	110.07827
4809	1221	106.564735
4809	541	105.50597
4809	2028	103.0967
4809	2396	101.319984
4809	296	101.12546
4809	1208	100.82157
4809	1136	100.65654
4810	316	119.15438
4810	1376	115.730156
4810	2105	113.439354
4810	2640	113.21634
4810	1197	111.244255
4810	1036	109.87874
4810	457	108.91105
4810	592	108.14658
4810	1610	107.28905
4810	1917	104.91434
4811	923	26.518402
4811	858	25.056808
4811	1267	23.52461
4811	1945	23.381819
4811	111	23.049654
4811	908	22.870604
4811	1247	22.859753
4811	922	22.859303
4811	1230	22.859262
4811	750	22.677052
4812	50	70.52357
4812	608	69.80179
4812	457	64.08785
4812	1466	61.955593
4812	593	60.94851
4812	2916	60.660267
4812	1036	60.440193
4812	21	60.366184
4812	1196	59.93387
4812	589	59.78945
4813	1265	74.329254
4813	440	67.324814
4813	539	63.958206
4813	2918	62.818096
4813	587	62.767075
4813	1197	62.437664
4813	2174	60.565216
4813	377	60.288574
4813	1569	60.197483
4813	1641	60.034355
4814	1270	114.0728
4814	1196	111.746864
4814	1580	109.10925
4814	1265	105.675026
4814	1198	104.3436
4814	1210	102.67825
4814	1240	102.53092
4814	1663	101.78791
4814	1291	101.70148
4814	1036	100.85772
4815	1214	142.56769
4815	1200	137.27522
4815	2916	130.79506
4815	1097	130.23358
4815	589	129.80203
4815	2985	126.09388
4815	1198	124.97712
4815	1356	122.836266
4815	1197	121.778885
4815	1584	117.48815
4816	3418	180.77232
4816	527	180.69743
4816	1213	175.65427
4816	1196	171.85748
4816	589	170.20056
4816	480	169.62782
4816	1094	168.31183
4816	2916	166.66269
4816	474	166.40666
4816	1784	165.95624
4817	1198	75.25988
4817	608	73.72025
4817	2028	71.9339
4817	858	71.294624
4817	593	69.79089
4817	1270	68.899994
4817	1240	68.58251
4817	1210	68.444046
4817	1265	68.20011
4817	296	67.89074
4818	589	40.827183
4818	1198	39.90225
4818	1580	38.491154
4818	1097	38.42479
4818	1374	38.299065
4818	1206	38.26364
4818	2916	36.944622
4818	608	36.674183
4818	1617	35.560204
4818	1136	35.381573
4819	380	207.26114
4819	1580	201.12392
4819	587	191.04999
4819	356	188.83817
4819	480	187.92902
4819	2916	187.6759
4819	648	186.77194
4819	1552	186.35945
4819	589	184.98213
4819	368	183.70901
4820	1196	10.851368
4820	593	10.388236
4820	1214	10.314724
4820	1198	10.16855
4820	541	10.076732
4820	1210	10.063247
4820	1270	10.056381
4820	2858	9.960741
4820	858	9.84328
4820	1240	9.47208
4821	1704	128.88327
4821	1580	127.25071
4821	2268	126.92598
4821	2028	126.469795
4821	1393	125.18266
4821	1923	123.507225
4821	377	123.498764
4821	480	122.3897
4821	1610	122.33924
4821	2571	121.26622
4822	1259	17.558449
4822	1394	17.320375
4822	1307	16.89027
4822	2918	16.56797
4822	2797	16.515812
4822	2174	16.465332
4822	2716	16.431065
4822	3361	16.429672
4822	1136	16.30814
4822	1265	15.260694
4823	1196	240.03229
4823	608	234.95073
4823	1198	225.07977
4823	1394	219.1026
4823	260	217.52905
4823	1210	212.99858
4823	110	208.55644
4823	480	207.89554
4823	858	205.18744
4823	592	203.66228
4824	593	120.30824
4824	1617	115.12103
4824	1682	114.466095
4824	1393	113.906204
4824	39	113.60219
4824	110	111.26883
4824	457	110.125824
4824	21	109.96288
4824	2762	109.828995
4824	1358	109.04666
4825	1196	38.45845
4825	1	38.0388
4825	260	36.825512
4825	1197	36.48229
4825	1198	36.093445
4825	1265	35.63315
4825	1580	35.58594
4825	589	35.25883
4825	1210	35.02719
4825	1270	34.586494
4826	1198	102.1258
4826	1210	101.955864
4826	1240	100.44682
4826	1580	97.86454
4826	1270	96.511894
4826	480	95.544395
4826	593	95.341064
4826	457	92.81078
4826	541	92.66749
4826	1036	92.66415
4827	2716	35.86637
4827	2599	33.89655
4827	223	33.556126
4827	1127	32.089878
4827	2959	30.473627
4827	1196	29.834623
4827	3175	29.771563
4827	785	29.47574
4827	1513	29.4629
4827	2571	28.829775
4828	11	64.26431
4828	708	62.015053
4828	1307	60.372463
4828	377	58.290615
4828	3255	56.717373
4828	1	55.520134
4828	2321	54.780933
4828	1784	54.44499
4828	7	54.048885
4828	588	53.27766
4829	1196	213.24898
4829	457	203.4464
4829	1	202.55151
4829	1270	197.3516
4829	1240	196.33846
4829	593	196.32263
4829	527	186.08878
4829	1036	183.24585
4829	356	181.59991
4829	2000	180.769
4830	2571	78.92307
4830	2916	77.885956
4830	589	77.31058
4830	260	75.79773
4830	780	75.07288
4830	1270	72.53686
4830	1240	72.300095
4830	457	72.054825
4830	380	71.92396
4830	1291	71.50293
4831	1265	154.8562
4831	1198	149.76907
4831	1094	148.85416
4831	1221	146.6126
4831	923	146.1778
4831	111	146.11523
4831	1270	143.69568
4831	1208	142.38527
4831	908	141.91585
4831	1097	141.65233
4832	260	97.39127
4832	527	92.47787
4832	2918	92.44861
4832	1617	92.14475
4832	110	90.381874
4832	457	89.40052
4832	2000	89.15644
4832	480	88.91998
4832	1394	88.07708
4832	858	87.9752
4833	1198	72.76286
4833	858	66.75095
4833	608	66.180565
4833	1	65.4925
4833	1097	65.42542
4833	1240	65.4049
4833	1210	65.00733
4833	589	63.924923
4833	1617	62.81359
4833	1200	62.697025
4834	608	143.53726
4834	2987	139.625
4834	589	138.7553
4834	480	138.17932
4834	1617	136.03018
4834	1240	135.8183
4834	296	134.59494
4834	110	134.44612
4834	2997	134.40022
4834	527	133.56834
4835	608	64.07867
4835	1	60.245636
4835	1196	59.161804
4835	527	59.147133
4835	1617	58.913223
4835	1580	57.379562
4835	480	57.25175
4835	1213	56.99104
4835	110	56.08344
4835	2916	54.58399
4836	296	24.56007
4836	608	23.255278
4836	1704	21.424314
4836	1094	20.994467
4836	50	20.286964
4836	2858	20.272852
4836	36	20.265858
4836	1358	19.92277
4836	2289	19.69428
4836	25	19.509449
4837	1974	148.40186
4837	968	139.12518
4837	2746	138.66429
4837	1333	132.39783
4837	3264	131.64525
4837	1717	130.63623
4837	1200	130.13213
4837	1219	129.34694
4837	724	129.26613
4837	2657	128.17499
4838	608	25.613365
4838	2028	25.322832
4838	1704	25.06998
4838	593	24.275436
4838	457	23.904892
4838	110	23.84409
4838	1580	23.683708
4838	1265	23.274311
4838	3418	22.919333
4838	2571	22.87806
4839	2028	17.19946
4839	608	16.747654
4839	318	16.553663
4839	593	16.548513
4839	296	16.16208
4839	1617	15.544879
4839	2571	15.541842
4839	527	15.532616
4839	589	15.297275
4839	1265	15.239245
4840	2028	47.09623
4840	593	47.00866
4840	1196	46.238567
4840	1265	45.215065
4840	1580	43.713196
4840	296	43.69647
4840	2571	43.692745
4840	260	43.358776
4840	1270	43.20189
4840	1198	43.148838
4841	608	62.4007
4841	1196	58.817207
4841	1617	57.99151
4841	593	56.938347
4841	1213	56.449406
4841	318	55.59395
4841	50	55.513138
4841	2028	55.435383
4841	2571	53.336353
4841	527	53.1234
4842	608	36.766895
4842	1617	34.906906
4842	2396	34.489277
4842	296	34.360077
4842	593	34.097065
4842	1196	32.475693
4842	1265	32.193027
4842	858	31.536804
4842	1213	31.536736
4842	50	31.40185
4843	1252	71.7866
4843	1230	70.91292
4843	1208	68.61481
4843	1207	67.18605
4843	908	66.92965
4843	1213	65.87309
4843	527	65.4014
4843	1104	64.57313
4843	1263	64.295135
4843	1293	64.164734
4844	1196	18.522139
4844	593	18.320189
4844	2571	18.078007
4844	296	17.961235
4844	2028	17.888145
4844	318	17.76074
4844	50	17.632572
4844	260	17.51137
4844	1265	17.459894
4844	1580	17.206743
4845	2289	71.26343
4845	357	70.57808
4845	1307	69.87114
4845	1247	69.404724
4845	1617	68.88
4845	34	68.78877
4845	912	68.60629
4845	296	66.30165
4845	318	65.953186
4845	593	64.09685
4846	1265	17.925898
4846	2858	17.69045
4846	1580	17.305517
4846	2571	16.99033
4846	608	16.858467
4846	1	16.646936
4846	296	16.616095
4846	2396	16.402622
4846	457	16.334597
4846	2716	16.327862
4847	608	68.60002
4847	1196	65.25394
4847	2858	61.28622
4847	1198	60.41942
4847	2028	57.874138
4847	1265	57.43126
4847	1197	57.22467
4847	1221	56.971714
4847	1270	56.932053
4847	924	55.282043
4848	2571	42.593277
4848	1196	41.59884
4848	1610	40.527153
4848	2916	40.01425
4848	260	39.492756
4848	1210	38.736065
4848	1240	37.843407
4848	733	37.798748
4848	1036	37.43894
4848	593	37.319798
4849	2396	103.509834
4849	2571	103.23145
4849	480	98.720566
4849	318	98.665184
4849	457	98.279175
4849	589	98.13304
4849	1580	97.513
4849	608	97.16471
4849	1	97.11238
4849	1240	95.275925
4850	318	20.735281
4850	2028	20.397146
4850	608	19.779675
4850	296	19.014605
4850	2858	18.689259
4850	2571	18.527103
4850	589	18.506516
4850	1265	18.446415
4850	1196	18.405838
4850	457	18.334213
4851	2716	14.6051445
4851	223	13.575833
4851	2699	13.488987
4851	2997	13.3623
4851	1196	13.135927
4851	1127	13.036386
4851	2028	13.036057
4851	589	12.621589
4851	2571	12.576598
4851	1270	12.242855
4852	1252	129.79942
4852	1208	126.658516
4852	750	122.94856
4852	1084	117.72024
4852	924	116.38526
4852	1213	114.41022
4852	1198	113.73693
4852	1234	113.06551
4852	913	112.995865
4852	1263	110.95175
4853	1196	34.699924
4853	1198	32.438496
4853	1270	32.362667
4853	1240	32.176903
4853	260	31.948904
4853	2000	30.83716
4853	2571	30.7947
4853	1265	30.72397
4853	608	30.437159
4853	2916	30.21329
4854	1294	81.806854
4854	908	81.70441
4854	905	79.59439
4854	923	77.72854
4854	930	75.74751
4854	1256	75.680534
4854	922	74.65656
4854	1267	74.65094
4854	900	74.60403
4854	2186	74.54658
4855	2571	104.73532
4855	2916	103.799515
4855	1198	102.43398
4855	1240	101.26648
4855	260	100.46241
4855	1	97.51204
4855	1265	97.487946
4855	1036	96.96587
4855	110	96.61571
4855	2000	96.34842
4856	923	39.396423
4856	858	38.19394
4856	608	37.988266
4856	1252	37.17508
4856	1213	35.386845
4856	1221	35.33533
4856	1193	35.12998
4856	1225	34.88211
4856	750	33.964783
4856	1208	33.949665
4857	457	43.41369
4857	1196	42.856586
4857	1610	42.25523
4857	377	42.06377
4857	2028	41.81441
4857	733	41.361687
4857	1240	41.164913
4857	110	40.86828
4857	1210	40.320312
4857	316	39.810375
4858	608	76.34718
4858	858	73.215836
4858	1617	69.463394
4858	1213	68.16321
4858	1196	67.038246
4858	912	66.1112
4858	2858	65.94617
4858	1247	65.731094
4858	1225	64.98366
4858	260	64.350624
4859	2797	41.317707
4859	1079	40.7318
4859	1307	40.377674
4859	2791	38.744255
4859	1196	38.677876
4859	1	37.91724
4859	2000	37.80301
4859	2858	37.35774
4859	3361	36.913387
4859	2804	36.798462
4860	2858	33.842033
4860	593	32.466454
4860	1213	32.35635
4860	318	31.728416
4860	1196	30.204414
4860	2028	29.758284
4860	2571	29.621155
4860	1265	29.506062
4860	527	29.460606
4860	32	28.775515
4861	1196	113.26595
4861	589	106.48969
4861	1580	106.31815
4861	296	103.44286
4861	1198	103.25395
4861	457	102.89399
4861	2916	102.05104
4861	2396	101.42339
4861	1197	99.59504
4861	1265	97.24121
4862	589	76.809494
4862	1580	70.102234
4862	592	69.27599
4862	2985	68.86339
4862	2000	68.31263
4862	1197	67.28384
4862	1222	66.91812
4862	2194	66.646126
4862	2640	64.9281
4862	541	63.21372
4863	1	24.774841
4863	1196	22.972012
4863	480	22.685703
4863	2396	22.66324
4863	356	22.51161
4863	2571	22.147278
4863	39	22.129616
4863	589	21.99827
4863	2916	21.880415
4863	1210	21.861122
4864	1265	29.477852
4864	1270	28.830536
4864	1136	28.203094
4864	1197	28.191488
4864	1394	27.849873
4864	1196	27.704496
4864	2716	27.06621
4864	2174	26.844128
4864	2396	26.830532
4864	1580	26.71289
4865	1247	126.43129
4865	1252	111.36017
4865	1230	106.7222
4865	296	106.097496
4865	318	105.85612
4865	1617	104.301865
4865	1104	103.862434
4865	750	103.41576
4865	904	102.39724
4865	1231	101.95312
4866	2918	54.70019
4866	2797	54.496838
4866	1136	51.630356
4866	1197	51.485836
4866	1220	51.47629
4866	2100	50.328606
4866	3421	50.13244
4866	3039	49.974167
4866	1394	49.6918
4866	1	49.672073
4867	1270	355.31076
4867	2174	339.88193
4867	2797	337.41837
4867	1259	329.99057
4867	2000	312.77252
4867	2858	308.71622
4867	592	304.72986
4867	1617	304.22507
4867	457	298.92007
4867	2028	296.84348
4868	1196	143.67955
4868	541	130.18256
4868	32	127.0359
4868	1198	125.27563
4868	1197	123.78266
4868	1356	121.247055
4868	780	120.93236
4868	2968	119.41428
4868	1036	115.73675
4868	1291	115.50477
4869	2396	148.08842
4869	1617	145.55162
4869	1213	145.15352
4869	2918	144.57625
4869	527	144.48119
4869	34	142.97032
4869	1704	141.71211
4869	235	140.53476
4869	2997	140.3218
4869	3418	137.86974
4870	608	61.810608
4870	1196	58.600636
4870	2858	56.81221
4870	2174	56.504883
4870	1617	56.384445
4870	1079	55.411884
4870	1259	55.250736
4870	260	55.10517
4870	1265	55.004322
4870	318	54.959244
4871	608	16.694445
4871	296	16.227352
4871	318	15.91217
4871	2571	15.893903
4871	1196	15.521748
4871	50	15.426924
4871	2028	15.324718
4871	1617	15.292987
4871	2716	15.244209
4871	1265	15.054269
4872	457	35.452484
4872	377	33.63616
4872	733	32.829742
4872	780	32.764713
4872	380	32.64248
4872	110	32.092175
4872	1196	31.28678
4872	349	31.215488
4872	2353	31.048445
4872	1573	30.692625
4873	260	11.70314
4873	1221	11.52859
4873	608	11.15107
4873	1252	11.119019
4873	919	10.780032
4873	1196	10.758738
4873	923	10.692429
4873	1198	10.690956
4873	912	10.636593
4873	904	10.57811
4874	1213	21.275156
4874	50	19.990732
4874	593	19.4639
4874	2858	18.634548
4874	1089	18.472767
4874	1196	18.116547
4874	318	18.109262
4874	2028	17.91175
4874	1252	17.835386
4874	260	17.561304
4875	296	60.305058
4875	1213	56.282272
4875	1617	55.953583
4875	50	54.09696
4875	1358	51.529507
4875	2289	50.736595
4875	1265	50.734592
4875	2395	49.93298
4875	34	49.38961
4875	1094	49.00224
4876	608	34.677094
4876	318	32.983585
4876	296	32.029606
4876	2028	30.688213
4876	1213	30.666426
4876	1617	30.60373
4876	2396	29.980982
4876	1265	29.091602
4876	50	28.223782
4876	457	27.802057
4877	50	65.95799
4877	1198	63.397224
4877	589	62.713543
4877	527	62.554676
4877	1197	59.992218
4877	457	59.507
4877	110	59.09646
4877	1270	59.0493
4877	1580	58.340614
4877	480	57.237152
4878	1265	26.2539
4878	1	25.15685
4878	1270	24.69583
4878	2797	23.90044
4878	1079	23.898813
4878	1136	23.642054
4878	2174	22.916172
4878	1307	22.813278
4878	2918	22.590916
4878	1198	22.557734
4879	1265	228.1626
4879	1	223.82803
4879	2797	222.7871
4879	1259	222.50409
4879	1210	222.38322
4879	2987	218.1272
4879	541	214.67998
4879	1307	213.88803
4879	1097	209.65724
4879	296	209.34
4880	608	8.628266
4880	1094	7.663476
4880	2997	7.59347
4880	318	7.5546384
4880	2028	7.5215816
4880	1617	7.488301
4880	265	7.4258494
4880	593	7.338055
4880	50	7.0838675
4880	17	7.0810313
4881	608	15.70851
4881	2599	15.434068
4881	296	15.184617
4881	593	15.1807
4881	2716	14.978856
4881	2396	14.770804
4881	1617	14.194455
4881	2762	14.123167
4881	1213	14.039436
4881	2028	13.771801
4882	1136	125.83349
4882	3363	125.46696
4882	1196	125.410194
4882	2871	117.02985
4882	1220	113.06883
4882	1225	110.02369
4882	919	109.410065
4882	1097	109.13218
4882	1272	109.053276
4882	608	108.14504
4883	594	22.870512
4883	2080	22.863827
4883	1029	22.40355
4883	919	21.881134
4883	2087	21.027153
4883	2096	20.993158
4883	588	20.664322
4883	364	20.649162
4883	2078	19.779015
4883	1	19.102234
4884	260	246.85493
4884	1370	244.8264
4884	1270	230.37228
4884	1214	228.31593
4884	1584	224.67935
4884	1391	216.30197
4884	1552	215.63107
4884	165	214.68706
4884	2987	213.83824
4884	1387	213.07864
4885	858	25.556412
4885	1196	25.104185
4885	1221	23.487915
4885	1247	22.932219
4885	923	22.725082
4885	1225	22.519901
4885	1252	22.134176
4885	541	22.04665
4885	1294	21.883587
4885	608	21.873285
4886	480	80.18427
4886	1580	79.53937
4886	2716	79.043945
4886	1198	75.011505
4886	2987	74.2935
4886	2028	73.839005
4886	110	72.727905
4886	1036	72.71296
4886	2762	72.68705
4886	457	72.39208
4887	296	225.60852
4887	1704	218.76257
4887	1682	208.98572
4887	1500	206.69154
4887	2291	204.0377
4887	2268	204.01408
4887	1923	202.24286
4887	1617	201.18478
4887	21	200.51346
4887	527	197.13948
4888	923	169.19089
4888	910	166.7236
4888	1084	162.31287
4888	1294	157.34975
4888	922	150.93745
4888	1225	150.65463
4888	1207	149.31612
4888	1234	148.45998
4888	1304	148.24623
4888	3363	148.20883
4889	1580	220.43855
4889	1265	214.1793
4889	2916	213.4631
4889	2194	202.47678
4889	1213	201.11435
4889	50	200.67564
4889	2396	199.30096
4889	2406	198.73082
4889	541	198.35211
4889	2791	197.54077
4890	2396	91.43368
4890	296	86.455475
4890	593	85.962776
4890	1094	85.5378
4890	1393	84.73935
4890	1617	82.53092
4890	1784	81.799965
4890	1	80.76684
4890	2997	80.45918
4890	1394	80.31692
4891	1234	14.619146
4891	1080	14.568935
4891	858	14.487669
4891	3363	13.963794
4891	1276	13.9212055
4891	919	13.740252
4891	1230	13.622457
4891	1394	13.429137
4891	1196	13.288561
4891	1208	13.245263
4892	1240	83.6012
4892	1210	78.11283
4892	1374	76.46164
4892	1198	76.2876
4892	1197	74.297485
4892	1584	72.77567
4892	1527	72.48309
4892	296	70.76305
4892	2628	70.60925
4892	1036	70.37826
4893	2916	89.67001
4893	2571	89.26729
4893	1356	87.88647
4893	1374	87.12395
4893	2985	82.291306
4893	1676	82.086136
4893	1127	78.90285
4893	2640	78.41879
4893	1573	78.04923
4893	1876	76.38126
4894	1196	28.729334
4894	1200	26.78583
4894	1210	26.269575
4894	2571	25.93817
4894	1198	25.567152
4894	480	25.565517
4894	1270	24.850643
4894	541	24.66241
4894	1580	24.537884
4894	2916	24.397808
4895	2028	40.305496
4895	377	40.102005
4895	1610	39.393337
4895	593	39.24418
4895	1196	38.219727
4895	608	38.19175
4895	2396	37.9731
4895	589	37.971413
4895	1265	37.365856
4895	2916	37.338905
4896	2066	2.1134915
4896	2726	1.862019
4896	3334	1.8542802
4896	1068	1.7677213
4896	1069	1.7674563
4896	1248	1.7660202
4896	913	1.6627806
4896	1284	1.6601015
4896	2186	1.6541382
4896	2182	1.6418943
4897	2916	191.62297
4897	2571	183.72372
4897	1036	182.82214
4897	1356	168.71918
4897	1197	168.15125
4897	1371	165.7156
4897	2641	164.64911
4897	2527	163.54718
4897	1610	161.36874
4897	1527	160.22665
4898	1213	144.14186
4898	2858	136.7983
4898	527	135.23378
4898	2396	127.36014
4898	1358	126.43371
4898	34	124.701775
4898	235	122.82596
4898	2028	122.41166
4898	858	121.55636
4898	1179	121.00404
4899	1213	144.56
4899	1136	141.10121
4899	2289	134.23576
4899	1259	133.65596
4899	1270	133.04436
4899	1240	131.99745
4899	1221	130.13824
4899	589	128.68561
4899	2599	127.6803
4899	912	127.27278
4900	608	21.260427
4900	296	20.780466
4900	593	19.956076
4900	2028	19.726
4900	318	19.684444
4900	50	19.297548
4900	1213	19.245369
4900	1196	19.188437
4900	2571	18.934515
4900	1617	18.783072
4901	260	144.65901
4901	592	143.05661
4901	1214	135.97623
4901	2985	134.25943
4901	1387	130.85316
4901	2797	128.90996
4901	1097	127.73937
4901	2115	126.27557
4901	2640	124.567505
4901	1370	124.23728
4902	589	60.36766
4902	588	60.084145
4902	2571	59.915028
4902	1198	58.915897
4902	1270	57.4662
4902	1240	56.90672
4902	2628	56.49683
4902	1197	56.347427
4902	2916	55.93851
4902	457	55.559963
4903	296	44.417515
4903	318	42.69996
4903	527	41.69053
4903	1196	41.040703
4903	2396	40.588947
4903	2028	39.61198
4903	1265	39.23565
4903	1198	39.14349
4903	1136	39.09911
4903	923	38.25794
4904	1240	292.14233
4904	1097	265.06802
4904	1527	249.80066
4904	329	240.75151
4904	1371	237.18927
4904	2987	231.81992
4904	1387	231.43205
4904	858	229.69208
4904	1036	226.83855
4904	1573	222.9612
4905	608	66.70681
4905	858	64.11941
4905	593	61.4138
4905	1617	60.904068
4905	296	60.73796
4905	1213	59.04062
4905	1225	57.553116
4905	923	56.55401
4905	1265	56.288242
4905	1136	56.0604
4906	1198	163.06873
4906	1610	157.46956
4906	593	155.38289
4906	110	150.46472
4906	1387	147.68944
4906	1214	147.16531
4906	1200	146.27722
4906	1222	143.92297
4906	1242	141.4742
4906	1259	140.76253
4907	858	97.63729
4907	919	94.72534
4907	527	93.92723
4907	1213	91.62409
4907	1136	88.75855
4907	2858	88.72453
4907	1294	88.011665
4907	1265	87.23863
4907	1197	87.21744
4907	1208	87.05388
4908	1580	96.81948
4908	2571	96.48075
4908	2916	94.90402
4908	1198	93.66363
4908	2985	89.49996
4908	1291	88.680374
4908	1036	87.77715
4908	592	86.04231
4908	32	83.45724
4908	780	83.16017
4909	1196	84.276085
4909	1265	82.614525
4909	260	78.5915
4909	1617	77.45603
4909	318	77.11232
4909	1259	76.84002
4909	1079	76.7605
4909	593	76.71964
4909	2716	76.6927
4909	1210	76.11851
4910	1210	35.86087
4910	589	35.642784
4910	1580	35.577126
4910	1127	35.253975
4910	1240	35.043934
4910	480	34.65519
4910	2916	34.30759
4910	1200	33.711205
4910	2628	32.741493
4910	780	32.083176
4911	11	49.897663
4911	2671	48.552235
4911	440	47.955547
4911	1265	47.490105
4911	2396	47.066723
4911	2424	46.46092
4911	377	43.045147
4911	1704	42.28955
4911	1094	41.45662
4911	1784	41.410366
4912	608	17.929064
4912	1265	17.336807
4912	2396	16.889223
4912	527	16.120747
4912	2599	15.976805
4912	318	15.548031
4912	34	15.362687
4912	593	15.34591
4912	296	15.262767
4912	1617	15.161472
4913	593	32.525776
4913	1213	32.33297
4913	1617	32.284706
4913	318	31.221548
4913	50	30.238073
4913	858	29.592594
4913	1196	29.291473
4913	2396	29.177315
4913	1394	28.229607
4913	2762	28.12464
4914	1196	46.786682
4914	2571	45.825394
4914	1580	44.481026
4914	296	44.290688
4914	1197	43.485058
4914	1270	43.368427
4914	2858	43.129433
4914	110	43.105614
4914	1210	42.960968
4914	2396	42.21624
4915	1196	87.16606
4915	260	83.51065
4915	1527	82.99603
4915	1240	82.90738
4915	1210	81.66139
4915	1270	81.38466
4915	1200	79.82489
4915	1198	78.01001
4915	457	77.69268
4915	1374	76.44632
4916	1641	54.66568
4916	2396	52.469723
4916	2321	51.998257
4916	2599	51.22408
4916	34	46.72935
4916	1784	46.686996
4916	2289	46.43794
4916	296	45.467976
4916	608	44.96619
4916	1517	44.61186
4917	1265	133.15714
4917	2174	130.59164
4917	2797	128.2077
4917	1	123.01765
4917	1307	122.66056
4917	39	119.81393
4917	1259	119.63123
4917	3039	116.64652
4917	3361	116.51493
4917	235	114.566284
4918	2916	206.95723
4918	2985	188.53796
4918	110	181.49904
4918	1265	177.39577
4918	316	174.6953
4918	1372	173.89177
4918	2797	170.97253
4918	1584	170.37347
4918	380	167.54419
4918	2968	166.33243
4919	1196	35.527935
4919	589	31.525295
4919	1197	31.35588
4919	858	31.350153
4919	296	31.233168
4919	1210	31.19083
4919	1240	31.1619
4919	1270	31.058634
4919	1214	30.886545
4919	2028	30.699879
4920	913	28.515678
4920	903	27.963312
4920	908	27.748108
4920	912	27.083197
4920	541	26.43789
4920	1247	26.430834
4920	924	26.129118
4920	922	26.06312
4920	1212	25.947285
4920	858	25.51313
4921	1617	154.57153
4921	1259	146.92804
4921	318	146.55133
4921	527	145.67455
4921	1210	145.06265
4921	1580	144.87032
4921	50	142.67206
4921	2791	140.33731
4921	2797	140.0791
4921	2000	139.44727
4922	1197	124.18312
4922	593	120.145226
4922	2997	118.574455
4922	2028	117.34293
4922	1580	113.99601
4922	1210	113.68672
4922	1617	113.52146
4922	1500	113.39688
4922	2762	112.415504
4922	39	112.32259
4923	608	16.414669
4923	296	16.25094
4923	593	15.431336
4923	2997	15.335074
4923	318	15.19196
4923	527	15.036518
4923	1617	14.715863
4923	2762	14.35607
4923	1213	14.341773
4923	50	13.76462
4924	296	34.99473
4924	2858	32.458324
4924	858	30.51678
4924	2028	29.3555
4924	1704	28.800611
4924	111	28.58008
4924	1247	28.390451
4924	1193	28.370256
4924	1265	28.330906
4924	1358	28.107233
4925	2300	30.409485
4925	1230	29.69571
4925	1294	28.768852
4925	898	27.91443
4925	1136	27.882303
4925	3363	26.61488
4925	1080	26.5583
4925	1252	26.496784
4925	912	26.335981
4925	1244	25.979877
4926	260	15.417389
4926	1210	15.296233
4926	1270	15.231302
4926	1291	14.529236
4926	2000	14.329822
4926	2987	14.1199045
4926	1097	13.882787
4926	2797	13.846867
4926	592	13.834749
4926	2406	13.741758
4927	733	112.01072
4927	1573	111.17
4927	1552	108.419075
4927	736	102.28472
4927	2353	101.600716
4927	442	101.45771
4927	2393	98.4697
4927	1722	97.33276
4927	2617	97.22826
4927	1240	96.926125
4928	1265	121.62547
4928	1394	120.99005
4928	1704	117.02151
4928	1094	116.66196
4928	593	116.406654
4928	1617	115.38827
4928	3361	115.25624
4928	2396	114.90334
4928	527	113.50856
4928	1225	112.97973
4929	608	26.733376
4929	1617	25.429068
4929	593	24.773977
4929	2396	24.737246
4929	296	24.12848
4929	527	24.10603
4929	1196	24.068909
4929	1221	24.000273
4929	1252	23.971241
4929	908	23.91631
4930	1197	69.65027
4930	1196	67.45788
4930	1198	66.126465
4930	1307	62.17472
4930	1265	62.12874
4930	1	61.588108
4930	1097	61.305275
4930	1073	60.516872
4930	594	60.36245
4930	1580	60.18071
4931	1304	32.59437
4931	919	31.587786
4931	1208	31.484037
4931	1953	30.96386
4931	912	30.519386
4931	1196	30.40591
4931	908	29.996729
4931	1270	29.960161
4931	1250	29.761347
4931	260	29.726824
4932	296	192.77156
4932	318	188.82124
4932	2268	175.45659
4932	2858	174.17975
4932	3418	171.7401
4932	527	171.52446
4932	1358	170.01428
4932	25	167.66924
4932	2321	164.24536
4932	32	163.15794
4933	1617	159.30977
4933	858	153.93033
4933	1240	149.05203
4933	1213	148.35446
4933	1252	147.82076
4933	50	147.0705
4933	1198	146.24675
4933	1394	145.65578
4933	2396	143.32545
4933	589	142.97041
4934	1196	99.52453
4934	2081	95.698685
4934	2797	92.98685
4934	1097	92.25877
4934	480	91.930305
4934	364	90.58055
4934	2918	90.50828
4934	2355	90.31121
4934	2174	88.85044
4934	2858	88.34483
4935	608	13.191521
4935	593	12.736862
4935	318	12.546292
4935	50	12.246759
4935	527	12.088994
4935	2858	11.938227
4935	1213	11.921358
4935	1617	11.774835
4935	1196	11.485863
4935	2571	11.458197
4936	593	36.36716
4936	1213	35.281784
4936	1196	35.16805
4936	527	35.124615
4936	1617	34.713627
4936	2858	34.395046
4936	2028	33.472855
4936	260	33.140034
4936	1265	32.717163
4936	1259	31.760244
4937	1213	120.370125
4937	1265	116.43603
4937	2289	113.838974
4937	25	110.52071
4937	1682	110.0982
4937	34	107.748955
4937	3418	106.94134
4937	2890	106.37343
4937	39	105.952545
4937	235	105.63062
4938	2710	19.963017
4938	2694	19.048716
4938	2770	18.681164
4938	2541	18.642286
4938	223	18.265982
4938	2688	18.01504
4938	2858	17.5572
4938	3005	17.165655
4938	2716	17.158663
4938	2433	16.81445
4939	608	118.94948
4939	296	116.04176
4939	593	112.70354
4939	1198	110.34681
4939	1270	109.9942
4939	1580	109.95449
4939	2571	109.15889
4939	457	108.93075
4939	1259	108.1899
4939	589	107.12376
4940	910	106.79401
4940	904	104.43936
4940	912	103.935524
4940	3363	103.852356
4940	919	103.550156
4940	1230	102.37404
4940	1247	101.621216
4940	1278	100.71058
4940	1234	100.33138
4940	1084	98.32134
4941	608	16.203037
4941	2571	15.458594
4941	296	15.242283
4941	1580	14.941043
4941	2599	14.901128
4941	1196	14.890343
4941	589	14.889385
4941	2028	14.861691
4941	593	14.770896
4941	2959	14.751506
4942	2916	179.30751
4942	1197	161.30406
4942	1291	160.13397
4942	2987	154.90953
4942	592	153.99066
4942	1372	153.86124
4942	316	152.76212
4942	1676	152.7459
4942	858	152.22519
4942	2000	151.44574
4943	1225	12.078977
4943	1231	11.266924
4943	1674	11.024232
4943	1247	11.002875
4943	2243	10.683072
4943	2020	10.674715
4943	1293	10.639176
4943	858	10.587937
4943	1299	10.508743
4943	1079	10.488757
4944	1196	21.669323
4944	1214	20.608805
4944	1240	20.325687
4944	1200	19.954231
4944	589	19.385246
4944	1210	18.861748
4944	1206	18.850655
4944	1270	18.445053
4944	1374	18.212023
4944	2916	18.172922
4945	1198	106.140724
4945	608	105.608215
4945	1214	101.356674
4945	2028	101.02897
4945	1387	98.75031
4945	541	97.472725
4945	1036	97.25771
4945	1197	97.051956
4945	1097	96.45292
4945	1208	94.42642
4946	919	142.00937
4946	1294	138.77478
4946	1307	135.0685
4946	908	134.355
4946	1394	134.2643
4946	1079	132.53883
4946	858	132.12685
4946	923	130.9218
4946	2300	129.6966
4946	1225	123.87967
4947	1213	77.18582
4947	1252	76.89033
4947	296	75.878
4947	912	75.215775
4947	111	74.189674
4947	1221	73.38734
4947	1136	72.659325
4947	750	72.64325
4947	1230	71.56747
4947	1394	71.50253
4948	919	209.96776
4948	923	208.83176
4948	1617	204.33015
4948	1219	200.1261
4948	1304	198.81895
4948	1214	196.38293
4948	296	194.05173
4948	1394	193.50087
4948	1259	192.6145
4948	1953	190.48244
4949	1196	30.259565
4949	2028	28.859047
4949	608	28.237885
4949	593	28.20715
4949	260	28.116749
4949	589	28.086145
4949	1265	27.657984
4949	1580	27.537146
4949	1	27.070923
4949	110	27.057207
4950	1197	256.3937
4950	2174	239.751
4950	589	235.49625
4950	2599	230.54156
4950	1500	228.32762
4950	2804	226.72293
4950	1240	226.34143
4950	480	226.12077
4950	2395	226.02089
4950	21	223.93669
4951	912	160.91061
4951	1230	159.31186
4951	111	157.16563
4951	296	156.09923
4951	1213	154.82355
4951	1225	154.28923
4951	1208	149.14404
4951	1294	146.93243
4951	50	146.5962
4951	1288	146.43855
4952	50	58.465107
4952	527	58.159523
4952	2028	56.04687
4952	2395	54.019596
4952	2291	53.61486
4952	2959	52.31087
4952	2289	52.26745
4952	1641	51.980785
4952	3418	51.614346
4952	39	51.50825
4953	1196	158.33856
4953	1198	147.8749
4953	2762	145.04695
4953	377	142.9671
4953	1240	142.2539
4953	1358	141.60129
4953	1036	140.95003
4953	21	139.87042
4953	2396	139.65208
4953	1210	138.04936
4954	1307	64.29923
4954	2797	62.329437
4954	2396	60.194103
4954	1259	60.1073
4954	1278	59.313717
4954	608	57.951874
4954	1080	57.110897
4954	2804	56.900772
4954	1220	56.616158
4954	1285	55.78414
4955	914	14.915009
4955	594	13.921656
4955	2080	13.190144
4955	1028	12.948999
4955	1247	12.932204
4955	1035	12.850168
4955	969	12.48196
4955	1029	12.287121
4955	904	12.216073
4955	900	12.11083
4956	260	135.32315
4956	1198	133.11432
4956	1617	130.98389
4956	1221	130.88812
4956	1259	127.95831
4956	296	127.404976
4956	593	127.36634
4956	1387	127.337296
4956	1294	127.237404
4956	1240	126.81726
4957	2571	370.32053
4957	2028	358.1059
4957	2797	344.4509
4957	2858	340.16818
4957	356	324.64908
4957	3418	319.62943
4957	2628	318.0976
4957	1222	314.3753
4957	1968	308.61383
4957	1573	306.3536
4958	608	231.67343
4958	858	225.54337
4958	1259	219.44029
4958	2174	218.89136
4958	1617	218.65791
4958	2396	216.1973
4958	1294	215.52477
4958	2028	205.41214
4958	1387	205.2827
4958	318	205.13521
4959	1270	120.371826
4959	1617	120.20329
4959	1097	117.94188
4959	858	117.57309
4959	2858	117.25562
4959	1210	115.43774
4959	1240	115.242134
4959	50	113.905525
4959	1136	110.91649
4959	1394	110.34256
4960	1617	34.80574
4960	1	34.298405
4960	2289	33.564266
4960	296	33.212624
4960	2396	33.02542
4960	1265	32.883533
4960	50	32.73748
4960	527	32.324158
4960	318	32.293625
4960	923	32.12866
4961	589	100.01029
4961	480	98.989784
4961	592	98.95047
4961	1200	98.19289
4961	1210	98.14782
4961	2028	96.06253
4961	1220	94.566635
4961	110	93.84397
4961	1197	93.13496
4961	377	92.41139
4962	1198	116.92876
4962	608	113.079025
4962	260	112.70083
4962	1270	110.51629
4962	1259	109.72234
4962	2797	109.512825
4962	2028	109.29223
4962	1097	109.171745
4962	2987	108.363235
4962	858	106.9008
4963	1265	71.42052
4963	2571	68.32643
4963	480	65.82091
4963	1196	64.88222
4963	608	63.874256
4963	457	63.62385
4963	2321	63.165123
4963	296	62.988777
4963	1270	62.06586
4963	21	62.05694
4964	1197	206.92586
4964	1259	196.48216
4964	1265	194.84454
4964	32	193.92836
4964	50	193.81593
4964	1208	189.72987
4964	1221	188.51062
4964	1036	187.0968
4964	318	186.23508
4964	1222	185.90793
4965	733	98.1851
4965	316	96.37158
4965	1917	94.83191
4965	1527	92.87908
4965	589	92.05796
4965	10	91.38308
4965	1610	91.251305
4965	2353	91.111404
4965	1676	90.08355
4965	349	89.043365
4966	1196	40.89581
4966	1214	40.373077
4966	1036	38.057415
4966	1291	37.950188
4966	1387	36.902557
4966	2571	36.374393
4966	2947	35.804
4966	1221	35.54447
4966	2000	35.439213
4966	457	35.218132
4967	589	88.423706
4967	1265	86.56791
4967	457	86.09983
4967	480	84.73115
4967	1213	82.6567
4967	1197	81.44455
4967	1704	80.25566
4967	32	79.82634
4967	1270	79.18837
4967	1036	78.06168
4968	1214	22.520288
4968	541	22.434818
4968	1240	22.083702
4968	1200	21.615383
4968	1210	21.589575
4968	2571	21.373928
4968	589	20.855944
4968	1198	20.849228
4968	1097	20.829723
4968	1374	20.695873
4969	2396	14.700153
4969	608	14.554798
4969	1265	14.348281
4969	1617	14.192037
4969	296	13.925038
4969	593	13.848251
4969	1	13.798682
4969	1196	13.748266
4969	2028	13.626965
4969	318	13.606819
4970	858	21.457466
4970	919	21.05763
4970	608	21.026855
4970	1247	20.021343
4970	750	19.881166
4970	923	19.813532
4970	260	19.628908
4970	1208	19.560255
4970	1196	19.54212
4970	1221	19.43483
4971	1234	23.992867
4971	1196	23.417126
4971	919	23.34358
4971	1278	23.181904
4971	260	23.152386
4971	1270	22.949041
4971	1197	22.726355
4971	3421	22.602444
4971	1221	22.555956
4971	3363	22.523563
4972	1215	131.42697
4972	2105	130.40259
4972	2021	129.51984
4972	1690	128.92932
4972	2148	127.08775
4972	196	124.5935
4972	2121	124.1426
4972	2641	123.3857
4972	2525	122.392296
4972	2916	121.82309
4973	608	84.543976
4973	1225	83.96993
4973	1270	79.961365
4973	2797	79.94922
4973	1197	79.803055
4973	593	79.41767
4973	1079	78.46891
4973	2918	78.075226
4973	2858	77.04401
4973	1394	76.537964
4974	1252	17.080212
4974	2186	15.389847
4974	1248	14.6188345
4974	1284	14.594459
4974	858	14.39725
4974	260	13.794185
4974	608	13.480058
4974	912	13.437322
4974	904	13.349075
4974	919	13.287771
4975	2916	122.48319
4975	377	122.19235
4975	260	115.26706
4975	593	114.87413
4975	380	113.96801
4975	318	112.704
4975	1200	110.30842
4975	608	109.988106
4975	1370	109.241135
4975	2000	109.2247
4976	2571	25.44606
4976	1196	24.506289
4976	589	24.10187
4976	2858	23.621958
4976	1580	23.389488
4976	480	23.178959
4976	2916	22.985033
4976	2716	22.825674
4976	1198	22.685331
4976	457	22.555231
4977	1580	120.417946
4977	1374	119.28256
4977	924	107.131836
4977	2968	106.22607
4977	1584	105.55241
4977	1198	103.55951
4977	1036	98.40376
4977	1396	98.39003
4977	3175	98.26004
4977	1291	97.42775
4978	1240	71.04535
4978	1200	70.04961
4978	541	68.73086
4978	589	67.63043
4978	480	64.96541
4978	32	63.939636
4978	2640	63.50189
4978	1376	61.972366
4978	2968	61.170467
4978	1356	60.666885
4979	592	347.45746
4979	1259	342.84982
4979	1	331.52792
4979	1617	329.76108
4979	2028	326.52435
4979	32	308.58368
4979	2858	307.19107
4979	2407	305.59418
4979	1242	300.92114
4979	2115	296.2174
4980	1259	134.48433
4980	1307	130.20006
4980	1197	129.50061
4980	1198	129.32681
4980	1079	128.1243
4980	2797	126.750305
4980	1	125.90486
4980	34	125.83482
4980	260	123.322685
4980	2762	122.17368
4981	1230	174.70155
4981	1265	173.87021
4981	1617	173.82263
4981	1394	173.77296
4981	34	164.99867
4981	527	164.89087
4981	2997	162.09824
4981	3424	161.1198
4981	593	160.50603
4981	1252	158.0759
4982	260	47.878986
4982	1214	43.900055
4982	589	43.49294
4982	2571	42.765114
4982	480	41.542442
4982	2000	41.26978
4982	592	40.426907
4982	1387	39.94249
4982	541	39.782013
4982	1580	39.53041
4983	1196	99.25453
4983	608	94.78364
4983	1259	92.84696
4983	858	92.39358
4983	2797	91.92125
4983	1294	90.97646
4983	2174	89.32053
4983	919	88.80358
4983	2791	88.36142
4983	1617	87.98981
4984	1213	109.14675
4984	1617	103.950264
4984	296	103.91443
4984	1094	103.31599
4984	318	99.689995
4984	1230	98.2355
4984	1208	96.119415
4984	1221	96.07083
4984	1084	93.134514
4984	1358	93.0206
4985	1196	119.36761
4985	1580	116.865906
4985	1376	105.60131
4985	329	104.87437
4985	1372	104.461784
4985	2105	104.35766
4985	2529	102.744385
4985	1375	101.88132
4985	1270	100.76316
4985	592	100.18746
4986	589	25.708448
4986	1240	25.596169
4986	1200	24.630363
4986	2916	24.595459
4986	1580	24.13025
4986	1214	24.020605
4986	1198	23.005087
4986	1270	22.874712
4986	32	22.614878
4986	1374	22.463724
4987	589	44.449635
4987	349	41.649437
4987	3256	41.47571
4987	780	41.17189
4987	1527	40.378666
4987	474	40.076912
4987	648	39.97237
4987	165	39.733505
4987	2028	39.521137
4987	1036	39.29823
4988	608	19.3766
4988	1617	18.049328
4988	1213	17.892864
4988	1221	17.653381
4988	318	17.403625
4988	593	17.226168
4988	527	17.138124
4988	50	16.855146
4988	111	16.753986
4988	2858	16.730331
4989	1265	56.463512
4989	1704	56.211594
4989	2762	54.730938
4989	858	54.499294
4989	34	53.066624
4989	2289	52.791782
4989	1196	52.574223
4989	1259	51.385284
4989	111	51.11866
4989	1193	51.049656
4990	1213	48.157486
4990	318	46.09338
4990	1394	45.915623
4990	527	45.0028
4990	1196	44.947033
4990	858	43.351433
4990	1265	43.33779
4990	1089	43.26046
4990	541	43.2083
4990	2396	43.161095
4991	608	4.909639
4991	1247	4.8365865
4991	1196	4.8163958
4991	25	4.753162
4991	260	4.713246
4991	318	4.659183
4991	296	4.5557065
4991	858	4.543809
4991	1225	4.5221577
4991	1094	4.4680343
4992	1196	19.224451
4992	1210	17.401352
4992	1198	17.13469
4992	608	17.039522
4992	2571	17.029327
4992	1240	17.000637
4992	1270	16.92278
4992	589	16.75055
4992	1214	16.699797
4992	1200	16.385063
4993	2858	30.44752
4993	1307	30.15438
4993	608	29.541002
4993	1196	29.25992
4993	527	29.185955
4993	1197	29.137224
4993	318	28.740908
4993	1198	28.265223
4993	1617	28.022852
4993	858	27.88954
4994	1196	114.404274
4994	1356	107.5089
4994	1376	107.10369
4994	780	106.893715
4994	1372	101.661644
4994	1097	100.78317
4994	2529	100.05768
4994	1396	99.13848
4994	2641	96.965256
4994	1206	96.487816
4995	296	173.05249
4995	1265	169.4205
4995	1500	155.24828
4995	1641	153.47487
4995	527	153.25087
4995	3418	151.57193
4995	457	149.85149
4995	2599	148.87135
4995	2762	148.73926
4995	2571	148.1661
4996	608	14.219884
4996	1196	13.011048
4996	50	12.935189
4996	593	12.841173
4996	318	12.811296
4996	2028	12.612177
4996	2858	12.345725
4996	858	12.325071
4996	527	12.175895
4996	260	12.15133
4997	1517	31.796928
4997	1485	31.158703
4997	1923	30.997412
4997	231	30.393698
4997	3253	30.377102
4997	333	30.14101
4997	367	28.611706
4997	1777	28.537659
4997	3255	27.860247
4997	3254	27.484705
4998	1265	58.667637
4998	1197	56.825024
4998	1580	56.228218
4998	2918	55.60377
4998	1196	55.000664
4998	2858	53.603878
4998	1394	53.309322
4998	2791	53.041683
4998	2716	52.713337
4998	1259	52.706955
4999	260	44.76871
4999	1196	44.734997
4999	1	43.815166
4999	1197	43.63996
4999	608	43.50328
4999	457	43.283783
4999	2716	42.348114
4999	2571	42.247173
4999	318	41.56447
4999	593	41.505203
5000	589	271.0515
5000	592	263.94424
5000	2916	263.0389
5000	1	251.06651
5000	1079	245.10762
5000	1222	242.67522
5000	2791	239.64989
5000	2640	238.07173
5000	2985	237.19435
5000	1136	236.90424
5001	39	100.50297
5001	587	94.85406
5001	597	94.82536
5001	1393	93.7424
5001	2081	93.52951
5001	440	92.87153
5001	2291	92.541756
5001	1	92.297356
5001	2100	91.969986
5001	2797	89.981735
5002	1196	162.14786
5002	260	153.25616
5002	1580	151.37822
5002	592	150.53038
5002	1291	150.49878
5002	2000	149.35753
5002	1210	149.10052
5002	2571	145.47115
5002	1200	144.72017
5002	2716	138.51683
5003	1210	38.740406
5003	1240	38.451538
5003	316	38.284958
5003	1374	36.8113
5003	1573	36.228325
5003	1584	36.195724
5003	1200	36.164276
5003	1676	36.1196
5003	457	35.368206
5003	2393	35.170334
5004	1265	25.950302
5004	1079	25.474056
5004	1394	25.311584
5004	608	25.012865
5004	1307	24.783512
5004	1270	24.594715
5004	1136	24.572422
5004	1294	24.495863
5004	2791	23.823793
5004	3361	23.755215
5005	1197	204.6304
5005	1265	203.0848
5005	2000	196.59952
5005	1220	192.20331
5005	1036	189.8134
5005	1073	189.59401
5005	480	188.8987
5005	1259	187.93669
5005	2918	187.73329
5005	1136	186.53287
5006	912	33.111015
5006	919	32.8762
5006	904	32.67358
5006	908	32.614735
5006	903	32.074223
5006	3334	31.778698
5006	2186	31.46937
5006	1267	31.209476
5006	1219	30.69495
5006	858	29.439417
5007	2396	12.348313
5007	1270	11.4572115
5007	1196	11.3859005
5007	1198	11.373102
5007	608	11.255994
5007	318	11.005402
5007	1265	10.969113
5007	1210	10.758193
5007	2858	10.756374
5007	1	10.742008
5008	608	132.22649
5008	1136	122.05248
5008	1213	119.165276
5008	1387	117.63249
5008	2571	117.614555
5008	50	116.85367
5008	1197	116.21762
5008	908	115.72556
5008	2028	114.65048
5008	1294	113.51054
5009	1196	50.34974
5009	1240	46.097027
5009	1210	44.649273
5009	1200	44.30974
5009	589	43.649525
5009	1291	42.878685
5009	1580	42.46896
5009	541	42.413162
5009	1270	42.137196
5009	1374	42.085247
5010	858	37.575714
5010	1208	36.94385
5010	912	36.351795
5010	1247	36.091385
5010	608	35.660587
5010	923	35.422913
5010	1225	35.100918
5010	1221	34.57392
5010	1263	34.175064
5010	1272	33.238503
5011	2628	309.4401
5011	1573	302.47424
5011	2028	300.84558
5011	1391	287.52682
5011	1370	282.9052
5011	2640	282.00546
5011	2406	279.50104
5011	608	274.80545
5011	1220	274.7232
5011	2858	273.39615
5012	858	9.383293
5012	1304	8.765629
5012	1201	8.703542
5012	1294	8.643434
5012	1214	8.2659025
5012	1208	8.105873
5012	260	8.009133
5012	1387	7.943421
5012	1222	7.9325075
5012	1213	7.865695
5013	1221	52.29654
5013	260	51.788868
5013	1198	51.713123
5013	1617	51.5925
5013	1213	51.004986
5013	1214	48.88593
5013	318	48.837765
5013	50	48.58478
5013	2028	48.51161
5013	1208	48.354263
5014	858	97.06164
5014	912	92.22072
5014	1252	91.60713
5014	111	85.074265
5014	1304	83.99489
5014	1208	83.0875
5014	903	81.38972
5014	1193	81.371155
5014	913	81.23035
5014	1267	79.99417
5015	1196	346.8574
5015	919	330.55008
5015	1097	320.17728
5015	2791	317.8619
5015	1221	310.80756
5015	924	305.50925
5015	1230	302.5142
5015	2194	292.92477
5015	593	291.54523
5015	1213	288.34317
5016	1682	55.324017
5016	25	54.145325
5016	1617	54.005413
5016	1094	53.94543
5016	1265	53.37306
5016	50	53.24442
5016	1673	53.005608
5016	2291	51.937897
5016	337	51.226246
5016	2396	51.198742
5017	1240	35.58751
5017	1210	34.03336
5017	1200	33.94157
5017	1036	33.734924
5017	2571	33.72198
5017	1221	33.123917
5017	457	33.119637
5017	1387	33.112125
5017	608	33.05808
5017	1291	32.834904
5018	1294	150.16313
5018	1230	146.258
5018	1136	137.84647
5018	969	137.83127
5018	903	137.05257
5018	1267	135.2954
5018	1617	134.94398
5018	1272	132.82953
5018	1104	131.98575
5018	541	128.59398
5019	541	114.28049
5019	1036	111.68905
5019	1200	111.43489
5019	1210	109.99824
5019	296	109.97562
5019	1197	109.03331
5019	1136	108.87211
5019	1270	108.34598
5019	589	107.956184
5019	1304	107.394035
5020	1376	85.23004
5020	2916	83.38048
5020	480	82.845436
5020	1240	82.37123
5020	1375	81.94626
5020	2571	80.875374
5020	2985	80.50808
5020	589	78.74993
5020	1200	78.325935
5020	780	78.18481
5021	260	112.228035
5021	1196	111.59506
5021	1374	103.19383
5021	1097	97.60776
5021	32	95.22035
5021	1387	93.05298
5021	858	91.60003
5021	1199	91.21948
5021	1376	90.741104
5021	1036	88.86541
5022	1214	33.40418
5022	1240	32.815437
5022	1036	31.372982
5022	1210	31.15323
5022	1291	30.982477
5022	589	30.107092
5022	2571	29.705776
5022	2000	29.273148
5022	1222	29.191765
5022	457	28.583221
5023	1029	42.44757
5023	1022	41.507557
5023	2096	39.909767
5023	912	39.76209
5023	2081	39.71286
5023	364	39.449295
5023	2087	39.330273
5023	1	38.29737
5023	900	37.996056
5023	2987	37.819054
5024	912	47.54389
5024	2300	45.61111
5024	923	45.49742
5024	913	45.180172
5024	1247	44.519814
5024	1294	43.47951
5024	858	42.776993
5024	955	42.182762
5024	1267	42.120903
5024	1136	41.867527
5025	608	88.04513
5025	1252	83.92127
5025	1136	81.6788
5025	260	80.3313
5025	750	79.85417
5025	1208	79.60182
5025	296	79.13051
5025	1230	77.021034
5025	1225	76.97429
5025	908	76.76901
5026	2571	338.29794
5026	592	332.57086
5026	377	324.76694
5026	2797	314.26068
5026	590	306.59378
5026	356	305.82288
5026	2174	302.88687
5026	1370	301.54968
5026	2918	292.5669
5026	21	285.83453
5027	1196	14.652693
5027	2997	14.168521
5027	2396	13.812693
5027	2762	13.631525
5027	296	13.537771
5027	2028	13.493061
5027	1270	13.4012
5027	2599	13.367298
5027	318	13.318532
5027	260	13.313763
5028	1	13.711673
5028	1196	11.717743
5028	3114	11.67329
5028	2987	11.400342
5028	2396	11.3840275
5028	2355	11.282782
5028	1265	11.2572565
5028	34	11.217406
5028	1197	11.1542635
5028	551	11.131507
5029	2028	115.56538
5029	2571	115.45856
5029	1580	113.54006
5029	608	113.421616
5029	1610	113.24413
5029	377	112.80128
5029	593	112.6475
5029	480	111.94546
5029	110	111.028625
5029	733	106.71447
5030	2858	18.844904
5030	2716	18.327572
5030	2699	17.066198
5030	2599	17.024292
5030	785	16.97046
5030	2355	16.504133
5030	2959	16.383755
5030	2502	16.270798
5030	2710	16.263067
5030	2395	15.9651375
5031	1265	55.22813
5031	608	55.169415
5031	2997	50.75036
5031	296	50.543167
5031	318	50.32536
5031	34	50.001385
5031	1617	49.558666
5031	39	49.44514
5031	593	49.207172
5031	1259	48.109577
5032	2716	73.0921
5032	1923	73.070984
5032	593	72.128334
5032	2395	71.78595
5032	1197	71.75234
5032	2321	71.289185
5032	39	71.106575
5032	1617	70.85372
5032	1270	70.67129
5032	2599	69.9398
5033	1307	30.40494
5033	1265	29.013206
5033	2797	28.151543
5033	1230	28.004608
5033	3363	27.299421
5033	1270	27.16184
5033	357	27.158913
5033	1	27.095974
5033	1079	27.055603
5033	1247	27.016247
5034	2916	112.241806
5034	1291	106.98436
5034	1610	105.3444
5034	858	103.75019
5034	1374	101.8377
5034	1617	101.27176
5034	318	100.61577
5034	296	100.19001
5034	1265	99.00559
5034	2987	97.84997
5035	2571	197.80046
5035	2406	192.5199
5035	1265	190.50919
5035	2918	183.43321
5035	2716	183.22182
5035	377	180.70667
5035	1097	179.34244
5035	1259	175.1094
5035	2987	174.08249
5035	1127	171.02374
5036	2716	21.73767
5036	2706	21.358725
5036	2770	20.6957
5036	2605	20.093369
5036	2858	18.920967
5036	1127	18.84109
5036	223	18.695448
5036	2541	18.111433
5036	2694	17.944687
5036	2762	17.83411
5037	1265	66.652245
5037	608	64.42922
5037	593	64.42701
5037	318	63.327328
5037	2997	60.51276
5037	39	60.49494
5037	1704	60.472214
5037	50	59.305046
5037	34	58.561485
5037	1196	58.485847
5038	608	103.43163
5038	1265	96.48822
5038	541	96.28279
5038	1259	96.23205
5038	260	95.35086
5038	593	94.56365
5038	858	92.94885
5038	2918	92.29194
5038	1136	92.17075
5038	1213	92.07876
5039	296	76.79097
5039	457	76.01015
5039	1213	74.865456
5039	904	71.80175
5039	111	70.32254
5039	318	69.633606
5039	541	69.22145
5039	858	68.46943
5039	1179	68.40831
5039	1343	67.59749
5040	1347	67.610634
5040	1982	65.77042
5040	1407	65.00497
5040	1321	64.63051
5040	2003	63.26492
5040	1350	63.16517
5040	1130	62.268818
5040	2288	61.614338
5040	1258	60.57749
5040	2517	59.636726
5041	260	83.41593
5041	1240	83.23647
5041	1210	80.47985
5041	1214	76.58768
5041	2571	76.4627
5041	1580	75.33715
5041	589	74.47332
5041	608	74.28916
5041	2987	74.10543
5041	592	73.490105
5042	608	191.5608
5042	296	188.4129
5042	2716	186.5626
5042	2791	183.04773
5042	2997	177.68636
5042	318	177.66527
5042	593	174.7977
5042	1198	172.63539
5042	1220	170.41734
5042	3361	170.12529
5043	597	18.380247
5043	539	18.184383
5043	339	16.816935
5043	1265	16.526007
5043	1569	16.341095
5043	1393	15.746743
5043	11	15.743169
5043	357	15.678674
5043	440	15.511802
5043	708	15.381132
5044	1079	93.637886
5044	1225	85.676834
5044	3424	81.2503
5044	3210	81.19834
5044	3039	80.18393
5044	2248	80.01883
5044	2000	79.77239
5044	2100	79.646935
5044	1136	79.39555
5044	2406	79.32587
5045	1136	19.117035
5045	1394	19.075264
5045	1079	18.688223
5045	2396	17.915928
5045	1294	17.904814
5045	1	17.716505
5045	1197	17.620726
5045	608	17.593546
5045	1288	17.508139
5045	1278	17.453285
5046	608	358.69766
5046	2028	357.0091
5046	1610	353.82892
5046	377	346.18192
5046	2797	342.99408
5046	1500	327.78543
5046	1089	323.51904
5046	1307	323.25812
5046	733	318.55292
5046	780	312.2783
5047	2396	168.66594
5047	2918	168.12056
5047	1196	165.02933
5047	1197	163.93442
5047	1641	159.6958
5047	2395	159.194
5047	50	157.07695
5047	1198	154.63423
5047	527	153.71135
5047	1923	153.60149
5048	2797	61.225792
5048	1079	60.030357
5048	1270	58.50122
5048	2406	57.929306
5048	2918	57.393753
5048	1196	55.867687
5048	1197	55.176838
5048	1394	55.044865
5048	2000	54.79778
5048	1302	54.49792
5049	1270	132.3978
5049	858	132.27676
5049	318	130.96504
5049	1079	129.53513
5049	1213	128.84488
5049	2028	127.95937
5049	1214	122.26515
5049	924	119.997345
5049	1200	119.356705
5049	2797	119.16905
5050	1265	62.152668
5050	39	59.976166
5050	597	57.0716
5050	2671	54.862606
5050	1569	54.67388
5050	1784	54.403748
5050	2291	53.894222
5050	3255	53.65062
5050	1	53.549904
5050	339	53.079254
5051	318	13.669825
5051	296	13.659972
5051	593	12.992052
5051	2396	12.610457
5051	608	12.522022
5051	1704	12.480473
5051	2908	12.0887375
5051	50	12.074752
5051	47	12.069312
5051	1213	11.957917
5052	1196	13.545607
5052	260	12.840903
5052	1240	12.281384
5052	2571	12.025858
5052	589	11.96406
5052	1270	11.943244
5052	1210	11.920049
5052	1291	11.801411
5052	1200	11.749251
5052	1197	11.544659
5053	1356	130.95392
5053	1676	127.33709
5053	2105	119.26325
5053	1036	118.82425
5053	110	117.44096
5053	592	117.36495
5053	2028	117.31974
5053	1610	116.94096
5053	329	116.71262
5053	1391	114.060745
5054	1225	278.72736
5054	919	271.05554
5054	1221	259.3958
5054	1208	258.26346
5054	39	255.04959
5054	2804	254.85477
5054	1230	253.46378
5054	110	246.8685
5054	1234	242.5474
5054	3363	242.2537
5055	1252	24.120094
5055	1617	23.788218
5055	608	23.70815
5055	912	23.163544
5055	919	23.02383
5055	858	22.879808
5055	260	22.43313
5055	1198	22.3675
5055	1196	22.280602
5055	541	22.138159
5056	1240	161.48299
5056	1198	152.29668
5056	589	152.03119
5056	480	150.17981
5056	1097	150.05429
5056	2985	146.54362
5056	1	145.05383
5056	1278	144.38799
5056	2797	142.71147
5056	1220	141.7271
5057	593	42.37186
5057	2858	41.546074
5057	1213	41.236946
5057	50	39.98594
5057	2028	38.50605
5057	2997	38.3542
5057	1196	37.601444
5057	2289	35.72272
5057	25	35.635616
5057	457	35.457535
5058	908	26.175098
5058	1267	25.373055
5058	3334	24.87361
5058	1219	24.84957
5058	2186	24.651691
5058	930	24.623934
5058	912	24.543556
5058	923	23.89229
5058	922	23.84476
5058	910	23.441053
5059	457	85.364746
5059	1610	82.16538
5059	480	81.6426
5059	2028	79.54282
5059	50	78.544846
5059	1240	78.5387
5059	1580	76.47364
5059	110	76.25821
5059	1196	75.761055
5059	1036	75.75256
5060	1196	48.515526
5060	1270	47.294083
5060	2797	46.147778
5060	2406	45.7119
5060	1136	45.549282
5060	2174	45.51995
5060	919	45.406628
5060	1079	44.99433
5060	2987	44.31591
5060	1210	44.23892
5061	2918	119.35861
5061	1197	117.032906
5061	1580	116.52972
5061	440	114.8951
5061	1500	114.88668
5061	588	114.01174
5061	356	112.76088
5061	1079	110.73675
5061	2716	110.72448
5061	1784	109.93409
5062	296	9.461909
5062	608	9.406428
5062	2858	9.353532
5062	2997	9.157043
5062	1196	9.120179
5062	2571	9.109722
5062	318	8.943743
5062	593	8.877279
5062	1617	8.876747
5062	260	8.863968
5063	1196	59.846706
5063	1198	57.922634
5063	1028	57.81041
5063	260	57.740047
5063	2716	55.677505
5063	1	55.47681
5063	2797	53.442177
5063	1307	53.305275
5063	594	52.87679
5063	595	52.333717
5064	296	83.90656
5064	593	76.70202
5064	2858	76.05602
5064	1617	75.071075
5064	1358	67.55957
5064	1225	67.167244
5064	1089	67.026665
5064	1198	66.92292
5064	1247	65.35573
5064	1265	65.302635
5065	1198	174.16249
5065	2000	162.28546
5065	1291	160.96423
5065	592	158.59329
5065	1220	157.79045
5065	1394	157.58932
5065	2987	157.46078
5065	2406	156.92105
5065	2791	154.66582
5065	858	152.13171
5066	608	22.269306
5066	1196	21.87858
5066	858	21.569027
5066	527	21.071224
5066	593	21.01369
5066	260	20.751106
5066	296	20.321846
5066	1198	20.31033
5066	1617	20.155016
5066	2028	20.14637
5067	919	22.906954
5067	912	21.990234
5067	923	21.46729
5067	608	21.432354
5067	858	21.300135
5067	750	20.800684
5067	904	20.744831
5067	527	20.604822
5067	908	20.314644
5067	1196	20.208025
5068	1962	36.24946
5068	2352	35.03063
5068	1293	34.769615
5068	1185	34.31809
5068	2020	33.889767
5068	1302	33.75982
5068	1956	33.753517
5068	858	33.507595
5068	1394	33.358
5068	1079	33.25461
5069	1252	21.076246
5069	913	18.818335
5069	930	17.437925
5069	923	17.090174
5069	608	16.975985
5069	904	16.897907
5069	908	16.73257
5069	3334	16.610256
5069	1260	16.438066
5069	858	16.43161
5070	2028	260.2485
5070	858	247.42934
5070	2987	245.23534
5070	1214	242.90733
5070	1291	242.00862
5070	1500	239.7324
5070	34	238.8657
5070	2762	235.14926
5070	2804	232.50165
5070	1374	230.40414
5071	1240	66.90275
5071	1580	66.822205
5071	1036	65.75901
5071	1291	65.742424
5071	2916	65.27778
5071	1610	63.487366
5071	2000	62.92355
5071	1200	62.714806
5071	110	61.720135
5071	1214	60.497906
5072	2571	59.214622
5072	1200	58.564606
5072	480	57.866615
5072	2985	57.03333
5072	1375	56.562126
5072	2640	56.422962
5072	1372	56.049435
5072	329	55.20047
5072	316	55.19512
5072	2105	55.135864
5073	1196	21.243639
5073	1097	19.510845
5073	1240	19.425047
5073	1200	19.151024
5073	541	18.9393
5073	1198	18.927036
5073	1214	18.704952
5073	1197	18.607704
5073	1270	18.548975
5073	589	18.445673
5074	2174	313.27957
5074	110	307.4293
5074	2804	304.8001
5074	2987	301.5911
5074	1358	297.50107
5074	1094	296.845
5074	1968	286.4787
5074	2406	283.66312
5074	590	281.31323
5074	2064	280.8916
5075	1196	49.612587
5075	750	47.194153
5075	2529	44.5914
5075	2968	43.170433
5075	2985	42.72135
5075	1374	42.27612
5075	2916	41.6252
5075	1210	41.50537
5075	32	41.387325
5075	858	39.98273
5076	608	67.3921
5076	296	65.83317
5076	1	65.51832
5076	1500	64.39394
5076	1617	63.495735
5076	1641	63.454845
5076	21	62.985622
5076	593	62.761044
5076	50	62.318546
5076	1923	62.1621
5077	111	185.787
5077	1196	184.79672
5077	541	180.28125
5077	1221	176.68558
5077	1136	175.88243
5077	318	171.4631
5077	924	169.96083
5077	1270	168.20462
5077	912	166.66399
5077	904	165.90921
5078	1376	60.896557
5078	2916	59.08953
5078	1200	59.07822
5078	2571	58.380585
5078	1214	57.779297
5078	2985	57.651722
5078	589	57.47524
5078	541	55.622734
5078	780	54.734413
5078	2105	53.949547
5079	608	39.175434
5079	318	38.146038
5079	296	37.573536
5079	1196	36.77111
5079	2028	36.582905
5079	527	36.132313
5079	50	35.314903
5079	1213	34.87555
5079	260	34.441784
5079	1198	34.02539
5080	2858	32.69223
5080	1580	31.351938
5080	1	30.5601
5080	1265	30.308355
5080	1196	30.22197
5080	296	30.197891
5080	593	30.141794
5080	608	29.941862
5080	1270	29.83277
5080	2396	29.817251
5081	440	55.167076
5081	357	54.869747
5081	2321	54.59084
5081	597	54.346325
5081	539	53.594067
5081	1777	52.213123
5081	11	52.10821
5081	2671	51.96811
5081	480	51.645206
5081	1923	51.592743
5082	1252	120.39652
5082	912	117.78142
5082	858	112.790184
5082	111	112.48562
5082	908	112.10922
5082	750	111.73875
5082	1244	110.37705
5082	2289	109.75967
5082	910	109.03446
5082	1084	108.34278
5083	608	161.263
5083	589	155.23622
5083	1265	152.74245
5083	480	152.5214
5083	380	151.91649
5083	2916	151.57674
5083	47	151.5159
5083	1682	148.52412
5083	527	147.6776
5083	1580	146.75119
5084	367	117.962585
5084	3255	115.5208
5084	3253	114.618935
5084	356	113.91655
5084	1923	113.36317
5084	368	112.50101
5084	588	110.28225
5084	2916	108.268776
5084	1917	108.25538
5084	589	107.536545
5085	1208	129.8765
5085	1225	129.8583
5085	1084	129.68047
5085	527	125.85833
5085	908	123.41732
5085	1617	123.23273
5085	1953	122.67519
5085	111	122.522545
5085	1207	120.55933
5085	318	119.788246
5086	1213	119.42117
5086	296	118.56751
5086	1247	114.499626
5086	1394	112.33962
5086	1252	111.77078
5086	1294	109.745224
5086	1208	109.686714
5086	1214	109.533646
5086	750	109.46251
5086	1197	108.08991
5087	1240	149.6935
5087	2858	147.05214
5087	2797	144.1377
5087	2571	141.34288
5087	1214	138.92526
5087	1220	138.5223
5087	1580	137.99866
5087	480	137.44984
5087	1127	134.64752
5087	296	134.13817
5088	1240	35.238365
5088	541	33.5942
5088	1210	32.01091
5088	2916	30.986206
5088	1374	30.44362
5088	1198	30.24499
5088	1580	30.042843
5088	480	29.890167
5088	2985	29.221249
5088	1097	29.188604
5089	1136	23.577545
5089	1230	22.568459
5089	1394	22.304491
5089	1278	22.206018
5089	1234	22.124378
5089	1079	21.994339
5089	919	21.73561
5089	1265	21.705442
5089	608	21.507349
5089	912	21.504759
5090	1097	267.8738
5090	1197	263.59705
5090	1220	250.44966
5090	2716	246.64658
5090	1387	246.56796
5090	1294	238.45258
5090	1265	236.66231
5090	2194	235.07031
5090	1288	234.10764
5090	3361	228.72362
5091	296	218.04655
5091	1197	217.88777
5091	2571	217.26843
5091	1580	217.13411
5091	480	215.87671
5091	110	210.9791
5091	2916	209.94194
5091	1	208.93932
5091	2797	206.16273
5091	1291	205.12923
5092	595	44.68877
5092	2396	42.28037
5092	1022	41.327618
5092	527	41.178963
5092	318	41.1414
5092	588	40.86509
5092	1265	40.766907
5092	608	40.501144
5092	1197	39.99621
5092	912	39.895107
5093	318	36.637577
5093	608	35.830936
5093	296	34.9641
5093	593	34.69922
5093	2028	33.98223
5093	2858	32.76593
5093	1617	32.52231
5093	1213	32.06034
5093	1265	31.883204
5093	2396	31.272655
5094	1240	64.08801
5094	1036	63.471035
5094	1196	63.074688
5094	480	60.687164
5094	260	60.43408
5094	1198	60.2776
5094	1580	59.048283
5094	1291	58.650024
5094	2028	58.490017
5094	1210	58.47476
5095	1252	26.504572
5095	912	25.387846
5095	1247	24.228884
5095	904	23.54461
5095	1230	23.358784
5095	858	23.117685
5095	608	23.06818
5095	1267	23.046862
5095	1945	22.948498
5095	913	22.513968
5096	2000	129.88353
5096	2797	125.22397
5096	2174	122.61312
5096	2406	122.444466
5096	1220	121.4591
5096	3039	121.11285
5096	1394	120.95966
5096	1197	120.598694
5096	1663	116.81736
5096	592	115.26757
5097	2599	66.6481
5097	608	65.18273
5097	1617	60.50007
5097	593	60.229416
5097	1265	59.350487
5097	296	59.238457
5097	858	59.174507
5097	527	58.73284
5097	1230	58.626797
5097	318	58.418694
5098	919	66.86518
5098	912	64.403244
5098	1304	63.307148
5098	1294	63.16726
5098	3363	60.278236
5098	924	59.081043
5098	594	58.84453
5098	920	58.755287
5098	913	58.28012
5098	3334	57.905384
5099	480	126.551956
5099	2916	125.21072
5099	377	122.20013
5099	733	121.472946
5099	1610	118.52813
5099	1210	117.36426
5099	110	117.30296
5099	1270	117.01068
5099	1197	115.06438
5099	1527	112.95757
5100	1079	402.1888
5100	2000	376.26074
5100	1288	374.5539
5100	2858	372.13132
5100	1036	371.3048
5100	923	370.28314
5100	1193	368.2904
5100	2100	351.16635
5100	910	345.18832
5100	1222	344.98877
5101	318	3.1201262
5101	2028	3.0747201
5101	593	3.0435336
5101	608	2.9869137
5101	1213	2.903123
5101	296	2.8792346
5101	858	2.7347672
5101	1704	2.6764894
5101	1617	2.6592157
5101	2858	2.6574783
5102	1210	135.86829
5102	1197	133.88942
5102	2716	130.82951
5102	589	127.98125
5102	1220	127.63313
5102	2406	126.23538
5102	2797	126.070335
5102	457	125.58935
5102	2194	124.50387
5102	2174	124.24063
5103	2916	250.43832
5103	780	241.15346
5103	589	238.19815
5103	480	235.58101
5103	1573	231.06665
5103	1370	226.56885
5103	1240	223.25655
5103	1196	222.5019
5103	1210	212.60837
5103	349	211.50604
5104	2571	41.875935
5104	608	41.252533
5104	593	40.458126
5104	1210	40.068165
5104	589	39.91455
5104	296	39.34407
5104	318	39.265015
5104	1240	38.586067
5104	1617	38.536983
5104	480	38.412445
5105	1196	32.78728
5105	608	31.106594
5105	260	30.926348
5105	1270	30.57801
5105	318	30.016989
5105	593	29.741903
5105	1198	29.446592
5105	589	29.278585
5105	1210	29.025759
5105	527	28.925991
5106	1580	54.98388
5106	377	49.709106
5106	2571	49.523407
5106	2396	49.48927
5106	2081	49.27428
5106	380	49.234486
5106	2321	48.77021
5106	589	48.442444
5106	2294	47.804173
5106	1270	47.477577
5107	2174	245.02058
5107	2000	240.7875
5107	2918	236.66438
5107	608	234.19359
5107	457	228.8516
5107	1617	225.70096
5107	1374	222.27007
5107	296	221.80508
5107	32	218.33737
5107	3108	216.99406
5108	1265	167.20183
5108	2858	156.39937
5108	2396	154.3112
5108	39	153.52643
5108	3361	152.142
5108	2918	152.08484
5108	1213	149.78075
5108	527	149.46368
5108	1500	147.63295
5108	1617	146.63202
5109	1196	94.25878
5109	1	84.2779
5109	1220	82.89747
5109	1265	82.46797
5109	1240	82.23048
5109	1214	81.16752
5109	858	81.11042
5109	1580	80.8645
5109	2797	80.8586
5109	2987	80.65788
5110	858	23.42957
5110	2028	22.920181
5110	1240	22.874414
5110	608	22.81308
5110	318	22.141909
5110	1214	22.088755
5110	2571	21.882336
5110	1270	21.786354
5110	589	21.565704
5110	1200	21.535858
5111	608	274.169
5111	1394	246.91957
5111	1247	241.87183
5111	39	241.56061
5111	34	238.2454
5111	1704	237.6749
5111	2797	234.32487
5111	3361	233.04839
5111	858	229.25032
5111	2321	225.66907
5112	1240	121.745926
5112	608	116.648766
5112	750	113.16103
5112	858	112.58522
5112	1198	112.04843
5112	593	109.256935
5112	1580	108.82978
5112	1219	106.691765
5112	1197	105.43504
5112	50	104.750854
5113	1198	167.84874
5113	2987	157.22746
5113	593	157.17459
5113	919	156.97173
5113	2858	155.89372
5113	1136	154.16081
5113	527	150.82957
5113	1294	150.64536
5113	1259	148.753
5113	2028	148.01886
5114	1196	105.83212
5114	1580	104.52189
5114	2987	102.03935
5114	2078	100.332535
5114	2174	97.86192
5114	919	95.87047
5114	2797	95.530174
5114	2355	94.23495
5114	1291	93.57479
5114	1240	92.73953
5115	608	25.95115
5115	593	25.039162
5115	318	24.874321
5115	296	24.825058
5115	2028	24.204756
5115	1617	23.941662
5115	527	23.8853
5115	2571	23.805843
5115	1704	23.22986
5115	589	22.781286
5116	608	14.221319
5116	296	13.227337
5116	2599	12.991253
5116	2396	12.865465
5116	527	12.844841
5116	2762	12.503122
5116	318	12.262602
5116	1704	12.239271
5116	3418	12.107794
5116	593	12.09673
5117	2706	12.492561
5117	2716	11.785964
5117	223	11.581603
5117	2762	11.323648
5117	2571	11.302906
5117	2599	11.036129
5117	2355	11.002149
5117	1127	10.817825
5117	2396	10.817772
5117	1196	10.801612
5118	1610	85.466606
5118	1370	84.70313
5118	2916	82.938095
5118	1580	82.92684
5118	380	82.71108
5118	2571	82.5687
5118	1608	81.17178
5118	2028	76.31519
5118	1597	73.14464
5118	1036	73.119736
5119	1265	17.658447
5119	1079	16.417095
5119	1394	16.350315
5119	608	15.98774
5119	2396	15.564486
5119	1617	15.509892
5119	2599	15.42971
5119	296	15.380436
5119	3421	15.300762
5119	1270	15.273527
5120	1196	113.665726
5120	260	110.02915
5120	1198	108.04813
5120	1036	104.91145
5120	2916	104.17588
5120	2571	103.822586
5120	1210	103.48436
5120	480	101.658195
5120	1580	99.82955
5120	1387	99.369
5121	39	100.487564
5121	356	97.33426
5121	2302	95.16864
5121	380	94.25068
5121	1641	93.80061
5121	2571	91.188614
5121	1732	90.452705
5121	296	90.420525
5121	2918	88.46555
5121	457	88.283226
5122	2997	17.317566
5122	318	16.331343
5122	2959	16.265512
5122	1	16.01358
5122	608	15.995856
5122	2396	15.849644
5122	593	15.751795
5122	296	15.645884
5122	2571	15.476542
5122	2716	15.349888
5123	2858	27.329899
5123	457	26.94554
5123	1036	26.786386
5123	2571	26.012823
5123	589	25.968918
5123	480	25.949295
5123	1580	25.94023
5123	110	25.621712
5123	1196	25.571913
5123	593	25.52974
5124	2289	119.4249
5124	318	119.04093
5124	593	118.38101
5124	912	117.38136
5124	1252	112.4138
5124	919	110.85322
5124	1247	109.01401
5124	1	108.97518
5124	1230	107.86889
5124	858	104.78211
5125	923	21.760885
5125	913	19.684566
5125	1230	19.265379
5125	910	19.174797
5125	904	18.972546
5125	1247	18.78637
5125	903	18.43136
5125	858	18.285349
5125	1212	18.16157
5125	919	18.1521
5126	1265	122.700775
5126	2858	108.72168
5126	318	108.146675
5126	2174	107.36945
5126	1641	104.35058
5126	1213	102.06357
5126	2000	101.160706
5126	2028	100.801125
5126	1617	100.74589
5126	3039	100.294334
5127	1210	43.342136
5127	480	41.4798
5127	1270	41.231632
5127	2985	41.13329
5127	32	38.897194
5127	2640	38.52443
5127	1097	38.502518
5127	2529	38.163586
5127	1527	38.153366
5127	1356	38.017464
5128	1196	85.48118
5128	1198	83.23545
5128	260	82.423874
5128	1214	77.03444
5128	608	75.807434
5128	1200	75.26844
5128	1387	74.32693
5128	1610	74.04184
5128	1197	73.63031
5128	592	71.73316
5129	1200	75.832794
5129	1580	72.818634
5129	480	70.819084
5129	2916	70.15589
5129	1198	69.22405
5129	1374	68.695404
5129	1197	65.26264
5129	2011	65.03698
5129	2640	64.76432
5129	2985	63.921154
5130	1196	24.513777
5130	608	24.155725
5130	260	23.292414
5130	858	22.924923
5130	593	22.764292
5130	1617	22.49128
5130	296	22.237392
5130	919	21.510782
5130	541	21.349157
5130	1213	21.175722
5131	1610	185.35268
5131	648	182.26808
5131	2006	176.24481
5131	2268	175.38611
5131	1569	173.83069
5131	3253	173.00233
5131	1197	172.88776
5131	2353	172.09644
5131	590	171.86818
5131	1196	171.33678
5132	1196	40.79569
5132	1221	40.24562
5132	1617	39.805244
5132	1213	38.831608
5132	527	38.63548
5132	318	38.549843
5132	919	38.481567
5132	111	38.37258
5132	593	38.35127
5132	1247	38.31979
5133	2997	27.048132
5133	296	26.0031
5133	608	25.579643
5133	318	24.617268
5133	1213	24.594776
5133	2599	24.567604
5133	2028	24.423925
5133	1580	24.416721
5133	2396	24.282742
5133	1617	24.240368
5134	608	78.0002
5134	50	70.88605
5134	1196	69.428505
5134	1265	68.760605
5134	1198	66.63418
5134	110	65.01355
5134	2571	64.30695
5134	858	64.24868
5134	1358	63.86153
5134	260	63.142338
5135	2918	54.91847
5135	2797	54.53734
5135	2174	53.61184
5135	1196	53.294086
5135	1079	52.671726
5135	2716	52.14921
5135	1259	51.38549
5135	2000	50.855316
5135	1198	50.303257
5135	1580	49.79944
5136	457	129.60013
5136	296	129.30745
5136	377	124.91251
5136	2028	124.56309
5136	593	123.25068
5136	2268	121.69914
5136	39	121.57575
5136	1500	120.58037
5136	2858	120.2781
5136	110	120.05671
5137	1580	54.819595
5137	2571	54.78429
5137	2916	52.801098
5137	2003	52.71935
5137	480	52.5762
5137	589	52.297634
5137	1645	51.365685
5137	380	50.690754
5137	780	50.64512
5137	353	50.25763
5138	1196	113.239105
5138	1198	108.44029
5138	1580	103.588425
5138	2571	103.11319
5138	2028	102.86884
5138	457	102.54104
5138	1265	101.30951
5138	1036	101.153786
5138	2000	100.647354
5138	1200	97.54428
5139	2797	67.514046
5139	1079	66.96148
5139	608	66.15333
5139	3361	66.08334
5139	1270	65.40739
5139	1225	65.241844
5139	2918	64.7762
5139	2000	64.54172
5139	318	64.21582
5139	1196	64.02464
5140	2571	213.90651
5140	2000	204.72662
5140	608	197.60693
5140	296	194.31317
5140	1220	191.87396
5140	733	190.55484
5140	2194	188.31615
5140	2396	186.62494
5140	2174	186.26273
5140	3418	186.22778
5141	260	48.529636
5141	480	46.48013
5141	1210	46.06739
5141	1374	45.074165
5141	541	43.328175
5141	780	42.53702
5141	1356	42.452095
5141	1127	42.09878
5141	1036	41.432816
5141	2640	41.113186
5142	2918	152.26167
5142	2716	150.50891
5142	2100	149.15845
5142	592	147.3401
5142	260	144.25237
5142	2987	141.07324
5142	1097	138.67451
5142	1394	138.15898
5142	1265	137.26328
5142	2640	135.94101
5143	2997	90.29396
5143	110	86.44502
5143	1617	86.22689
5143	457	85.46672
5143	2716	85.34505
5143	2599	85.2416
5143	1500	84.57767
5143	2395	84.31809
5143	480	83.65138
5143	1196	83.62397
5144	1196	7.901496
5144	260	7.422847
5144	1291	7.208236
5144	1210	7.1255217
5144	480	7.110402
5144	2571	7.1037807
5144	1	7.0406303
5144	1240	7.036124
5144	1580	7.013195
5144	1197	7.0086603
5145	296	14.475017
5145	593	14.350835
5145	608	14.179667
5145	2571	14.012139
5145	50	13.951175
5145	2028	13.805067
5145	2396	13.749001
5145	1617	13.737702
5145	318	13.540081
5145	2599	13.477821
5146	3176	8.460676
5146	608	7.6340013
5146	2858	7.532029
5146	2997	7.504665
5146	318	7.102791
5146	1617	7.0326257
5146	2289	7.022429
5146	593	6.8866057
5146	1682	6.821451
5146	296	6.792264
5147	457	19.428646
5147	377	19.27193
5147	1370	18.973919
5147	1610	18.399426
5147	2916	18.301395
5147	6	18.187138
5147	474	18.158325
5147	2278	17.539902
5147	349	17.441206
5147	733	17.239708
5148	296	84.232666
5148	318	83.68902
5148	1265	77.07149
5148	1617	73.90094
5148	2396	71.912766
5148	2762	71.45843
5148	39	71.44254
5148	1673	71.40342
5148	50	71.27911
5148	2291	70.66586
5149	2858	20.138609
5149	858	19.268549
5149	1196	19.133327
5149	608	18.883492
5149	1617	18.324373
5149	1265	18.061092
5149	2396	18.056341
5149	296	18.042885
5149	260	18.027044
5149	593	17.903776
5150	260	19.823936
5150	1197	19.777946
5150	1198	19.643345
5150	2028	19.558638
5150	296	19.531807
5150	2571	19.465199
5150	593	19.204432
5150	608	19.146603
5150	1617	18.723
5150	457	18.665894
5151	1196	64.17897
5151	1580	61.717285
5151	2571	61.43971
5151	1210	60.27028
5151	1198	58.974453
5151	2987	58.667606
5151	480	58.658367
5151	1197	58.338154
5151	1214	58.307682
5151	1240	58.100304
5152	1196	9.1802845
5152	260	8.985347
5152	1036	8.935846
5152	1197	8.709334
5152	1270	8.707762
5152	919	8.610739
5152	1198	8.578346
5152	2791	8.377962
5152	1214	8.342541
5152	3421	8.257664
5153	1270	200.04362
5153	1265	197.56427
5153	1307	194.25826
5153	3361	192.038
5153	1663	182.04074
5153	1197	181.89035
5153	1	178.14525
5153	1288	174.92369
5153	1198	172.74542
5153	1285	168.22287
5154	1196	26.332039
5154	2571	25.891376
5154	260	24.917805
5154	480	24.261335
5154	2028	24.180973
5154	1580	24.111328
5154	2916	23.523264
5154	608	23.378939
5154	593	23.368734
5154	1240	23.355215
5155	2916	15.177392
5155	1196	15.1287155
5155	1240	14.776762
5155	1580	14.660187
5155	1610	14.646054
5155	260	14.494305
5155	1198	14.006715
5155	608	13.996008
5155	593	13.937168
5155	1200	13.930511
5156	608	217.90398
5156	296	211.8328
5156	593	200.70093
5156	318	200.41977
5156	858	198.18875
5156	1259	196.70349
5156	50	193.10568
5156	1079	192.8388
5156	457	186.40613
5156	2571	186.00737
5157	541	66.19471
5157	912	64.35051
5157	858	61.63202
5157	1617	61.419106
5157	923	60.310238
5157	1294	59.84343
5157	1136	59.746105
5157	1214	59.731773
5157	1267	59.30709
5157	1247	59.110096
5158	1198	124.41014
5158	1265	119.69084
5158	296	116.405075
5158	1213	112.88622
5158	2571	112.76871
5158	589	112.40191
5158	2987	111.7049
5158	1097	111.53243
5158	1225	111.2483
5158	457	110.862885
5159	1196	5.894097
5159	480	5.6298676
5159	1198	5.458237
5159	1214	5.271556
5159	1197	5.2613945
5159	1270	5.2408643
5159	589	5.226799
5159	1580	5.21954
5159	1210	5.1384993
5159	110	5.015396
5160	1213	24.684282
5160	527	24.448044
5160	1617	23.782267
5160	50	23.439636
5160	2028	23.166344
5160	1265	22.914673
5160	858	22.551277
5160	1704	22.499569
5160	2396	22.40141
5160	1196	22.358818
5161	1198	182.77507
5161	1036	170.2357
5161	1580	169.76468
5161	457	163.3789
5161	50	161.89384
5161	1079	159.3425
5161	1387	158.51128
5161	1136	157.68379
5161	2985	156.50417
5161	1089	154.22914
5162	380	30.151327
5162	1573	29.926094
5162	780	29.39021
5162	2028	29.267399
5162	110	29.179098
5162	2353	29.166286
5162	1036	28.679192
5162	1240	28.633358
5162	648	28.478657
5162	1196	28.058067
5163	2174	229.5223
5163	1580	227.45343
5163	1079	218.96996
5163	1394	210.16759
5163	1641	208.93387
5163	1784	208.87321
5163	1196	207.65616
5163	1517	206.54735
5163	3361	206.16232
5163	1923	205.93077
5164	608	61.456223
5164	858	54.37867
5164	1265	53.551414
5164	296	53.32473
5164	1213	52.47982
5164	1247	50.815655
5164	919	50.48095
5164	50	50.105194
5164	1136	49.897366
5164	1252	49.7706
5165	608	78.34626
5165	1247	71.239494
5165	750	69.009705
5165	1213	67.88667
5165	1252	67.84437
5165	1225	67.66945
5165	908	67.26541
5165	1617	66.559784
5165	296	65.85777
5165	260	65.79923
5166	608	71.76989
5166	858	71.038734
5166	296	66.56682
5166	1213	65.88928
5166	1617	65.82305
5166	1221	64.8209
5166	318	63.36258
5166	1247	63.161217
5166	1208	63.056118
5166	1196	62.70986
5167	1580	113.065834
5167	1198	109.5419
5167	2985	108.17202
5167	1197	101.83859
5167	2640	101.54126
5167	2968	101.326096
5167	2028	99.23878
5167	1584	98.83012
5167	2987	96.90256
5167	457	96.789
5168	1265	20.964136
5168	1580	20.23631
5168	2858	19.45877
5168	2571	18.994286
5168	2028	18.798061
5168	356	18.797241
5168	589	18.771547
5168	318	18.736633
5168	2321	18.638655
5168	2396	18.529926
5169	1580	88.37484
5169	377	87.59044
5169	1617	85.52593
5169	1240	84.55686
5169	1036	84.452065
5169	1198	83.5973
5169	1213	83.55577
5169	21	81.8822
5169	1265	81.3399
5169	260	80.90101
5170	1196	55.32578
5170	593	52.195618
5170	1213	51.081665
5170	858	50.57926
5170	541	50.175545
5170	318	49.84537
5170	527	49.36611
5170	2997	48.51659
5170	2028	48.295628
5170	589	47.86204
5171	1374	15.966574
5171	1210	15.930113
5171	1270	15.293163
5171	1580	15.154805
5171	1376	15.009722
5171	1240	14.993682
5171	2571	14.959956
5171	2916	14.541908
5171	1200	14.490176
5171	480	14.444188
5172	1265	216.2888
5172	527	193.26756
5172	1259	187.06563
5172	2321	186.62407
5172	1079	186.31311
5172	1136	184.57184
5172	2028	182.33858
5172	2797	180.19154
5172	2291	180.10262
5172	2918	179.71895
5173	480	99.1119
5173	377	98.29778
5173	2353	92.89246
5173	316	91.82825
5173	349	88.361664
5173	1722	86.65614
5173	3256	86.435265
5173	2006	86.149605
5173	736	85.57655
5173	1356	85.41143
5174	2858	9.025445
5174	608	8.61072
5174	1252	8.133898
5174	1230	7.983572
5174	2599	7.946992
5174	2908	7.9198
5174	2395	7.477605
5174	2289	7.433047
5174	2912	7.151531
5174	923	6.983239
5175	1196	20.470545
5175	2571	20.469645
5175	2028	20.158962
5175	608	20.073065
5175	296	19.756744
5175	1265	19.755959
5175	318	19.735828
5175	589	19.591465
5175	2396	19.57956
5175	2716	19.482817
5176	1580	24.228228
5176	2571	22.830029
5176	1265	22.731874
5176	480	22.604197
5176	589	22.150059
5176	2716	21.811077
5176	2858	21.72608
5176	1270	21.709343
5176	1196	21.679893
5176	380	21.677984
5177	2916	87.29873
5177	1527	77.4622
5177	110	76.60912
5177	1036	76.58595
5177	1240	73.756935
5177	2628	73.736084
5177	1917	73.69925
5177	1291	73.54279
5177	736	73.30726
5177	1196	73.23171
5178	2858	141.70389
5178	2797	138.38895
5178	2997	137.59961
5178	1196	132.32318
5178	608	130.25061
5178	858	126.76437
5178	260	126.04284
5178	1198	125.627846
5178	1617	125.16676
5178	1580	123.51531
5179	593	25.50629
5179	318	25.29876
5179	50	25.246655
5179	527	23.908688
5179	858	23.623144
5179	2028	23.387613
5179	1196	23.319248
5179	2997	22.56616
5179	260	22.260143
5179	2396	22.203201
5180	1252	85.91465
5180	1219	80.09513
5180	750	78.12454
5180	1084	76.36078
5180	1294	75.063225
5180	924	74.87909
5180	1250	74.36921
5180	541	73.69093
5180	1208	73.54986
5180	1225	72.95045
5181	2858	32.594997
5181	2355	31.724976
5181	2762	30.48406
5181	223	29.512852
5181	2599	29.403957
5181	2997	28.90717
5181	2987	28.025824
5181	2571	28.02173
5181	2699	27.943644
5181	2028	27.801079
5182	1580	118.36035
5182	1265	112.43117
5182	1196	111.4419
5182	1	111.3898
5182	480	109.3013
5182	2716	108.94059
5182	2124	108.36546
5182	2918	107.872925
5182	1377	106.69182
5182	2000	106.61951
5183	1580	70.14299
5183	589	69.31708
5183	2916	68.6621
5183	2028	68.068184
5183	480	68.058334
5183	377	67.50155
5183	1610	66.43565
5183	1196	65.429306
5183	110	65.24057
5183	733	64.889275
5184	1213	164.25485
5184	318	152.19966
5184	1704	145.81691
5184	1500	144.46033
5184	2890	142.45393
5184	1641	136.52571
5184	1094	136.32233
5184	39	134.66612
5184	3418	131.90627
5184	2321	131.7348
5185	1196	92.55817
5185	1198	87.715866
5185	1	87.08491
5185	260	86.909874
5185	1210	86.81662
5185	1580	86.46167
5185	1200	84.717926
5185	2028	84.705696
5185	608	84.482735
5185	480	84.36149
5186	1196	64.11901
5186	1200	58.318287
5186	1214	57.825478
5186	1580	57.755943
5186	1097	56.180103
5186	32	55.561886
5186	1198	54.988213
5186	2985	53.735256
5186	1376	52.137623
5186	1584	51.38079
5187	2571	84.77355
5187	1270	82.58121
5187	1197	79.68463
5187	1617	78.88455
5187	1580	78.25896
5187	2028	77.70528
5187	2916	77.44995
5187	296	77.00132
5187	480	76.792595
5187	593	75.81951
5188	1196	49.097614
5188	1210	46.62288
5188	260	46.323586
5188	592	44.90169
5188	1580	44.35711
5188	1198	43.908764
5188	1240	43.31615
5188	1291	43.04278
5188	2797	42.778538
5188	480	42.696968
5189	1196	29.43713
5189	541	29.107548
5189	1214	27.829557
5189	1270	27.754053
5189	608	26.037205
5189	750	25.872055
5189	1210	25.365097
5189	1617	25.20154
5189	32	25.118536
5189	1198	24.95845
5190	1196	34.051212
5190	364	33.671124
5190	2081	32.244305
5190	1198	32.212715
5190	1197	32.19846
5190	2080	32.106167
5190	2987	31.525225
5190	1580	31.501625
5190	480	30.92445
5190	1022	30.585514
5191	2028	28.530281
5191	318	28.262161
5191	589	27.631351
5191	296	27.34934
5191	1196	27.228317
5191	110	26.837523
5191	1610	26.085833
5191	1265	25.764942
5191	2762	25.69686
5191	2858	25.674334
5192	1580	14.2664795
5192	2571	14.174672
5192	2858	13.984262
5192	1196	13.943614
5192	589	13.763837
5192	2396	13.614246
5192	1	13.567638
5192	260	13.358211
5192	1197	13.287654
5192	1210	13.173602
5193	2571	130.22696
5193	1270	124.75216
5193	1210	123.27435
5193	1197	121.66506
5193	1617	117.780045
5193	593	117.10465
5193	1097	116.95355
5193	296	116.78533
5193	527	114.19783
5193	924	112.56075
5194	2858	47.374363
5194	296	45.30835
5194	1196	44.604565
5194	2028	44.13659
5194	1	41.979362
5194	589	41.720493
5194	1198	41.458622
5194	1213	41.22487
5194	1580	40.53871
5194	1270	40.294106
5195	912	46.221558
5195	908	46.217163
5195	904	46.101326
5195	1267	44.351063
5195	750	43.869198
5195	111	43.589287
5195	1230	43.58638
5195	1221	43.3517
5195	913	42.975395
5195	1294	42.697884
5196	39	45.690926
5196	2396	43.614773
5196	2321	43.512787
5196	440	41.408424
5196	3253	40.592144
5196	3108	40.06787
5196	608	39.779697
5196	1747	39.60578
5196	2599	39.5481
5196	34	39.47092
5197	2000	28.953451
5197	1580	28.142918
5197	1374	27.569614
5197	1196	27.549696
5197	1294	27.24335
5197	1198	27.186926
5197	260	27.011667
5197	1036	26.886595
5197	2640	26.769072
5197	1	26.351595
5198	1500	125.63355
5198	1	125.51305
5198	2395	125.20887
5198	1641	122.023476
5198	318	121.161026
5198	593	119.816
5198	50	114.22573
5198	21	112.773544
5198	1617	112.613075
5198	32	110.45206
5199	1196	22.21665
5199	2028	21.290247
5199	1198	21.20332
5199	457	21.18117
5199	589	21.090899
5199	2571	21.036137
5199	2000	20.83053
5199	1036	20.717365
5199	260	20.63919
5199	480	20.606236
5200	1198	48.822292
5200	1214	48.20955
5200	1580	46.194965
5200	541	45.51513
5200	2916	45.438225
5200	480	45.067356
5200	1374	44.04782
5200	1291	43.68542
5200	1197	43.118553
5200	924	42.778713
5201	858	73.35637
5201	608	71.22534
5201	1294	71.218445
5201	1136	70.856
5201	1247	68.56293
5201	111	66.34993
5201	1225	66.21838
5201	924	66.18168
5201	1221	66.0758
5201	1234	65.15537
5202	1196	28.561037
5202	1198	27.495731
5202	858	27.440922
5202	1240	26.210485
5202	1214	25.859455
5202	608	25.740253
5202	2571	25.739443
5202	1221	25.622395
5202	1036	25.528666
5202	589	25.404995
5203	1265	20.76509
5203	608	20.37855
5203	1198	20.161024
5203	1196	19.947428
5203	50	19.945734
5203	296	19.93756
5203	2396	19.6712
5203	1197	19.53009
5203	1213	19.369692
5203	1270	19.2797
5204	1196	46.846127
5204	1580	45.115826
5204	2571	44.26623
5204	1210	43.36667
5204	1374	42.737267
5204	1200	42.663933
5204	1214	41.774906
5204	1036	40.624886
5204	1197	40.591114
5204	1270	39.96782
5205	1200	184.34633
5205	1198	175.89125
5205	1036	175.29462
5205	1214	175.05318
5205	1291	171.53546
5205	2699	171.0077
5205	1197	170.31444
5205	592	169.68027
5205	2000	168.61124
5205	1552	167.62086
5206	608	22.37392
5206	2396	22.345695
5206	318	22.274117
5206	527	21.808004
5206	1265	21.7887
5206	593	21.553474
5206	34	20.516556
5206	356	20.475748
5206	2762	20.386475
5206	1704	20.210037
5207	1307	14.432629
5207	1079	13.3227005
5207	1259	13.133606
5207	1394	13.044935
5207	1196	13.031319
5207	2797	12.81484
5207	3361	12.76396
5207	2352	12.652288
5207	2020	12.581194
5207	2396	12.560495
5208	1196	85.29104
5208	1127	84.22272
5208	2916	84.03894
5208	1240	81.42819
5208	260	79.85551
5208	2699	78.54395
5208	1610	77.97841
5208	3175	77.90532
5208	296	77.199844
5208	2396	77.09148
5209	296	79.28208
5209	1225	77.250465
5209	1198	76.75557
5209	1208	75.14345
5209	260	72.984276
5209	50	72.93926
5209	1090	72.32212
5209	919	72.304146
5209	1259	71.4972
5209	2858	71.155304
5210	1196	32.431488
5210	1198	32.037617
5210	260	31.884937
5210	608	31.456398
5210	1270	31.02919
5210	1197	30.754566
5210	919	30.530678
5210	858	30.183805
5210	593	30.09579
5210	1265	30.021496
5211	1200	76.20703
5211	1374	74.36746
5211	1580	73.46613
5211	2916	71.45169
5211	1097	68.97297
5211	2640	68.72484
5211	1376	68.55717
5211	1198	66.21063
5211	1206	65.88661
5211	32	64.963844
5212	912	31.344124
5212	903	31.044815
5212	1267	30.777637
5212	913	30.436668
5212	111	30.323528
5212	1221	29.615496
5212	924	29.536385
5212	608	29.501902
5212	1247	28.947945
5212	919	28.855661
5213	2858	10.684641
5213	589	10.60561
5213	110	10.340011
5213	1580	9.72655
5213	457	9.336878
5213	223	9.291859
5213	2959	9.167833
5213	2762	9.140593
5213	2355	9.137095
5213	1610	9.054874
5214	1196	12.206761
5214	608	11.881963
5214	593	11.665916
5214	1198	11.475866
5214	527	11.4647
5214	1265	11.3414345
5214	1097	11.280028
5214	1307	11.112482
5214	296	11.015799
5214	1197	11.003745
5215	608	12.582095
5215	1247	12.44214
5215	912	12.216782
5215	923	11.789746
5215	1225	11.621403
5215	2396	11.517716
5215	2858	11.450411
5215	1617	11.408389
5215	1094	11.240804
5215	1307	11.221597
5216	608	14.330519
5216	296	14.047376
5216	527	13.934331
5216	1196	13.776913
5216	2571	13.667935
5216	110	13.567618
5216	589	13.511738
5216	2997	13.503721
5216	2762	13.241388
5216	1265	13.105807
5217	2916	79.53237
5217	2716	74.35931
5217	1198	71.850685
5217	2028	70.88829
5217	2985	70.380035
5217	1374	70.16417
5217	1197	69.96203
5217	1527	69.66257
5217	2628	69.49964
5217	457	68.884186
5218	2054	32.0706
5218	2161	31.724949
5218	1270	29.938858
5218	260	29.67496
5218	2140	29.498163
5218	1196	28.915133
5218	2105	28.626797
5218	1210	28.262825
5218	592	28.256903
5218	2470	27.98525
5219	733	109.6999
5219	1291	109.62798
5219	110	107.96127
5219	380	104.21731
5219	1527	103.69872
5219	1374	101.16593
5219	1197	97.68264
5219	1356	97.22
5219	2115	96.084496
5219	474	95.791565
5220	1079	296.16626
5220	1394	295.97842
5220	1270	292.85294
5220	1222	278.8677
5220	2915	266.743
5220	1200	265.0817
5220	1617	261.8228
5220	1214	261.34296
5220	1663	260.40988
5220	2248	255.12863
5221	908	19.64819
5221	750	19.465584
5221	1219	19.255035
5221	912	19.24125
5221	924	19.02983
5221	923	18.909355
5221	1617	18.79323
5221	858	18.616026
5221	1247	18.170092
5221	2186	18.035347
5222	1196	166.24261
5222	1270	162.95618
5222	2797	156.43756
5222	1259	152.71207
5222	2918	150.12943
5222	1220	147.4969
5222	1394	146.8902
5222	592	144.71301
5222	1036	143.11867
5222	2987	142.35863
5223	1265	119.49567
5223	1617	116.03349
5223	1213	114.56878
5223	50	114.49447
5223	318	112.0118
5223	1580	111.45653
5223	1	110.804344
5223	2028	108.95207
5223	2396	108.011604
5223	1259	107.26441
5224	2858	13.368148
5224	1196	12.955816
5224	1210	12.719816
5224	2987	12.610527
5224	2706	12.137936
5224	260	12.072964
5224	2997	11.941923
5224	3175	11.88912
5224	223	11.859156
5224	1270	11.779039
5225	2858	110.222015
5225	1265	108.95506
5225	589	108.12678
5225	2916	107.833885
5225	1	107.56513
5225	1923	104.0396
5225	1500	103.53149
5225	1196	103.16305
5225	457	103.131775
5225	21	102.204865
5226	608	50.531895
5226	457	50.353462
5226	1036	49.960884
5226	1240	49.64069
5226	1210	49.28176
5226	593	49.259407
5226	318	49.00129
5226	1617	48.530663
5226	296	48.40075
5226	2000	48.073093
5227	316	98.34947
5227	10	96.88108
5227	442	94.52198
5227	736	94.23473
5227	377	93.94415
5227	1676	93.85479
5227	1385	93.703674
5227	292	93.343185
5227	1876	92.793175
5227	349	91.46963
5228	1196	21.55825
5228	608	21.444515
5228	260	20.447195
5228	318	20.134737
5228	593	20.040678
5228	1617	19.779774
5228	527	19.744059
5228	1198	19.465391
5228	589	19.418543
5228	858	19.380564
5229	2770	47.778168
5229	2959	45.476883
5229	2762	43.644707
5229	3081	43.59313
5229	2541	43.4853
5229	2502	42.93199
5229	1093	42.644432
5229	2712	42.616344
5229	2997	42.281193
5229	2881	42.242836
5230	1196	87.634834
5230	1198	83.26794
5230	1197	81.104576
5230	457	76.66513
5230	1265	76.66308
5230	2028	76.19239
5230	589	76.1349
5230	318	76.066055
5230	1617	75.87398
5230	527	74.479095
5231	1196	22.899807
5231	260	22.683508
5231	589	21.794489
5231	1198	21.696964
5231	480	20.737787
5231	1200	20.5091
5231	2916	20.376919
5231	1580	20.296162
5231	1214	20.246527
5231	457	20.032358
5232	1214	95.612526
5232	780	92.8559
5232	1376	90.93352
5232	2640	90.02889
5232	1291	89.10472
5232	2628	89.063416
5232	1270	88.42813
5232	2105	87.77821
5232	1573	87.71613
5232	1372	86.924995
5233	1617	78.71501
5233	260	74.09923
5233	2571	70.87439
5233	1704	69.97072
5233	1197	69.18487
5233	1	68.89016
5233	457	68.78153
5233	589	68.28949
5233	1270	67.88556
5233	1221	67.310234
5234	608	127.39372
5234	235	116.88534
5234	1617	116.17954
5234	2396	116.13305
5234	2791	111.82625
5234	858	108.07715
5234	1094	108.03595
5234	1	107.867065
5234	1270	107.59215
5234	2174	107.49146
5235	1196	27.86298
5235	2858	27.11782
5235	1	26.942583
5235	2571	26.889732
5235	589	26.500479
5235	480	26.313862
5235	1197	25.610554
5235	1198	25.500814
5235	1270	25.348547
5235	2396	25.106434
5236	608	87.15108
5236	457	87.10063
5236	593	86.2472
5236	1580	83.57198
5236	1	82.79208
5236	589	82.45371
5236	2858	81.77407
5236	356	81.578186
5236	377	80.65511
5236	527	80.559296
5237	1196	43.230816
5237	1580	43.062122
5237	1291	42.668343
5237	1198	41.60943
5237	1197	40.396122
5237	589	39.956802
5237	2571	39.94905
5237	1240	39.93477
5237	1036	38.907597
5237	1270	38.78593
5238	1022	9.106031
5238	594	8.899754
5238	919	8.842986
5238	1029	8.699325
5238	2080	8.501669
5238	1196	8.4860325
5238	1270	8.4234915
5238	1032	8.193518
5238	260	8.145355
5238	595	8.139515
5239	1196	167.53029
5239	1674	164.43732
5239	2174	160.74817
5239	2915	159.30579
5239	1197	154.40384
5239	1222	153.67705
5239	608	153.35144
5239	1208	149.74252
5239	3424	148.44064
5239	1663	148.20877
5240	1265	23.786549
5240	608	22.628021
5240	1641	22.312393
5240	2599	22.080956
5240	593	22.002142
5240	357	21.862644
5240	296	21.730083
5240	1617	21.312069
5240	318	21.238562
5240	34	20.646317
5241	608	53.03855
5241	527	49.206577
5241	912	48.72591
5241	318	48.086433
5241	1617	47.236797
5241	2289	47.159237
5241	296	47.053406
5241	2997	46.631176
5241	1136	46.31751
5241	1394	46.247135
5242	1617	49.155575
5242	589	49.084206
5242	32	47.913563
5242	1240	47.11485
5242	1213	47.076233
5242	1210	45.830147
5242	2028	45.626507
5242	1580	45.499702
5242	1198	45.34146
5242	318	45.07223
5243	1196	25.862648
5243	589	24.804234
5243	2916	24.30972
5243	1240	23.955736
5243	1374	22.692024
5243	2628	22.61836
5243	1200	22.517849
5243	780	22.213594
5243	1214	21.98411
5243	1356	21.73871
5244	2571	28.544159
5244	2028	28.137745
5244	589	27.991764
5244	1196	27.958984
5244	1580	27.793982
5244	457	27.192778
5244	296	27.119612
5244	593	26.580341
5244	2916	26.44425
5244	1210	26.314997
5245	608	13.052214
5245	2858	12.045316
5245	527	11.950708
5245	318	11.863058
5245	296	11.844498
5245	1617	11.827634
5245	1094	11.654211
5245	1213	11.496963
5245	912	11.481469
5245	1252	11.448046
5246	2716	68.27669
5246	2355	63.72169
5246	2580	61.58272
5246	3176	56.79294
5246	1127	55.500206
5246	3175	55.08587
5246	2987	53.844795
5246	2336	53.050983
5246	2722	51.72121
5246	2028	51.15918
5247	2997	18.108261
5247	785	16.737131
5247	2355	16.620798
5247	2959	16.428986
5247	2395	16.000519
5247	2699	15.995358
5247	2712	15.984001
5247	2694	15.567908
5247	2396	15.4894705
5247	2580	15.40396
5248	1265	60.315826
5248	1	56.68427
5248	1394	56.30656
5248	2797	55.284264
5248	1278	55.10772
5248	3361	54.57212
5248	3363	53.233643
5248	357	52.611946
5248	910	51.59569
5248	2716	50.95662
5249	1597	165.3858
5249	589	161.74484
5249	110	152.61086
5249	1377	150.32335
5249	2002	147.02797
5249	353	146.16333
5249	1676	143.49876
5249	1036	142.0548
5249	1586	141.2374
5249	2278	141.04173
5250	318	122.41655
5250	2571	122.373604
5250	1265	122.18578
5250	480	121.30567
5250	1580	120.11647
5250	1617	119.75268
5250	2916	118.09391
5250	527	117.452545
5250	1270	117.20876
5250	457	116.64892
5251	2396	96.12461
5251	593	91.43211
5251	1	90.70828
5251	1641	89.41333
5251	527	87.45148
5251	2028	84.59988
5251	357	84.56095
5251	2395	82.56881
5251	2599	82.47402
5251	32	82.23216
5252	296	49.148354
5252	50	46.592014
5252	593	46.36378
5252	111	43.096928
5252	1252	42.74882
5252	1089	42.097023
5252	1196	41.488453
5252	2028	41.450565
5252	1193	41.228977
5252	260	40.836174
5253	1252	89.96915
5253	904	86.28422
5253	1617	86.13108
5253	923	86.031586
5253	541	85.63051
5253	1198	85.15733
5253	1221	82.86138
5253	111	80.40584
5253	1208	80.18945
5253	1136	79.68361
5254	2571	64.015495
5254	1580	62.40478
5254	2028	59.199196
5254	1196	58.812065
5254	2858	58.22545
5254	296	55.171978
5254	1240	55.096657
5254	608	54.85299
5254	1210	54.844868
5254	593	54.81796
5255	858	83.787735
5255	260	82.72918
5255	919	78.33451
5255	1136	76.30795
5255	1617	75.37809
5255	924	75.145454
5255	541	74.76986
5255	2858	74.07809
5255	593	73.48779
5255	1294	73.39963
5256	318	317.35098
5256	1259	313.64328
5256	260	305.96814
5256	2174	298.52094
5256	2858	297.1496
5256	2762	288.8622
5256	2628	288.42142
5256	1200	287.53073
5256	1517	284.95297
5256	2987	284.37357
5257	1294	65.677605
5257	1252	63.25325
5257	1234	63.120262
5257	1080	61.625675
5257	919	61.545876
5257	1247	60.929165
5257	923	60.13933
5257	3363	59.664352
5257	1256	59.64503
5257	905	59.429096
5258	1196	9.754723
5258	2571	9.699208
5258	608	9.562262
5258	260	9.509815
5258	1580	9.231269
5258	2858	9.193685
5258	2028	9.1662245
5258	1265	9.116384
5258	1198	9.115722
5258	1240	9.056801
5259	1196	28.182411
5259	608	28.153694
5259	260	27.537737
5259	1198	26.456676
5259	1617	25.88258
5259	1213	25.4104
5259	1214	25.239126
5259	296	25.227947
5259	527	25.148228
5259	1193	25.08958
5260	608	118.78196
5260	1294	118.57403
5260	923	114.98809
5260	1234	112.417816
5260	1252	111.72464
5260	1278	109.59273
5260	2289	109.140816
5260	908	109.13571
5260	1193	108.98095
5260	1084	107.87238
5261	457	70.76745
5261	2571	69.421684
5261	589	69.41869
5261	2916	69.06213
5261	1200	68.1299
5261	1291	67.446304
5261	1210	66.658615
5261	2985	64.86292
5261	110	64.55342
5261	1222	62.553787
5262	2396	15.366398
5262	1270	15.352385
5262	260	15.239643
5262	2987	15.194063
5262	1196	15.002505
5262	1198	14.912775
5262	858	14.8130245
5262	1036	14.80074
5262	1097	14.728703
5262	2858	14.511424
5263	480	83.451775
5263	592	81.84222
5263	1580	81.83783
5263	2194	80.61692
5263	2985	79.5882
5263	1220	77.2812
5263	2640	76.88095
5263	377	75.297516
5263	1127	74.39441
5263	1221	73.5011
5264	260	131.33969
5264	1036	124.48366
5264	1200	122.77796
5264	1259	122.38357
5264	1220	122.36985
5264	2028	122.08606
5264	592	119.79756
5264	110	118.15667
5264	2406	116.61366
5264	1610	115.13516
5265	608	159.97945
5265	1221	136.07005
5265	527	135.39879
5265	750	134.56622
5265	904	130.15741
5265	924	129.26454
5265	910	128.7979
5265	1196	128.014
5265	3363	127.5969
5265	1219	127.083984
5266	296	32.9002
5266	1617	30.58552
5266	2028	30.074436
5266	50	29.703142
5266	1704	29.34215
5266	1265	27.970207
5266	2396	27.91424
5266	2997	27.42837
5266	858	26.848911
5266	110	26.555595
5267	608	44.41809
5267	858	39.732727
5267	2396	39.495693
5267	1196	38.629257
5267	296	38.551846
5267	1617	38.52223
5267	1136	38.483173
5267	1265	38.02483
5267	527	37.970238
5267	1213	37.784897
5268	733	232.76416
5268	1610	230.55533
5268	1200	226.2544
5268	260	223.78287
5268	110	216.14624
5268	165	211.75226
5268	2640	209.05934
5268	349	208.9201
5268	1356	208.33774
5268	2987	207.43903
5269	1079	139.65376
5269	593	134.09991
5269	1198	132.27264
5269	260	131.06375
5269	318	130.07234
5269	2997	128.7959
5269	1240	127.75735
5269	541	127.11068
5269	2289	126.8733
5269	527	125.518814
5270	480	80.53598
5270	1270	77.559906
5270	32	77.219925
5270	1197	72.84314
5270	1376	72.81232
5270	1036	72.21791
5270	1291	71.56734
5270	1356	70.887115
5270	2987	70.259995
5270	780	69.91703
5271	608	233.14891
5271	1196	205.28723
5271	1213	203.77759
5271	1265	202.98254
5271	2858	201.10376
5271	1197	200.76334
5271	1079	197.21863
5271	1247	194.80699
5271	1136	192.22876
5271	111	191.27711
5272	1270	68.21029
5272	1580	66.30781
5272	2571	65.82447
5272	1198	65.018555
5272	480	63.97022
5272	1240	63.898705
5272	1265	63.74929
5272	2000	63.095432
5272	2916	62.93192
5272	2918	61.67729
5273	1276	148.99428
5273	858	148.68849
5273	919	147.61888
5273	1265	146.54884
5273	1247	144.65398
5273	3421	144.44547
5273	1197	144.2375
5273	908	143.96274
5273	1077	140.11171
5273	2289	139.76663
5274	608	16.841112
5274	296	15.656354
5274	318	15.551273
5274	1213	14.93787
5274	1617	14.858058
5274	527	14.687365
5274	50	14.581703
5274	2028	14.373598
5274	1196	14.276481
5274	2997	14.192707
5275	1213	61.93247
5275	2858	60.13502
5275	1704	59.437546
5275	50	56.610195
5275	1617	56.105484
5275	1265	53.772724
5275	36	53.74547
5275	1673	52.49686
5275	1094	52.455814
5275	2762	52.251663
5276	457	54.253403
5276	1580	53.860622
5276	589	53.37504
5276	1196	52.038
5276	2916	51.448086
5276	1610	50.856445
5276	110	49.426018
5276	1036	48.445637
5276	1210	48.368652
5276	1265	48.09673
5277	1196	181.08324
5277	858	164.82233
5277	1197	162.84882
5277	608	160.92633
5277	2916	155.67232
5277	2716	154.3287
5277	2000	153.84267
5277	2858	152.68878
5277	593	151.69545
5277	1097	150.08505
5278	589	106.88748
5278	260	105.48259
5278	1527	103.372955
5278	2628	100.44503
5278	1214	99.12369
5278	1374	98.09021
5278	1127	95.39645
5278	2985	95.05346
5278	1198	93.02548
5278	1376	92.65376
5279	1265	35.23592
5279	2396	35.21028
5279	608	32.756218
5279	39	32.621918
5279	1197	32.432167
5279	318	31.63967
5279	527	31.637136
5279	1247	30.858162
5279	296	30.845535
5279	1617	30.665083
5280	608	16.994791
5280	2571	16.717752
5280	296	16.549082
5280	1196	16.484583
5280	2396	16.357872
5280	2028	16.170315
5280	593	16.059868
5280	318	16.051907
5280	589	16.007854
5280	50	15.687653
5281	1079	146.92285
5281	1210	146.23401
5281	1259	146.1137
5281	1580	142.3416
5281	260	139.3671
5281	3361	135.98773
5281	380	134.38475
5281	2916	134.01111
5281	2987	133.95967
5281	2985	132.6999
5282	34	135.83455
5282	1097	132.61288
5282	1210	132.52303
5282	919	130.35211
5282	260	129.19896
5282	2791	125.234856
5282	2054	124.493126
5282	1136	124.47364
5282	1259	123.594864
5282	1079	122.80234
5283	1374	146.59612
5283	2571	143.89278
5283	1197	141.84837
5283	589	140.29126
5283	1240	140.15154
5283	1200	137.21632
5283	1270	135.6996
5283	2985	135.60513
5283	780	135.10487
5283	2054	135.10345
5284	1196	64.17834
5284	260	60.811947
5284	589	58.20218
5284	457	57.246857
5284	1617	55.69032
5284	2858	55.492737
5284	1036	54.55677
5284	1580	54.48241
5284	480	54.172016
5284	1265	54.10047
5285	2706	34.71728
5285	2716	31.79733
5285	2355	29.536093
5285	2699	29.388378
5285	785	29.148714
5285	2599	28.847483
5285	1127	27.890144
5285	2571	27.719261
5285	2700	26.937181
5285	2712	26.750793
5286	1136	119.96956
5286	2797	113.09125
5286	2174	112.01132
5286	1080	111.088974
5286	3421	110.93355
5286	2396	109.9814
5286	235	107.54107
5286	2716	106.42055
5286	2804	105.89832
5286	608	104.14438
5287	1036	112.96544
5287	1079	112.10262
5287	2144	110.48137
5287	1259	109.302765
5287	1240	107.75697
5287	2987	102.811615
5287	1200	102.43885
5287	3361	102.196846
5287	260	101.34966
5287	2985	101.3127
5288	1247	14.860686
5288	1225	14.166155
5288	1674	13.770093
5288	2020	13.72598
5288	2243	13.147089
5288	1230	12.850466
5288	1094	12.819624
5288	912	12.750398
5288	2919	12.717604
5288	1394	12.647122
5289	1247	213.36716
5289	1136	203.80272
5289	1294	202.47256
5289	1288	194.89429
5289	1252	193.50862
5289	1394	193.39719
5289	1234	191.37988
5289	1084	191.03244
5289	2797	189.91881
5289	1208	189.63216
5290	296	24.841936
5290	50	23.861832
5290	1213	23.557129
5290	593	23.554087
5290	2997	23.3127
5290	527	22.595984
5290	1617	21.682009
5290	2028	21.380127
5290	2396	20.947733
5290	2599	20.93668
5291	608	54.058556
5291	912	48.69244
5291	1247	48.588936
5291	111	48.483253
5291	527	47.710125
5291	923	47.42948
5291	1221	46.955406
5291	1617	46.921547
5291	1136	46.8706
5291	750	46.65952
5292	608	20.353874
5292	1247	20.01562
5292	923	19.654516
5292	1221	19.631662
5292	1225	19.53195
5292	111	19.269037
5292	1193	18.729177
5292	1252	18.482864
5292	1208	18.4458
5292	919	18.434227
5293	593	62.43236
5293	2571	61.795525
5293	1617	59.981503
5293	2858	59.867935
5293	1580	57.83871
5293	2762	57.733227
5293	110	57.508396
5293	260	56.421
5293	1210	55.40173
5293	1197	55.125263
5294	589	102.92618
5294	1	100.74642
5294	1200	99.69898
5294	1265	99.23024
5294	1197	98.03223
5294	2997	97.618484
5294	608	97.60703
5294	296	94.93157
5294	1617	93.07979
5294	3175	92.982834
5295	1196	13.574613
5295	260	13.082902
5295	1270	12.589735
5295	1240	12.400659
5295	1580	12.34406
5295	1198	12.124074
5295	1200	11.983944
5295	1197	11.957977
5295	1097	11.895898
5295	480	11.893538
5296	1265	53.87161
5296	39	49.30755
5296	1784	48.49539
5296	1641	47.79434
5296	2858	46.94721
5296	1	46.69471
5296	608	46.11768
5296	2321	45.854607
5296	3253	45.113613
5296	1500	44.95536
5297	457	26.859121
5297	377	26.05198
5297	1610	25.580486
5297	1370	24.819656
5297	3256	24.125448
5297	110	24.056187
5297	589	23.76294
5297	380	23.716896
5297	2916	23.645096
5297	349	23.42045
5298	1580	50.39461
5298	1374	49.12568
5298	480	48.413227
5298	2628	45.300728
5298	1198	45.246605
5298	780	43.90479
5298	1197	43.17728
5298	2105	42.714104
5298	1372	42.608704
5298	1291	42.07029
5299	1214	39.77941
5299	260	39.373783
5299	1200	39.102314
5299	1374	35.176537
5299	32	34.356953
5299	2985	34.340706
5299	1199	34.242813
5299	1210	34.06641
5299	1580	34.027534
5299	1198	32.976658
5300	608	144.42325
5300	39	143.1933
5300	296	138.84303
5300	2174	138.08063
5300	1	137.00008
5300	1285	134.38635
5300	1517	133.58234
5300	223	132.34232
5300	1197	130.76454
5300	1307	129.41379
5301	1240	84.624
5301	1197	81.55
5301	480	80.930176
5301	1580	80.90225
5301	2858	80.835266
5301	457	77.328705
5301	110	76.9521
5301	1214	76.499115
5301	608	74.76884
5301	1265	74.62716
5302	597	103.25466
5302	356	99.8433
5302	587	98.43437
5302	39	98.42555
5302	1393	96.431496
5302	3255	96.06146
5302	1265	95.236565
5302	586	93.943924
5302	357	92.78718
5302	2355	91.87422
5303	1231	27.824297
5303	608	26.770275
5303	1674	26.755499
5303	2352	26.599037
5303	1957	26.49512
5303	1960	26.418154
5303	1956	26.396679
5303	318	26.00634
5303	1213	25.627514
5303	2020	25.526611
5304	608	18.218147
5304	2396	17.823233
5304	318	17.583076
5304	296	17.368921
5304	2028	17.05838
5304	1617	16.82396
5304	1196	16.683418
5304	2571	16.63253
5304	527	16.594526
5304	1265	16.573837
5305	1617	150.09225
5305	1196	149.43901
5305	50	148.21164
5305	2291	146.25677
5305	34	144.95935
5305	1213	142.77896
5305	2028	139.18962
5305	1270	138.55923
5305	2716	137.8607
5305	2700	136.52757
5306	480	255.65106
5306	2571	251.76334
5306	1196	250.95605
5306	2174	246.57439
5306	39	244.26991
5306	1198	244.15434
5306	1210	244.0135
5306	260	240.53105
5306	21	239.97714
5306	1500	239.4391
5307	1196	61.101124
5307	1240	60.14047
5307	1210	59.113625
5307	1374	58.34569
5307	1200	57.381317
5307	2628	56.780266
5307	1214	56.44752
5307	2640	55.853336
5307	1376	55.788136
5307	2985	55.22765
5308	589	30.49958
5308	2916	29.972668
5308	260	29.867607
5308	1200	28.28257
5308	1356	27.121319
5308	780	26.961016
5308	1374	26.6016
5308	2628	26.216984
5308	1198	26.123117
5308	2985	25.967966
5309	2571	18.834734
5309	260	18.672916
5309	608	18.647041
5309	1198	18.359589
5309	589	18.303583
5309	296	18.2515
5309	593	18.242907
5309	318	18.18347
5309	1210	18.131952
5309	2997	17.942764
5310	912	42.918457
5310	923	42.74077
5310	1247	41.298546
5310	903	41.145237
5310	904	40.75689
5310	919	40.071583
5310	1252	39.82075
5310	1084	39.77417
5310	913	39.766582
5310	898	39.621647
5311	969	9.4453535
5311	2124	9.154028
5311	3363	8.847578
5311	750	8.77254
5311	1214	8.756846
5311	1225	8.648479
5311	260	8.443041
5311	541	8.258958
5311	34	8.081422
5311	908	8.063033
5312	110	369.79276
5312	2105	348.05045
5312	2407	338.36746
5312	1617	337.70737
5312	858	335.2591
5312	590	331.31644
5312	1215	328.0309
5312	1876	322.11185
5312	1954	320.24844
5312	1653	319.80502
5313	594	25.760706
5313	1029	24.857292
5313	919	24.713512
5313	914	24.507036
5313	1028	23.869799
5313	1947	23.215212
5313	969	22.153769
5313	1282	22.04643
5313	1035	21.000317
5313	910	20.821335
5314	296	11.268068
5314	608	11.137462
5314	2571	10.760351
5314	50	10.604004
5314	2028	10.477188
5314	1213	10.4105625
5314	527	10.325507
5314	1617	10.290251
5314	2858	10.130644
5314	457	10.042692
5315	2396	21.836395
5315	2997	21.550596
5315	2762	20.913847
5315	1196	20.578548
5315	2987	20.18211
5315	2028	20.112028
5315	2706	20.078436
5315	2683	19.808548
5315	593	19.589327
5315	223	19.574102
5316	2858	32.55951
5316	1	30.29262
5316	223	29.791037
5316	2599	28.809553
5316	1265	28.459654
5316	2571	28.329813
5316	2762	28.1886
5316	2395	28.101156
5316	2987	28.093485
5316	296	27.5058
5317	1213	273.3455
5317	2289	257.79855
5317	50	255.10406
5317	1270	255.0571
5317	235	254.64981
5317	36	251.48773
5317	3108	250.26318
5317	337	243.00955
5317	2599	242.5982
5317	2028	242.09291
5318	589	93.39122
5318	1610	87.48466
5318	780	83.712
5318	733	82.43621
5318	110	82.09895
5318	2640	80.43737
5318	1573	80.41714
5318	1270	79.34481
5318	1376	78.59227
5318	2115	78.3567
5319	2640	225.2872
5319	1291	221.90793
5319	592	217.52579
5319	1036	214.40813
5319	1584	213.44423
5319	329	211.2345
5319	2529	204.92778
5319	110	204.91017
5319	1220	202.48997
5319	1610	197.8723
5320	2355	11.735058
5320	2081	11.628386
5320	2294	11.619888
5320	2687	11.0476055
5320	783	11.021783
5320	34	10.774533
5320	594	10.731429
5320	1022	10.694322
5320	1282	10.389967
5320	1029	10.298215
5321	1265	162.08482
5321	2716	152.11305
5321	2028	150.06015
5321	2571	149.95067
5321	593	149.69955
5321	1307	148.16335
5321	2000	147.88972
5321	1036	146.96164
5321	3421	143.97916
5321	1097	143.00894
5322	1265	60.558002
5322	2571	59.209137
5322	1198	59.11923
5322	1	58.303715
5322	1197	58.021084
5322	589	57.44213
5322	457	57.00568
5322	1210	56.550217
5322	608	56.454117
5322	2028	56.361034
5323	608	113.559235
5323	1210	109.032845
5323	1036	105.739815
5323	593	105.08135
5323	50	104.897545
5323	296	103.072044
5323	2916	102.14702
5323	480	101.47003
5323	750	101.16769
5323	1291	99.99437
5324	457	129.35477
5324	2571	128.42514
5324	1704	126.18958
5324	527	121.89268
5324	1196	119.08203
5324	1500	118.84256
5324	356	116.45069
5324	1089	115.945244
5324	1784	115.37747
5324	590	113.35874
5325	1617	23.835686
5325	527	23.130219
5325	318	22.574749
5325	858	22.434738
5325	541	22.335957
5325	111	22.11925
5325	750	22.046225
5325	912	22.03545
5325	1196	22.030508
5325	1252	21.604702
5326	608	45.228027
5326	296	42.37827
5326	1617	40.97945
5326	50	40.536114
5326	1394	40.26525
5326	318	40.05936
5326	1089	38.69471
5326	2289	38.234882
5326	1259	38.017647
5326	3424	37.712963
5327	2797	129.65018
5327	2716	120.32938
5327	1663	118.594055
5327	2100	118.488304
5327	260	114.70804
5327	2470	113.38796
5327	1097	111.68565
5327	1136	111.12535
5327	2804	109.48314
5327	2640	108.090996
5328	608	33.33391
5328	1213	31.83862
5328	318	29.82705
5328	527	29.377508
5328	1358	28.7439
5328	1617	28.099207
5328	1704	27.692492
5328	2289	27.680641
5328	36	27.642855
5328	1094	27.465164
5329	1265	267.11816
5329	1394	255.85997
5329	1270	251.27356
5329	1208	249.8603
5329	2918	247.62814
5329	1307	245.89359
5329	2797	245.47908
5329	2289	243.13171
5329	1197	242.89632
5329	2174	241.94019
5330	608	38.7493
5330	296	33.998592
5330	527	33.5009
5330	1252	33.396515
5330	593	33.309208
5330	1247	33.033592
5330	1193	32.373463
5330	1230	32.180428
5330	318	31.875414
5330	908	31.804783
5331	1265	53.76544
5331	2797	51.780678
5331	1196	51.536263
5331	608	50.18094
5331	1079	50.11485
5331	318	50.090603
5331	1197	49.988262
5331	1198	49.96379
5331	1259	49.847885
5331	593	48.8824
5332	1610	72.72361
5332	457	72.39569
5332	1036	70.9794
5332	377	70.5989
5332	1196	69.327065
5332	733	69.14106
5332	1240	68.81831
5332	1198	67.55102
5332	260	66.074524
5332	3256	65.61569
5333	357	317.65344
5333	1784	304.7645
5333	1	303.9518
5333	440	300.79135
5333	380	300.33444
5333	2858	290.47604
5333	2321	290.01886
5333	2406	289.98486
5333	2000	286.67554
5333	1641	284.0563
5334	318	2.3914611
5334	1079	2.273317
5334	1617	2.2679038
5334	608	2.2536147
5334	1265	2.234121
5334	593	2.2312305
5334	36	2.223391
5334	1	2.2185917
5334	1235	2.2063398
5334	1225	2.1942172
5335	608	119.306496
5335	296	112.556755
5335	1617	110.85738
5335	318	108.649796
5335	1198	106.0767
5335	2858	105.705505
5335	1265	104.25463
5335	2028	104.0801
5335	1394	103.63709
5335	1197	102.2187
5336	1610	45.052746
5336	2916	43.41612
5336	480	42.959072
5336	377	42.41597
5336	589	42.39862
5336	2571	42.03284
5336	1370	41.867863
5336	1580	41.40682
5336	349	41.02911
5336	1196	41.00438
5337	2406	135.97618
5337	2918	133.7026
5337	1265	133.3402
5337	1307	131.90793
5337	2716	127.775475
5337	1394	127.75061
5337	2791	127.42905
5337	1259	127.3894
5337	1210	126.53753
5337	1	126.26345
5338	1270	93.450745
5338	1356	92.54648
5338	2105	92.20688
5338	1372	86.91995
5338	1676	85.237206
5338	316	84.7134
5338	2455	84.12969
5338	2641	83.697525
5338	1198	83.36012
5338	329	83.30723
5339	589	104.18563
5339	1580	103.08072
5339	592	96.525475
5339	780	93.21016
5339	110	91.85145
5339	1270	91.14761
5339	1376	90.862656
5339	377	89.4316
5339	1573	88.45563
5339	1370	87.646805
5340	608	98.38254
5340	36	96.3252
5340	1635	92.84176
5340	296	92.672844
5340	2289	91.894844
5340	25	90.81385
5340	778	85.89288
5340	2291	83.159096
5340	3418	82.980064
5340	593	82.80026
5341	1196	81.12741
5341	2716	75.33909
5341	1387	74.42286
5341	1259	74.35651
5341	919	74.23534
5341	1079	72.58783
5341	1136	72.50901
5341	1073	72.46186
5341	1214	72.367584
5341	2791	71.26255
5342	457	91.819756
5342	480	89.99759
5342	1580	88.80261
5342	1197	87.45285
5342	2916	87.20361
5342	1265	83.52924
5342	592	82.462074
5342	608	80.74196
5342	1097	80.41809
5342	318	80.26623
5343	318	36.680035
5343	296	36.51148
5343	50	35.271038
5343	1196	34.690243
5343	1	34.09283
5343	1265	33.998978
5343	2396	33.90383
5343	1213	33.793182
5343	858	33.655487
5343	1198	33.486546
5344	608	109.85373
5344	527	102.67573
5344	318	102.36366
5344	593	99.3658
5344	1213	98.02673
5344	1617	97.909035
5344	296	97.83697
5344	2858	97.53126
5344	912	95.708
5344	1259	95.39695
5345	2916	243.20444
5345	2028	221.22136
5345	1220	215.8418
5345	2985	207.82382
5345	1676	199.75867
5345	2987	198.82722
5345	2797	197.8014
5345	1259	197.34933
5345	2640	196.77138
5345	296	196.63565
5346	608	28.966045
5346	1196	27.868567
5346	296	27.535892
5346	1617	26.952904
5346	527	26.517588
5346	318	26.448149
5346	2396	26.358978
5346	1198	26.34114
5346	260	26.313627
5346	1213	26.270088
5347	1196	141.71048
5347	2028	136.39964
5347	380	136.15627
5347	39	135.33656
5347	457	134.94852
5347	1527	134.78993
5347	377	133.88565
5347	110	133.63939
5347	1197	133.47005
5347	260	130.66824
5348	1994	30.068628
5348	1982	30.045895
5348	1345	29.234364
5348	2003	29.015907
5348	1350	28.39971
5348	1997	27.975716
5348	1214	27.577917
5348	1258	27.448656
5348	2288	26.861712
5348	2118	26.56065
5349	296	141.06418
5349	2289	135.42424
5349	1213	132.68394
5349	2291	131.25534
5349	2997	130.95155
5349	1358	127.59085
5349	1	126.72509
5349	235	126.08157
5349	36	125.42066
5349	3418	124.061424
5350	2916	140.9028
5350	377	130.51125
5350	1370	130.40866
5350	780	125.478294
5350	380	121.644394
5350	1356	117.4544
5350	1387	117.305214
5350	1222	116.92593
5350	165	115.27388
5350	316	115.26536
5351	1210	21.15769
5351	1240	20.183195
5351	1580	19.836287
5351	1197	19.780094
5351	2571	19.491835
5351	1270	19.483538
5351	589	19.406874
5351	1036	19.358366
5351	2028	19.295677
5351	1200	18.874022
5352	1196	109.5626
5352	912	107.529854
5352	1197	107.10666
5352	1198	104.567
5352	2080	103.37583
5352	1282	102.79519
5352	1278	102.31719
5352	1136	102.07023
5352	3363	102.03053
5352	858	102.02467
5353	608	95.78631
5353	1213	89.30784
5353	1704	84.9555
5353	1617	84.20361
5353	2858	83.18137
5353	1265	82.33629
5353	1198	82.1107
5353	50	80.50279
5353	590	80.40494
5353	260	80.16763
5354	1610	31.573551
5354	480	29.97167
5354	1240	29.230965
5354	1036	28.736258
5354	1196	28.66133
5354	110	28.357912
5354	733	28.345325
5354	2028	28.289272
5354	3256	27.724054
5354	1210	27.650131
5355	1196	117.772026
5355	260	113.75796
5355	1270	108.37999
5355	1240	103.593185
5355	1214	101.89545
5355	592	100.61871
5355	1036	99.24765
5355	1097	99.09383
5355	2000	98.85019
5355	1220	98.58017
5356	1345	25.95559
5356	1982	25.583948
5356	2366	24.21285
5356	1350	23.97066
5356	1321	23.601408
5356	1994	23.559809
5356	2644	23.071829
5356	2160	22.71927
5356	1340	22.604326
5356	2288	22.467037
5357	2706	35.015152
5357	2997	34.42854
5357	2762	33.433464
5357	2599	33.146873
5357	2571	32.510803
5357	2396	32.16822
5357	2028	32.11882
5357	2699	31.776464
5357	318	30.729822
5357	110	30.483204
5358	260	19.267914
5358	1198	19.081161
5358	1240	18.711483
5358	1221	18.56394
5358	1214	18.45141
5358	1200	17.830439
5358	1036	17.776917
5358	1387	17.596224
5358	2028	17.381405
5358	1222	17.307833
5359	318	293.34146
5359	1573	279.67487
5359	2628	279.4313
5359	3418	273.71744
5359	1259	273.6631
5359	2987	273.18924
5359	1370	271.35132
5359	474	263.92
5359	1220	261.88046
5359	1222	260.17084
5360	2571	18.322422
5360	1580	17.207857
5360	589	17.020172
5360	2716	16.924051
5360	260	16.323915
5360	1210	16.260801
5360	2028	15.952148
5360	2355	15.9512005
5360	2628	15.934315
5360	1127	15.736893
5361	2081	76.30218
5361	356	73.933044
5361	2080	68.201546
5361	2671	68.13083
5361	3255	66.80201
5361	2396	66.57166
5361	2100	65.88708
5361	380	65.44415
5361	39	65.289
5361	1196	65.1565
5362	2186	29.68611
5362	1252	29.575413
5362	922	29.20346
5362	1267	27.91413
5362	928	27.091509
5362	904	27.038158
5362	898	26.833788
5362	903	26.708593
5362	910	26.692463
5362	908	26.610386
5363	2571	63.073143
5363	457	63.003006
5363	2916	60.290855
5363	1291	59.6725
5363	1580	59.286804
5363	1214	58.91683
5363	2000	56.60233
5363	608	56.2647
5363	377	55.85918
5363	593	55.301914
5364	2918	219.21457
5364	296	218.18086
5364	2396	214.65364
5364	1197	214.39032
5364	39	212.81471
5364	593	211.54143
5364	2797	210.2089
5364	1079	204.7624
5364	1617	204.4763
5364	1923	203.75067
5365	457	201.06615
5365	1580	199.86711
5365	2916	194.6621
5365	1923	190.30269
5365	356	186.64316
5365	110	185.506
5365	1500	184.5419
5365	608	182.23912
5365	1370	178.44621
5365	3255	175.70792
5366	2858	86.075584
5366	1196	85.84041
5366	2571	85.60221
5366	589	81.69527
5366	2028	80.75744
5366	260	78.77836
5366	1265	78.60997
5366	32	78.059685
5366	457	77.27484
5366	1198	76.82672
5367	457	364.94302
5367	1270	359.0755
5367	780	337.15973
5367	2194	324.43997
5367	1222	322.72388
5367	32	317.85458
5367	1391	314.3625
5367	1394	313.98935
5367	1073	313.98456
5367	1136	312.16074
5368	1240	72.632645
5368	1580	72.08512
5368	1200	70.74037
5368	589	70.656654
5368	2985	66.55602
5368	1356	65.08357
5368	2968	62.8691
5368	1097	61.664623
5368	780	61.114567
5368	1206	60.184772
5369	2000	148.87491
5369	2571	148.69614
5369	2028	147.64474
5369	260	147.5595
5369	296	144.51996
5369	480	141.91357
5369	1200	141.05162
5369	1210	139.96857
5369	1213	138.75435
5369	1214	138.06694
5370	2716	12.202834
5370	1127	12.038102
5370	2706	11.366859
5370	1580	11.273807
5370	480	11.141904
5370	2571	11.122861
5370	2858	11.079193
5370	1196	11.074551
5370	2987	11.002978
5370	2916	10.920452
5371	1265	206.46228
5371	527	206.23059
5371	1196	202.47816
5371	1259	200.92686
5371	1394	197.89015
5371	1358	190.28491
5371	2997	187.95105
5371	1198	186.278
5371	1136	186.04866
5371	1288	185.3996
5372	593	33.57219
5372	296	32.881363
5372	2571	32.774296
5372	1196	32.32021
5372	110	32.015118
5372	589	31.815292
5372	1610	31.270912
5372	2762	31.22878
5372	1198	31.091764
5372	527	30.873287
5373	1210	28.066263
5373	480	27.9476
5373	1580	27.815144
5373	1291	26.841457
5373	2916	26.587118
5373	1200	26.422857
5373	1036	26.305418
5373	457	25.702541
5373	2028	25.610485
5373	1214	25.597958
5374	2716	28.570108
5374	2997	26.461914
5374	223	26.221395
5374	2599	25.258427
5374	2762	24.354216
5374	2605	24.133825
5374	785	24.038027
5374	2688	23.74297
5374	2541	23.333487
5374	2959	23.142817
5375	1265	25.732485
5375	2997	25.600597
5375	608	24.845522
5375	296	24.461067
5375	2571	24.448671
5375	1197	24.375591
5375	1196	24.071308
5375	2396	24.011873
5375	1580	23.719753
5375	589	23.599058
5376	260	176.04535
5376	1198	173.53772
5376	593	166.8423
5376	1617	166.6979
5376	1036	162.48386
5376	1259	159.98409
5376	1394	158.38177
5376	457	157.75638
5376	110	156.48285
5376	1291	155.66547
5377	608	35.580853
5377	2028	32.61552
5377	527	32.088463
5377	1196	31.776918
5377	1704	31.71494
5377	1617	31.56226
5377	50	31.335182
5377	1265	30.798635
5377	457	30.230738
5377	2571	30.201387
5378	2710	57.921146
5378	2762	57.86174
5378	2959	55.604855
5378	2395	52.971695
5378	2987	52.59835
5378	2502	51.53512
5378	2699	51.123802
5378	2707	50.298847
5378	3174	50.187477
5378	3176	49.725147
5379	1580	15.815905
5379	480	15.281176
5379	2054	15.12266
5379	1097	14.873321
5379	2571	14.560978
5379	2916	14.535931
5379	1	14.4677
5379	2628	14.448978
5379	780	14.408449
5379	1210	14.301668
5380	2471	2.371788
5380	2406	2.0346158
5380	2134	2.0308414
5380	2133	1.9899489
5380	2735	1.9741094
5380	2405	1.9428437
5380	2378	1.9191915
5380	2371	1.8853627
5380	172	1.8673296
5380	1215	1.8589994
5381	1580	18.951828
5381	318	18.789604
5381	457	18.778969
5381	608	18.649345
5381	2571	18.604826
5381	296	18.585993
5381	589	18.319136
5381	2858	18.303314
5381	1196	18.285942
5381	2396	18.11309
5382	2571	64.92316
5382	1580	64.84584
5382	2916	64.348114
5382	480	63.828396
5382	1036	63.67631
5382	457	61.31878
5382	1610	60.456417
5382	1200	60.40772
5382	1374	60.164234
5382	780	58.455036
5383	1374	17.45037
5383	1270	16.48518
5383	1197	16.453674
5383	1376	16.239262
5383	1196	16.059357
5383	260	15.812399
5383	2000	15.622247
5383	1580	15.502903
5383	1198	15.379933
5383	1291	15.348548
5384	1265	39.302464
5384	608	37.654343
5384	2997	35.92623
5384	1136	35.922783
5384	318	35.476692
5384	1270	35.368923
5384	1196	35.27957
5384	296	35.265034
5384	1307	34.696663
5384	1617	34.658573
5385	589	42.126953
5385	1580	41.29264
5385	1240	40.820343
5385	480	40.14881
5385	1198	39.57301
5385	2916	38.95677
5385	2028	38.700375
5385	1200	38.513515
5385	1214	38.184208
5385	1197	38.155434
5386	1370	104.635765
5386	1573	102.70507
5386	1917	99.247284
5386	648	99.11562
5386	165	98.73721
5386	2353	98.20772
5386	1127	96.41185
5386	10	95.15709
5386	1876	93.17427
5386	1240	91.442764
5387	1197	299.4388
5387	858	286.56097
5387	2571	285.47205
5387	1259	284.12888
5387	2987	281.43277
5387	1136	280.46124
5387	2797	278.22012
5387	1097	275.94638
5387	318	275.1195
5387	527	274.25165
5388	589	18.5752
5388	2571	18.053417
5388	480	17.592705
5388	110	17.537804
5388	377	17.431232
5388	2916	17.152098
5388	1610	17.151726
5388	1036	17.00794
5388	1240	16.617226
5388	1580	16.50947
5389	2916	108.20836
5389	1196	106.43974
5389	260	105.36794
5389	1127	97.10037
5389	316	95.037056
5389	329	93.06223
5389	2393	88.05768
5389	2011	87.773575
5389	1371	87.22294
5389	1653	87.19268
5390	1370	156.57994
5390	733	152.7749
5390	1573	146.9513
5390	380	146.23763
5390	1527	141.7409
5390	1387	140.9529
5390	1127	140.18947
5390	474	138.80888
5390	10	136.2489
5390	1356	135.27019
5391	608	9.87956
5391	858	9.125484
5391	318	9.067344
5391	296	9.055141
5391	2028	8.969581
5391	2858	8.959555
5391	593	8.907689
5391	1196	8.841577
5391	1213	8.802751
5391	457	8.761179
5392	318	20.861038
5392	593	20.45533
5392	296	20.176744
5392	2028	20.106112
5392	527	19.575636
5392	2571	19.120308
5392	1265	19.0472
5392	589	18.819237
5392	2396	18.66466
5392	1617	18.588192
5393	608	125.09641
5393	593	114.02087
5393	1617	108.67218
5393	1358	108.59223
5393	1225	108.52596
5393	1259	105.578186
5393	2858	105.52587
5393	150	103.707825
5393	50	101.5408
5393	1193	99.34826
5394	527	326.93448
5394	34	321.68744
5394	1198	311.37686
5394	3108	309.86163
5394	357	309.15823
5394	1968	306.76465
5394	589	304.7677
5394	2289	299.63928
5394	110	299.5981
5394	1094	299.50497
5395	2858	75.31721
5395	608	72.2671
5395	593	68.617966
5395	1196	67.04201
5395	2028	64.90376
5395	2599	64.83444
5395	318	63.558933
5395	1198	63.22523
5395	296	62.756653
5395	527	61.76219
5396	1240	75.500885
5396	1580	70.12048
5396	480	68.93605
5396	1270	68.16156
5396	592	68.13073
5396	457	67.34709
5396	1374	67.188324
5396	2916	66.59595
5396	2987	66.118744
5396	110	64.966545
5397	1617	191.10834
5397	1610	187.28046
5397	1036	182.1532
5397	1270	180.22499
5397	260	180.02454
5397	377	179.8541
5397	2000	179.25133
5397	1500	175.39967
5397	1210	174.60095
5397	32	171.91518
5398	2716	17.86949
5398	223	17.691975
5398	296	17.481781
5398	2599	17.377697
5398	2396	17.230118
5398	608	16.786646
5398	2571	16.70729
5398	1196	16.673115
5398	2700	16.639036
5398	2028	16.562763
5399	1580	54.472965
5399	1196	49.287773
5399	1240	48.17748
5399	1573	47.039124
5399	1210	46.93473
5399	260	46.749916
5399	316	46.343067
5399	1676	46.07958
5399	1127	45.91482
5399	457	45.412956
5400	2716	4.766563
5400	1485	4.7156
5400	1777	4.697235
5400	231	4.682769
5400	367	4.643752
5400	3255	4.552241
5400	2683	4.547483
5400	1923	4.464768
5400	1517	4.4371786
5400	1377	4.429295
5401	1265	94.10566
5401	1213	93.35094
5401	25	91.38582
5401	36	91.0295
5401	1784	89.36574
5401	1617	88.90235
5401	3418	88.87299
5401	39	87.067444
5401	2268	86.639854
5401	50	86.49493
5402	1198	58.629887
5402	608	58.43114
5402	858	56.894447
5402	593	55.401676
5402	1210	54.535965
5402	2028	53.518265
5402	1265	52.18395
5402	457	51.719955
5402	924	51.505814
5402	1214	51.398167
5403	1580	99.466354
5403	589	98.84997
5403	2916	96.100914
5403	1198	94.247955
5403	2716	93.27476
5403	1270	93.19867
5403	2028	92.84562
5403	1265	90.72957
5403	1197	90.15606
5403	2000	89.995186
5404	1196	152.0526
5404	1265	145.80688
5404	593	143.68512
5404	2858	142.40244
5404	2028	141.46179
5404	1197	139.25172
5404	1617	138.25235
5404	2918	136.18716
5404	457	135.11473
5404	858	133.91728
5405	593	68.391594
5405	3418	67.4986
5405	527	66.994156
5405	2291	66.611404
5405	2268	66.54018
5405	1617	66.0209
5405	1682	65.773544
5405	1213	65.40836
5405	36	65.2623
5405	1358	64.20181
5406	1307	69.38275
5406	356	64.62429
5406	2100	64.54496
5406	39	63.98752
5406	2081	63.100273
5406	1079	62.80866
5406	2716	62.36565
5406	2321	61.916134
5406	2174	61.85536
5406	1641	61.471813
5407	2858	14.935787
5407	608	14.934591
5407	1265	14.431107
5407	2396	14.146481
5407	1196	14.130907
5407	296	14.105385
5407	593	14.026022
5407	2762	13.695622
5407	318	13.517844
5407	1580	13.510422
5408	1210	66.11156
5408	2640	66.0241
5408	1197	65.45234
5408	1200	64.944145
5408	1198	63.952812
5408	1214	63.398415
5408	2174	63.12118
5408	2797	62.624878
5408	2406	62.327827
5408	2987	61.549164
5409	608	13.809934
5409	296	13.783797
5409	2028	13.304565
5409	50	13.260532
5409	1196	13.152567
5409	318	13.08887
5409	2396	12.919065
5409	2571	12.722852
5409	1617	12.719028
5409	527	12.688379
5410	1196	11.192341
5410	2716	11.097539
5410	2858	10.746675
5410	1580	10.436797
5410	260	10.388744
5410	1198	10.317332
5410	2028	10.298912
5410	858	10.100183
5410	457	10.037251
5410	1270	10.019361
5411	1196	10.010444
5411	260	9.999479
5411	2716	9.372678
5411	2987	9.044363
5411	1198	8.826754
5411	1197	8.66852
5411	1	8.6281595
5411	1097	8.5991955
5411	1270	8.595028
5411	1291	8.388016
5412	2985	188.11948
5412	592	184.61668
5412	1527	184.41273
5412	457	181.17654
5412	1270	178.24683
5412	1610	177.42372
5412	2640	176.15332
5412	2000	172.14893
5412	377	171.00647
5412	316	169.71986
5413	457	143.98929
5413	480	143.69751
5413	2028	138.69304
5413	858	136.12663
5413	1610	135.74261
5413	1387	132.87329
5413	592	131.88005
5413	1127	131.47632
5413	1213	131.16008
5413	1374	130.7814
5414	1200	70.050385
5414	1198	69.96823
5414	1214	68.11137
5414	1291	67.43573
5414	110	64.66273
5414	592	64.305275
5414	2174	64.25539
5414	1387	64.13406
5414	1220	63.43591
5414	2985	63.031193
5415	2918	38.902718
5415	1079	38.64441
5415	2797	38.283653
5415	1394	37.95095
5415	2174	37.436043
5415	1196	37.066067
5415	2791	36.886166
5415	1198	35.52706
5415	260	35.185627
5415	3361	35.043884
5416	1265	19.322674
5416	1270	19.073317
5416	608	19.003744
5416	1259	18.630646
5416	1197	18.40584
5416	1580	18.239143
5416	2396	18.219116
5416	1617	17.930481
5416	2997	17.85297
5416	589	17.833002
5417	1196	31.209242
5417	1240	30.051704
5417	1210	29.96183
5417	1291	29.456663
5417	1580	29.413687
5417	1374	29.308258
5417	1200	29.256254
5417	592	28.877457
5417	2916	28.70717
5417	2968	28.706135
5418	2571	176.07375
5418	1097	169.65067
5418	1136	168.89906
5418	2918	168.30376
5418	1259	168.18526
5418	608	166.15231
5418	1307	164.9074
5418	2987	164.81165
5418	2028	163.07547
5418	541	162.28116
5419	608	56.16414
5419	1617	53.698692
5419	1213	50.54609
5419	296	50.407475
5419	923	50.21387
5419	541	49.568516
5419	924	48.389675
5419	1219	48.231533
5419	1247	47.81864
5419	593	47.24362
5420	2096	86.37017
5420	1032	81.42194
5420	3034	68.133644
5420	2089	65.083664
5420	2987	64.243416
5420	2294	63.80725
5420	2090	63.203777
5420	1033	62.82749
5420	2141	62.772926
5420	3114	60.054665
5421	1617	60.10969
5421	50	57.84401
5421	2858	57.55818
5421	1265	56.0951
5421	1094	55.914173
5421	36	54.730095
5421	1225	53.601856
5421	2396	52.8478
5421	1196	52.656006
5421	1259	52.251476
5422	1136	110.41372
5422	1394	110.03809
5422	1294	109.78965
5422	1307	105.57511
5422	3361	105.17719
5422	2396	102.099045
5422	2174	101.65986
5422	3421	100.028366
5422	910	99.59871
5422	1259	99.07653
5423	1196	56.37117
5423	296	55.501244
5423	1198	53.312744
5423	2028	53.155556
5423	1213	53.041515
5423	260	52.075138
5423	1270	50.891632
5423	2396	50.125835
5423	1197	49.078957
5423	1265	48.969162
5424	457	86.16854
5424	1265	84.2925
5424	480	84.01555
5424	260	82.03347
5424	1198	81.745445
5424	1617	80.51318
5424	1	79.539154
5424	356	78.81908
5424	50	78.65631
5424	1240	77.9501
5425	2997	31.906214
5425	2762	29.359911
5425	593	29.302635
5425	2396	29.058378
5425	2599	28.58136
5425	1196	28.547058
5425	50	27.94139
5425	1617	27.745863
5425	1213	27.270826
5425	527	27.126816
5426	1580	177.53453
5426	110	171.42169
5426	2406	170.39592
5426	1197	166.84923
5426	2797	166.33884
5426	1265	166.14362
5426	1220	165.6613
5426	260	163.97006
5426	2918	163.38385
5426	2174	161.67682
5427	608	68.80235
5427	858	64.67998
5427	296	62.73484
5427	593	62.322014
5427	318	61.155716
5427	1213	60.623978
5427	1270	60.25602
5427	1265	59.90427
5427	2396	59.810513
5427	1197	59.775166
5428	377	176.38316
5428	1777	175.2323
5428	150	173.89044
5428	1500	172.17136
5428	2858	170.49847
5428	339	164.79628
5428	2424	163.5852
5428	480	163.35985
5428	2671	162.07564
5428	708	161.92885
5429	608	85.234764
5429	296	77.1562
5429	2396	75.287575
5429	1225	73.046684
5429	1704	72.485306
5429	2289	71.757965
5429	1259	71.555435
5429	1394	70.38069
5429	1094	69.151505
5429	1196	69.109535
5430	2087	69.96481
5430	1032	64.889656
5430	900	56.328945
5430	2018	55.966976
5430	2085	54.06927
5430	1197	53.362408
5430	596	52.913372
5430	1073	52.789745
5430	1	52.521687
5430	2396	51.975628
5431	1704	54.032238
5431	527	53.469906
5431	608	51.422775
5431	593	50.60034
5431	1393	50.345943
5431	2028	48.517693
5431	2291	48.490566
5431	1641	48.03076
5431	1784	47.806416
5431	296	47.71254
5432	912	123.844955
5432	908	116.06504
5432	1221	113.3986
5432	1208	110.53408
5432	1952	108.82596
5432	1213	107.49461
5432	1219	106.98067
5432	924	106.905815
5432	903	106.683975
5432	910	106.0709
5433	110	284.42813
5433	1291	278.46542
5433	2000	276.52814
5433	165	269.5901
5433	1377	267.9367
5433	474	267.8089
5433	1197	265.79166
5433	1	259.8758
5433	367	258.20416
5433	1220	253.27023
5434	2858	140.56639
5434	1617	139.30742
5434	1500	136.96205
5434	1641	136.16983
5434	593	136.1329
5434	2997	135.62111
5434	50	134.62317
5434	2396	133.64456
5434	3108	131.07059
5434	2599	130.82642
5435	2916	37.73571
5435	1196	36.69541
5435	608	36.251728
5435	593	35.706905
5435	1265	35.64587
5435	318	35.09749
5435	260	34.876507
5435	1198	34.65461
5435	296	34.25505
5435	1270	34.139103
5436	457	29.983564
5436	733	29.578619
5436	780	29.374817
5436	377	29.169588
5436	1573	28.29302
5436	1370	28.158619
5436	110	27.916168
5436	316	27.55633
5436	2628	27.555832
5436	648	27.53043
5437	1197	118.48739
5437	1200	115.73337
5437	589	112.23334
5437	1580	111.5292
5437	592	110.632095
5437	2916	110.38099
5437	457	108.7195
5437	1222	105.94181
5437	1394	105.72506
5437	1374	105.04398
5438	1213	68.68326
5438	50	65.6105
5438	2028	65.02587
5438	2268	64.40736
5438	2858	63.947075
5438	1358	62.9808
5438	3418	62.662865
5438	110	60.820602
5438	590	60.251343
5438	2291	60.057343
5439	858	10.4627285
5439	608	10.010523
5439	1196	9.52878
5439	593	9.456698
5439	260	9.4380245
5439	318	9.427325
5439	2997	9.40029
5439	1198	9.335286
5439	2028	9.26746
5439	527	9.245207
5440	608	27.102081
5440	2858	24.991774
5440	296	24.382504
5440	2289	24.314346
5440	1213	24.159573
5440	50	23.48226
5440	2396	23.453802
5440	2395	22.948761
5440	39	22.466219
5440	593	22.390156
5441	1196	147.5508
5441	1198	136.30948
5441	1240	132.30154
5441	541	129.33977
5441	1210	129.01727
5441	1097	126.30423
5441	589	125.96549
5441	1387	125.44986
5441	1197	125.302444
5441	1220	124.27278
5442	1265	55.60567
5442	1213	55.3488
5442	2028	55.239895
5442	2997	54.717278
5442	527	53.338264
5442	2571	52.922295
5442	1198	51.917965
5442	457	51.561756
5442	589	51.29479
5442	1	51.029285
5443	1198	252.26643
5443	457	244.56837
5443	1291	238.49323
5443	1610	237.88792
5443	32	229.1359
5443	1617	222.83101
5443	2396	218.837
5443	1387	218.78339
5443	1573	218.74445
5443	1376	218.11281
5444	2959	16.550955
5444	223	16.360104
5444	2355	15.918271
5444	2716	15.750132
5444	2694	15.69264
5444	2541	15.620121
5444	785	15.595145
5444	2605	15.571565
5444	2688	14.880433
5444	2599	14.712845
5445	1580	110.21288
5445	1291	109.15661
5445	1374	108.83565
5445	296	107.59343
5445	2985	106.25969
5445	1136	104.191826
5445	2000	102.33754
5445	1206	102.00454
5445	592	101.82229
5445	2987	101.71976
5446	904	82.67251
5446	1247	80.82669
5446	1230	79.852104
5446	111	78.81107
5446	913	77.61922
5446	1294	76.196846
5446	924	75.35869
5446	1945	75.33608
5446	922	72.2748
5446	1952	72.074326
5447	608	78.72008
5447	318	78.06777
5447	527	77.82693
5447	2396	76.873276
5447	1674	75.524254
5447	1617	73.93546
5447	1094	73.607704
5447	34	73.48626
5447	1265	72.945656
5447	593	72.911156
5448	1079	148.83347
5448	608	142.98917
5448	1304	142.57939
5448	2352	140.78258
5448	1307	140.50706
5448	1394	140.15924
5448	912	138.40187
5448	3362	135.81117
5448	1259	135.47208
5448	923	135.39413
5449	2916	97.60824
5449	457	96.25428
5449	480	95.50803
5449	733	94.12529
5449	1370	92.456635
5449	1036	92.22003
5449	380	91.694336
5449	592	90.171135
5449	1198	88.889885
5449	2000	88.71434
5450	1265	154.08034
5450	541	152.7035
5450	1	150.15196
5450	1200	149.33316
5450	32	145.01704
5450	1617	142.11188
5450	924	141.73306
5450	2028	138.93295
5450	1394	138.82079
5450	2997	136.92369
5451	1240	82.32503
5451	2571	78.293816
5451	1387	76.607574
5451	1210	75.98866
5451	608	75.61198
5451	457	74.79065
5451	2916	74.217575
5451	1291	73.219406
5451	2987	72.224625
5451	1580	70.75845
5452	1265	159.24007
5452	2028	152.25854
5452	1617	145.0735
5452	593	144.78238
5452	110	141.19823
5452	1197	140.51183
5452	50	139.50214
5452	2321	137.54514
5452	1036	137.07884
5452	356	135.42384
5453	1210	178.03221
5453	1270	167.01016
5453	1127	161.35233
5453	592	154.58144
5453	2640	153.5768
5453	1265	152.77583
5453	1573	152.01648
5453	1387	151.64539
5453	2987	149.26224
5453	924	147.9863
5454	912	47.45353
5454	923	46.914154
5454	1252	45.78471
5454	904	45.767014
5454	908	45.53733
5454	858	44.69059
5454	750	43.24449
5454	1219	43.173782
5454	910	42.209053
5454	111	41.856426
5455	1196	94.38788
5455	2028	89.43437
5455	1210	89.07859
5455	2997	86.60139
5455	480	86.410225
5455	1580	86.16567
5455	593	85.2076
5455	2355	83.71966
5455	1240	83.117386
5455	457	81.82128
5456	1265	28.52291
5456	608	28.47545
5456	2858	28.13694
5456	1617	27.324354
5456	318	26.480639
5456	2997	26.41979
5456	1079	26.105051
5456	1136	25.989416
5456	527	25.894054
5456	593	25.78402
5457	2916	133.25735
5457	32	120.09262
5457	1097	118.287186
5457	1291	117.87123
5457	592	114.68565
5457	329	112.81609
5457	1584	109.795135
5457	457	108.43897
5457	1610	107.17022
5457	3175	106.82094
5458	318	206.85022
5458	1265	200.40245
5458	260	185.56972
5458	1094	181.99573
5458	34	178.40631
5458	32	177.21886
5458	1270	175.0503
5458	1210	172.6851
5458	2716	172.49883
5458	110	172.46721
5459	1923	89.10957
5459	3255	86.66777
5459	2716	84.65474
5459	440	84.306984
5459	380	84.1897
5459	543	83.771416
5459	2706	82.887215
5459	1	81.669395
5459	586	81.136246
5459	539	80.53127
5460	1617	80.08685
5460	593	79.738495
5460	2028	76.10377
5460	1197	75.423584
5460	1214	73.79922
5460	1240	72.48702
5460	1210	71.81912
5460	1265	71.736465
5460	1225	71.32951
5460	924	71.25338
5461	1265	34.922684
5461	1136	34.197414
5461	1394	34.12991
5461	1079	33.231125
5461	608	32.629467
5461	1288	31.507807
5461	1197	31.477926
5461	1230	31.345013
5461	1278	31.219
5461	1617	30.908699
5462	2858	19.096983
5462	2716	17.882467
5462	2699	17.74733
5462	2571	17.328663
5462	589	17.021812
5462	1127	17.002724
5462	2997	16.98417
5462	1580	16.97981
5462	785	16.642439
5462	110	16.615639
5463	858	134.19536
5463	904	130.10092
5463	111	129.00714
5463	608	128.57225
5463	1945	126.78814
5463	903	125.571205
5463	1294	121.86816
5463	924	120.63564
5463	1617	119.025795
5463	922	117.87068
5464	923	86.60383
5464	1617	84.34427
5464	111	82.86174
5464	908	82.44678
5464	1221	81.65447
5464	1219	79.73211
5464	1294	78.52431
5464	1213	77.8131
5464	1208	77.76991
5464	924	77.65759
5465	2716	12.286571
5465	2599	11.847591
5465	593	11.422176
5465	2762	11.293154
5465	2028	11.251684
5465	296	11.238859
5465	2396	11.09614
5465	1265	10.972029
5465	2395	10.85224
5465	1127	10.766259
5466	318	150.90869
5466	2599	143.66753
5466	1500	137.86757
5466	2762	134.96906
5466	21	134.92746
5466	1	134.20001
5466	2571	133.79845
5466	1196	132.68193
5466	858	132.6083
5466	457	131.56477
5467	1953	12.209292
5467	1084	12.054959
5467	1247	11.979136
5467	913	11.917451
5467	3363	11.792196
5467	1294	11.729982
5467	858	11.68443
5467	1252	11.60444
5467	904	11.558964
5467	908	11.447361
5468	1197	189.2116
5468	1270	185.5771
5468	2858	184.8115
5468	111	182.77576
5468	589	182.58292
5468	1079	179.62086
5468	1225	178.57806
5468	2396	176.77539
5468	912	176.45695
5468	1259	175.87556
5469	1196	81.96526
5469	589	80.892136
5469	260	80.62824
5469	1198	76.16982
5469	50	76.11577
5469	858	75.40445
5469	480	74.233696
5469	1580	73.68159
5469	1387	70.83526
5469	1221	70.26326
5470	923	55.11281
5470	912	55.033543
5470	908	52.805866
5470	919	51.230167
5470	111	50.808315
5470	904	50.59035
5470	1221	50.588245
5470	1617	50.14724
5470	1084	49.258175
5470	924	48.61892
5471	1196	15.279691
5471	2858	15.17981
5471	318	15.148589
5471	608	15.141163
5471	2571	14.559006
5471	1265	14.411389
5471	1580	14.363582
5471	2762	14.292521
5471	593	14.279518
5471	2028	14.215313
5472	260	162.74774
5472	1374	151.34215
5472	1036	150.09631
5472	1200	149.9745
5472	1214	145.78932
5472	2406	142.48737
5472	2640	140.58972
5472	1097	140.06549
5472	2987	138.71312
5472	1127	138.60603
5473	1197	105.52547
5473	1387	104.48498
5473	1270	103.26137
5473	377	100.528694
5473	1220	100.28827
5473	2985	99.36692
5473	608	98.54787
5473	1127	98.39865
5473	2640	98.21374
5473	1222	97.93976
5474	1374	43.262478
5474	1210	43.016685
5474	2916	42.814423
5474	2985	41.736794
5474	1206	41.532234
5474	1580	40.82679
5474	2640	39.50945
5474	1198	38.849228
5474	1127	38.69523
5474	1376	38.56141
5475	1265	238.47684
5475	2797	234.83995
5475	3361	229.50143
5475	1198	229.09319
5475	1617	227.03613
5475	2028	219.57434
5475	50	215.95174
5475	235	212.72021
5475	1036	210.79317
5475	1	208.41075
5476	608	19.140383
5476	2858	18.565977
5476	296	17.989857
5476	318	17.79875
5476	1617	17.531925
5476	1213	16.970438
5476	593	16.938839
5476	858	16.768932
5476	2028	16.46489
5476	2396	16.30968
5477	1240	22.550686
5477	1210	21.945595
5477	1200	21.814938
5477	541	21.730349
5477	2571	20.745579
5477	589	20.63558
5477	1374	20.598824
5477	1580	20.154598
5477	1197	20.067947
5477	480	20.06712
5478	2571	27.709488
5478	1580	27.39635
5478	2028	27.049242
5478	480	26.972502
5478	1210	26.883537
5478	1198	26.44055
5478	457	26.06879
5478	110	25.9663
5478	1270	25.939838
5478	2916	25.832382
5479	2918	74.7838
5479	1259	74.59232
5479	2797	72.66062
5479	2174	71.285904
5479	608	70.35005
5479	1265	69.03929
5479	1288	68.24915
5479	1220	68.0308
5479	260	67.639244
5479	2804	67.33896
5480	357	81.22319
5480	356	76.86899
5480	539	75.45015
5480	440	74.92026
5480	1197	74.91801
5480	11	73.727425
5480	2081	70.508484
5480	1	70.22299
5480	2671	69.28936
5480	2174	68.71687
5481	2571	23.472979
5481	3175	22.60409
5481	223	22.515652
5481	3174	21.943396
5481	296	21.931192
5481	1580	21.805332
5481	2716	21.716383
5481	589	21.571213
5481	593	21.351229
5481	480	21.317036
5482	296	258.64548
5482	457	252.61098
5482	1265	248.48795
5482	110	243.21007
5482	1197	239.0377
5482	1240	238.97914
5482	2916	238.67949
5482	1036	237.53847
5482	1210	231.36768
5482	1200	227.41354
5483	3255	116.499435
5483	3253	113.31294
5483	1641	112.17043
5483	356	112.044655
5483	500	107.95232
5483	1784	107.88206
5483	587	106.5848
5483	1747	102.06708
5483	34	101.626755
5483	2671	99.40297
5484	1214	67.95348
5484	2916	66.404816
5484	1580	65.20658
5484	1198	64.380035
5484	1036	62.010323
5484	2985	61.499363
5484	924	60.582813
5484	110	59.847897
5484	457	59.325764
5484	1127	59.205082
5485	1097	86.700035
5485	2985	85.730194
5485	589	84.74414
5485	480	82.977104
5485	2916	82.603676
5485	1197	81.69466
5485	750	80.037384
5485	1127	79.99007
5485	1206	79.32726
5485	1356	78.387764
5486	608	35.096447
5486	1252	29.002935
5486	111	28.643965
5486	593	28.062277
5486	1953	27.934643
5486	260	27.233412
5486	1196	27.003368
5486	1219	26.8527
5486	1214	26.400925
5486	318	26.38612
5487	1196	37.773987
5487	1580	36.788036
5487	480	36.69973
5487	2916	36.449806
5487	1210	36.215492
5487	1200	34.62126
5487	1374	34.02883
5487	2628	33.77427
5487	457	33.097683
5487	1197	33.04484
5488	1580	133.15895
5488	318	130.6929
5488	457	126.64553
5488	2858	125.74861
5488	1617	122.45629
5488	1270	119.73824
5488	377	118.35541
5488	356	118.09041
5488	1197	117.44573
5488	34	116.99659
5489	608	70.38508
5489	457	68.68541
5489	480	67.81765
5489	1580	67.25545
5489	2916	67.2145
5489	2762	65.34251
5489	1265	65.2523
5489	1197	65.14052
5489	1036	63.853832
5489	1200	63.251728
5490	1240	89.24262
5490	1573	87.67335
5490	1210	86.95227
5490	1200	85.73414
5490	110	84.43219
5490	733	84.096565
5490	377	83.69342
5490	380	81.57061
5490	1374	81.48035
5490	1036	81.41574
5491	457	153.4902
5491	50	148.50931
5491	1	148.07695
5491	527	147.98494
5491	2396	141.47005
5491	260	140.6542
5491	2762	140.15999
5491	1500	139.56638
5491	21	139.08313
5491	1610	139.02016
5492	380	129.43639
5492	733	120.2412
5492	1377	119.98232
5492	1573	115.66876
5492	1552	115.483376
5492	368	113.13952
5492	165	112.63172
5492	153	112.374245
5492	2699	111.42887
5492	356	110.73146
5493	2321	217.42192
5493	2268	216.50911
5493	1060	206.58748
5493	357	200.91212
5493	1639	200.07097
5493	3386	195.8357
5493	223	194.9513
5493	440	193.2511
5493	590	191.45001
5493	2916	190.66515
5494	912	45.990505
5494	1247	45.92962
5494	923	44.8185
5494	1252	43.43578
5494	608	43.16215
5494	919	43.109337
5494	260	41.7767
5494	908	41.29078
5494	1225	39.906403
5494	527	39.51447
5495	608	25.161135
5495	296	25.121191
5495	593	24.21958
5495	2396	23.584478
5495	2716	23.50592
5495	1196	23.451548
5495	2599	23.228594
5495	50	23.20465
5495	1265	23.155186
5495	2571	22.762304
5496	527	59.21064
5496	2997	56.48984
5496	1196	54.216286
5496	1358	53.23593
5496	589	52.74404
5496	3418	52.38505
5496	2395	52.31721
5496	1089	51.960766
5496	1500	51.43427
5496	1094	51.06877
5497	1580	118.215576
5497	1291	117.3745
5497	2716	117.21349
5497	1136	113.06361
5497	592	113.00477
5497	457	111.97426
5497	2406	111.74848
5497	480	110.8389
5497	2916	110.74544
5497	110	108.86939
5498	296	36.888527
5498	318	36.540436
5498	593	35.75131
5498	1617	34.207672
5498	2858	33.934025
5498	50	33.24244
5498	2028	32.738525
5498	1265	31.807774
5498	2396	31.805735
5498	1094	31.78377
5499	318	73.3535
5499	593	71.328
5499	527	67.81027
5499	480	66.87547
5499	1	65.48204
5499	2268	65.10955
5499	1610	64.82524
5499	2762	64.42444
5499	2396	64.27367
5499	356	64.18384
5500	318	33.636314
5500	527	33.28833
5500	2289	31.950294
5500	1213	31.402151
5500	593	31.35081
5500	1704	31.208189
5500	994	30.313023
5500	3260	30.02185
5500	2396	29.917597
5500	1358	29.664095
5501	1580	285.00308
5501	1198	279.4906
5501	1036	259.03787
5501	608	257.35175
5501	858	254.71028
5501	593	250.45355
5501	1259	250.13507
5501	1291	249.68861
5501	1387	249.68553
5501	592	248.44551
5502	1617	64.292
5502	2028	63.360294
5502	1704	63.267464
5502	50	61.887325
5502	2291	61.02101
5502	1094	60.666954
5502	39	59.979725
5502	3418	59.62712
5502	2997	58.39984
5502	2762	58.00359
5503	1265	34.938522
5503	2762	34.816547
5503	2028	34.092808
5503	2599	33.743122
5503	50	33.20336
5503	527	32.848328
5503	1617	32.82614
5503	1213	32.78517
5503	223	32.727875
5503	1196	31.888208
5504	2001	306.0897
5504	2006	301.61264
5504	2353	298.09494
5504	736	297.62057
5504	442	296.4247
5504	173	285.4705
5504	1037	284.88135
5504	1396	284.72095
5504	2278	282.76016
5504	353	282.1037
5505	1282	59.653786
5505	1029	58.630093
5505	2087	58.022465
5505	1197	56.50063
5505	919	55.879387
5505	1097	54.873943
5505	596	54.667233
5505	2078	53.802334
5505	1270	53.4584
5505	1028	52.839077
5506	1196	40.547855
5506	1580	38.95227
5506	2105	38.277386
5506	1270	38.029266
5506	1197	37.51973
5506	1198	37.19181
5506	1291	37.14783
5506	480	36.904068
5506	1240	36.572758
5506	2571	36.093628
5507	2716	20.564377
5507	593	19.502666
5507	2762	19.469213
5507	2028	19.21324
5507	2959	18.972223
5507	223	18.92279
5507	2599	18.817371
5507	2571	18.685957
5507	457	18.429562
5507	2396	18.182062
5508	785	35.930042
5508	2997	35.603447
5508	2959	35.1838
5508	2694	34.89501
5508	2605	33.8812
5508	1093	33.433044
5508	2688	32.90319
5508	2580	32.526913
5508	1513	31.676252
5508	2433	31.55056
5509	608	47.887596
5509	2289	47.54148
5509	923	45.46444
5509	1225	43.813866
5509	1230	43.032993
5509	1247	43.014923
5509	1952	42.62554
5509	1244	42.557137
5509	1041	42.54711
5509	1228	42.298462
5510	1036	68.790054
5510	2571	66.68712
5510	1198	66.513214
5510	1291	66.34444
5510	1580	63.76915
5510	377	62.053185
5510	2028	61.529453
5510	733	60.671947
5510	1374	60.51741
5510	1370	60.32439
5511	2028	358.09122
5511	1222	325.0885
5511	2278	315.82394
5511	1676	312.1209
5511	2529	310.39456
5511	590	306.11502
5511	1097	304.3262
5511	1408	303.09888
5511	1391	297.13663
5511	1136	295.87607
5512	1580	170.35893
5512	1265	169.78639
5512	1270	166.74066
5512	2797	165.39511
5512	1220	154.82742
5512	480	153.93053
5512	592	153.91177
5512	2571	150.68057
5512	589	150.23447
5512	39	149.39458
5513	608	43.867603
5513	858	43.657375
5513	1084	42.72181
5513	527	41.77217
5513	1674	41.48092
5513	111	41.396748
5513	318	41.091038
5513	1221	40.867874
5513	1208	40.55685
5513	1231	40.42772
5514	2858	16.962444
5514	2716	15.556582
5514	1	15.491384
5514	2355	15.3474865
5514	2396	15.130609
5514	2959	14.900516
5514	2710	14.814761
5514	2987	14.704395
5514	223	14.459485
5514	2706	14.424513
5515	2571	29.773659
5515	1210	29.536974
5515	1198	29.388786
5515	589	28.857418
5515	1240	28.625418
5515	480	28.059795
5515	1580	27.82507
5515	1097	27.690968
5515	1197	27.491379
5515	457	27.248829
5516	457	95.835495
5516	1196	92.49377
5516	1036	92.297905
5516	1270	92.29728
5516	1610	91.88177
5516	1291	90.8099
5516	1265	90.48216
5516	1197	90.243065
5516	377	89.791145
5516	2571	88.94938
5517	1252	128.00124
5517	2203	127.9804
5517	2300	127.15223
5517	1084	125.3074
5517	1267	124.810326
5517	942	124.703476
5517	909	122.34434
5517	1247	118.59511
5517	2935	114.42055
5517	911	113.586426
5518	1391	64.540184
5518	1527	63.435974
5518	380	63.386875
5518	1	61.748783
5518	1196	61.601723
5518	377	61.15787
5518	1676	61.117954
5518	1917	61.06862
5518	1270	61.06399
5518	1265	61.051
5519	1240	168.0514
5519	1374	167.86362
5519	1200	161.5711
5519	2916	161.11264
5519	592	161.05139
5519	2640	160.94057
5519	2406	160.93999
5519	2985	158.92108
5519	2000	157.89748
5519	1214	156.20097
5520	1196	117.25998
5520	1580	112.531876
5520	589	111.69111
5520	260	110.41015
5520	1210	108.07503
5520	318	107.718094
5520	1	107.27548
5520	1270	106.890175
5520	1617	106.63167
5520	110	105.79296
5521	318	42.856728
5521	296	42.258354
5521	2028	40.73866
5521	1265	40.01567
5521	1617	39.160862
5521	1213	38.54226
5521	2396	38.44096
5521	2997	37.89353
5521	356	37.265606
5521	2571	36.16338
5522	1079	289.81384
5522	235	271.20126
5522	593	269.51294
5522	1196	268.77542
5522	1641	259.2204
5522	34	257.07584
5522	2804	252.38031
5522	3418	247.64714
5522	1358	246.04631
5522	2028	245.59926
5523	1127	238.15816
5523	2001	232.37265
5523	1391	229.6884
5523	2797	228.01741
5523	2028	225.95969
5523	368	223.92772
5523	736	223.1103
5523	349	222.21289
5523	2174	221.85886
5523	2716	221.81396
5524	1947	69.856674
5524	1029	68.91693
5524	969	65.2957
5524	900	64.29574
5524	912	63.287407
5524	1269	60.87415
5524	1247	60.81978
5524	920	60.487392
5524	928	59.635468
5524	1032	58.980274
5525	1265	16.138899
5525	1580	15.995107
5525	2571	15.793719
5525	588	15.492607
5525	1270	15.44385
5525	589	15.413271
5525	2028	15.273607
5525	457	15.123615
5525	2396	15.029606
5525	34	14.644662
5526	908	124.25996
5526	1208	120.3088
5526	1219	115.62703
5526	318	113.49945
5526	1267	113.32729
5526	1094	112.720116
5526	1952	111.59579
5526	1230	110.85696
5526	1207	108.50046
5526	1358	108.46037
5527	2028	22.352938
5527	1704	22.123585
5527	608	22.035942
5527	457	21.891853
5527	318	21.870518
5527	1213	21.502829
5527	593	21.330677
5527	110	21.019135
5527	377	20.84531
5527	2571	20.790577
5528	608	54.034534
5528	1213	48.42368
5528	318	47.38594
5528	1221	47.297245
5528	111	45.963932
5528	1193	45.64647
5528	260	45.323414
5528	50	45.206223
5528	1247	44.53146
5528	1208	44.11055
5529	1197	6.7562456
5529	1196	6.6480665
5529	589	6.6366825
5529	457	6.608141
5529	1270	6.594392
5529	2028	6.51651
5529	480	6.5106354
5529	2571	6.4903016
5529	1259	6.4663124
5529	1580	6.449805
5530	1196	251.82097
5530	2100	241.20294
5530	1079	240.40727
5530	1220	240.3267
5530	2406	239.5074
5530	1394	238.23064
5530	1198	237.77422
5530	1210	233.93361
5530	1291	233.77809
5530	21	232.523
5531	1036	139.24147
5531	1240	138.11676
5531	1196	137.03984
5531	1580	135.34007
5531	1370	133.5307
5531	2985	125.8098
5531	2640	121.80365
5531	10	117.12244
5531	165	116.83249
5531	1197	116.82244
5532	110	37.00374
5532	1704	36.483673
5532	377	35.70704
5532	457	35.631767
5532	2571	35.28683
5532	2858	34.863796
5532	2706	34.82504
5532	593	34.564903
5532	380	33.987278
5532	480	33.918392
5533	1196	12.716703
5533	1225	11.634089
5533	608	11.547614
5533	527	11.370286
5533	1208	11.359636
5533	111	11.287921
5533	1198	11.123087
5533	1097	10.974125
5533	593	10.836712
5533	1247	10.677514
5534	1240	40.135487
5534	2028	39.29864
5534	2571	39.274475
5534	1036	39.263462
5534	589	38.801018
5534	480	38.626827
5534	1214	37.654198
5534	457	37.490498
5534	858	37.036938
5534	110	36.94198
5535	1198	111.07393
5535	1240	108.144394
5535	1200	104.34388
5535	1214	103.989944
5535	1210	103.57196
5535	2571	102.96946
5535	1617	102.48453
5535	589	102.299164
5535	1270	101.44342
5535	1394	100.16415
5536	589	265.92795
5536	1197	254.55081
5536	377	253.18916
5536	1	252.3791
5536	1240	248.4138
5536	1220	241.8122
5536	3253	238.48103
5536	2396	238.42662
5536	39	236.92696
5536	1732	236.76904
5537	608	48.260178
5537	858	47.23274
5537	908	46.891136
5537	111	46.165226
5537	1617	45.389954
5537	1193	44.193924
5537	1221	43.56862
5537	527	42.737537
5537	1225	42.694912
5537	1084	42.57207
5538	1270	111.435524
5538	1198	105.87134
5538	2100	99.28673
5538	1200	97.7077
5538	260	97.48512
5538	1136	97.47534
5538	541	97.23883
5538	1968	96.091125
5538	1288	95.13271
5538	1210	94.59638
5539	1136	220.83511
5539	1265	210.822
5539	923	206.59808
5539	1	198.3125
5539	750	198.04076
5539	1304	193.50348
5539	527	191.77892
5539	2791	191.0791
5539	1225	190.45628
5539	2174	188.96973
5540	1210	57.905586
5540	1291	57.044178
5540	858	55.71028
5540	1374	55.65078
5540	1036	55.405254
5540	541	54.048397
5540	2640	52.522873
5540	2529	52.419228
5540	592	52.130383
5540	457	52.036022
5541	2028	24.652006
5541	593	24.131645
5541	1213	23.581776
5541	296	23.264107
5541	1240	22.755915
5541	1617	22.659922
5541	1210	22.355042
5541	1214	22.258125
5541	2858	22.236221
5541	110	22.12862
5542	1247	44.744884
5542	1084	44.011738
5542	1294	43.533707
5542	3363	43.360004
5542	1244	43.262928
5542	923	43.092587
5542	1221	42.672752
5542	1953	42.305878
5542	750	41.803276
5542	1952	41.137886
5543	2916	206.19383
5543	1527	195.68674
5543	2628	192.25113
5543	1374	190.81862
5543	2985	183.84988
5543	1676	183.53755
5543	1573	182.52583
5543	1372	181.87428
5543	2987	180.31859
5543	1584	179.54321
5544	2716	31.448801
5544	2762	30.88396
5544	2997	30.146313
5544	2706	29.339966
5544	2571	29.175886
5544	2959	28.863047
5544	2599	28.78305
5544	2028	28.156565
5544	2396	28.11068
5544	1196	27.879608
5545	923	103.31429
5545	1230	99.14306
5545	908	98.98312
5545	924	98.19392
5545	1221	97.28406
5545	260	97.20275
5545	1294	96.38145
5545	527	96.1779
5545	1213	94.23195
5545	1208	94.022575
5546	1387	20.101406
5546	1219	19.868412
5546	1982	19.261215
5546	1258	18.437216
5546	1333	18.255556
5546	1994	18.181791
5546	1345	18.118893
5546	260	17.982592
5546	1200	17.840769
5546	2455	17.688725
5547	356	92.31188
5547	318	84.93804
5547	440	83.87288
5547	608	83.21284
5547	1784	83.120865
5547	593	82.177345
5547	1	80.43314
5547	1569	80.13155
5547	3255	79.7472
5547	2321	79.20942
5548	1265	104.235115
5548	1213	103.21369
5548	2599	99.781525
5548	1641	98.407814
5548	2291	97.09963
5548	1358	96.62861
5548	1500	95.35272
5548	2289	94.693596
5548	34	93.29451
5548	2028	91.53659
5549	1196	16.542831
5549	260	16.253271
5549	1221	15.690628
5549	608	15.509861
5549	2028	15.104477
5549	1617	14.947896
5549	593	14.761605
5549	296	14.556332
5549	1387	14.167135
5549	50	14.126244
5550	2987	323.22214
5550	1573	322.27307
5550	1584	309.03302
5550	349	306.43787
5550	2641	296.07895
5550	1394	295.90717
5550	3104	286.8755
5550	1552	284.3458
5550	1377	283.5074
5550	1876	283.22357
5551	1278	32.103203
5551	1258	32.008797
5551	608	31.742508
5551	2366	31.642511
5551	2664	31.4733
5551	913	31.307894
5551	1221	31.205292
5551	260	31.058231
5551	904	30.957767
5551	924	30.81693
5552	608	13.50433
5552	2858	12.99324
5552	858	12.925659
5552	2396	12.853237
5552	296	12.605844
5552	593	12.562707
5552	1265	12.548216
5552	1617	12.474673
5552	318	12.288769
5552	34	11.9889345
5553	1196	143.00589
5553	457	135.56067
5553	1198	135.534
5553	2916	131.06863
5553	50	129.387
5553	1265	128.93883
5553	1214	128.26628
5553	1240	128.13821
5553	541	127.45636
5553	1221	126.72677
5554	2916	86.31364
5554	1210	82.28115
5554	1376	82.18379
5554	2640	81.13263
5554	480	80.082634
5554	1356	79.7928
5554	1206	76.15187
5554	1372	75.610306
5554	1584	75.57437
5554	1676	72.817894
5555	1374	266.4208
5555	2406	255.06174
5555	1372	248.95566
5555	1376	245.22424
5555	2001	244.11765
5555	1097	238.06995
5555	1396	235.89664
5555	1375	235.03787
5555	1101	229.66357
5555	2716	229.23776
5556	260	149.89667
5556	1376	146.42451
5556	2985	144.45644
5556	2529	137.31677
5556	2968	136.40991
5556	2628	133.3844
5556	1206	126.50386
5556	3175	125.369514
5556	1391	124.87423
5556	1198	124.51607
5557	1394	146.2571
5557	1196	143.38268
5557	1079	143.2965
5557	1259	142.3055
5557	1213	140.67769
5557	593	140.45424
5557	1617	138.77472
5557	2396	137.12
5557	2174	135.64102
5557	2797	134.19481
5558	1240	118.50276
5558	589	117.37238
5558	1200	115.865166
5558	2916	115.69266
5558	2105	112.99105
5558	1372	110.80869
5558	2985	109.43028
5558	1214	108.75555
5558	592	107.603355
5558	2193	104.37641
5559	1213	38.83897
5559	1704	38.781334
5559	50	36.173138
5559	2028	36.04038
5559	1265	34.359776
5559	2762	33.388683
5559	2396	33.128548
5559	2291	33.01343
5559	1094	32.547596
5559	1393	32.316593
5560	260	82.19788
5560	2916	81.41441
5560	1200	79.82045
5560	480	78.86779
5560	1374	75.491875
5560	541	75.11845
5560	1198	72.56178
5560	2640	72.25869
5560	1127	71.45633
5560	1356	70.24755
5561	296	109.59267
5561	593	108.043106
5561	150	99.77906
5561	1	98.46733
5561	1358	97.07931
5561	1784	96.86617
5561	2291	96.04127
5561	39	94.40757
5561	1641	94.35923
5561	589	94.22321
5562	2858	45.748962
5562	1196	45.72118
5562	593	44.306175
5562	608	43.300205
5562	2028	43.219193
5562	1198	42.799816
5562	1270	42.65656
5562	296	41.42681
5562	260	41.35426
5562	919	41.28847
5563	608	26.019648
5563	296	25.606403
5563	39	25.012278
5563	318	24.938408
5563	2997	24.692715
5563	2028	24.65107
5563	593	24.495298
5563	1641	24.393232
5563	1617	24.210972
5563	2321	23.86093
5564	608	17.538807
5564	1617	16.574314
5564	2858	16.473923
5564	296	16.29636
5564	858	16.060087
5564	593	16.024645
5564	2571	15.681221
5564	1213	15.161569
5564	457	15.150908
5564	318	15.1322365
5565	1374	135.89719
5565	457	132.93727
5565	1097	132.74432
5565	2985	131.5383
5565	1356	129.54836
5565	1036	128.22762
5565	2640	127.643135
5565	608	126.77177
5565	1610	126.09217
5565	924	125.88919
5566	608	79.0146
5566	858	78.8268
5566	1197	74.71729
5566	924	74.329834
5566	541	74.15913
5566	1208	73.87991
5566	1270	73.551765
5566	1617	73.23663
5566	1136	72.68232
5566	2858	72.39606
5567	912	163.51015
5567	2243	163.46426
5567	1084	163.45444
5567	1307	159.6694
5567	111	159.65376
5567	1304	158.37898
5567	1263	154.26569
5567	1288	153.88594
5567	318	152.95053
5567	1213	152.6807
5568	380	250.07938
5568	1917	248.42596
5568	1356	244.36246
5568	1391	241.22748
5568	1552	234.88936
5568	457	232.87817
5568	2105	229.44077
5568	1831	223.45438
5568	2617	222.3956
5568	2000	221.49345
5569	2396	132.96957
5569	1	125.80507
5569	318	121.20919
5569	588	119.869484
5569	587	119.784645
5569	1641	117.34903
5569	3255	116.884254
5569	34	116.69921
5569	2858	115.910774
5569	593	115.234764
5570	2000	218.2144
5570	2028	216.57207
5570	2406	206.38971
5570	2985	199.78812
5570	2797	197.83653
5570	1676	193.26164
5570	2353	193.02211
5570	2987	192.6478
5570	2115	192.20761
5570	2640	191.942
5571	904	63.414722
5571	1230	60.821575
5571	2186	60.263382
5571	919	60.091644
5571	922	57.90769
5571	1294	57.853687
5571	1221	57.23995
5571	2300	56.35319
5571	924	55.651505
5571	1952	54.577583
5572	457	55.187153
5572	1196	54.84249
5572	2571	53.939205
5572	1036	53.935852
5572	1198	52.385952
5572	2916	52.200096
5572	1610	52.172188
5572	608	50.920074
5572	260	50.72056
5572	1617	49.90166
5573	1252	92.62921
5573	1225	89.774574
5573	1230	86.476234
5573	903	85.61193
5573	919	82.89368
5573	1207	82.59421
5573	1617	81.328186
5573	1208	81.31621
5573	1219	81.15084
5573	1674	80.095
5574	1321	85.420364
5574	2455	85.021095
5574	1991	83.40067
5574	1130	79.235115
5574	1333	79.09953
5574	2148	78.71793
5574	2118	76.175804
5574	1215	76.06594
5574	1261	75.817696
5574	1278	74.49781
5575	1197	145.52689
5575	1196	137.09201
5575	1307	134.92966
5575	2791	133.59888
5575	1259	130.90071
5575	2987	130.39427
5575	1198	129.70027
5575	588	129.10442
5575	1210	128.30225
5575	440	127.46607
5576	480	187.08041
5576	780	179.2346
5576	1036	171.4492
5576	1527	167.28726
5576	2406	167.27019
5576	2000	167.21837
5576	733	164.8736
5576	1127	164.25372
5576	2641	161.73447
5576	2987	160.91846
5577	2395	3.4599767
5577	2997	3.4024167
5577	1500	3.2764795
5577	2599	3.143302
5577	608	3.1365895
5577	50	3.115016
5577	223	3.0676568
5577	296	2.9665146
5577	1732	2.965299
5577	593	2.9394813
5578	1198	83.47375
5578	1240	80.24102
5578	1580	78.43828
5578	608	77.04718
5578	110	76.38016
5578	1265	76.27529
5578	1200	76.149666
5578	2916	76.07711
5578	2000	75.40624
5578	2716	75.15888
5579	608	28.732143
5579	593	27.393133
5579	1617	26.010372
5579	1196	25.730877
5579	2858	25.192226
5579	50	25.042986
5579	260	24.534128
5579	1198	24.506212
5579	1704	23.375729
5579	1193	23.24469
5580	1270	220.8473
5580	2000	219.16069
5580	2028	216.34328
5580	608	212.87894
5580	2797	211.30261
5580	1259	209.00433
5580	1210	207.39478
5580	1610	207.33662
5580	2571	206.98146
5580	296	205.80656
5581	260	40.261948
5581	589	40.03966
5581	1198	39.83185
5581	1200	38.809544
5581	1291	38.73045
5581	2916	38.5794
5581	1610	37.72532
5581	2028	37.215523
5581	2000	37.19763
5581	1214	37.18504
5582	923	91.72736
5582	912	90.52428
5582	904	89.20625
5582	1084	84.17866
5582	919	83.76075
5582	1230	82.7467
5582	2300	82.66037
5582	1294	82.01166
5582	969	81.46172
5582	1219	81.38553
5583	1210	87.46434
5583	1387	84.55421
5583	2916	83.77957
5583	2000	83.45566
5583	480	83.01459
5583	1221	82.16262
5583	1580	81.5924
5583	592	80.23638
5583	2194	79.86623
5583	608	79.52894
5584	1387	29.161833
5584	858	28.722431
5584	1252	28.145332
5584	608	28.125902
5584	541	28.04881
5584	1196	27.351229
5584	924	27.28908
5584	912	27.18494
5584	1304	26.76448
5584	260	26.664576
5585	1197	149.78635
5585	21	147.4895
5585	593	146.05173
5585	1214	144.13138
5585	1259	142.03712
5585	1291	140.76218
5585	318	138.95139
5585	1079	138.3884
5585	527	136.14705
5585	2716	135.5977
5586	593	24.463232
5586	1213	24.418264
5586	50	23.76312
5586	527	23.514626
5586	2028	22.776901
5586	1196	21.468176
5586	2762	21.461325
5586	858	21.37334
5586	1265	21.196232
5586	2396	20.93837
5587	2858	39.485126
5587	2716	39.446747
5587	2762	38.01947
5587	1127	36.177094
5587	2599	35.046124
5587	2699	34.971542
5587	2997	34.8035
5587	2959	33.753212
5587	2770	33.471886
5587	593	33.055084
5588	608	28.883995
5588	111	27.463804
5588	1193	26.779882
5588	1225	26.646788
5588	1213	26.60544
5588	912	26.558996
5588	1136	25.823828
5588	527	25.748482
5588	296	25.716656
5588	318	25.704544
5589	608	19.42381
5589	296	18.684174
5589	1213	18.529732
5589	593	18.279995
5589	2858	17.98806
5589	318	17.939753
5589	50	17.879341
5589	527	17.433727
5589	2762	16.821575
5589	2289	16.508
5590	608	17.25866
5590	1213	16.372538
5590	296	16.261238
5590	318	15.426533
5590	1617	15.359051
5590	50	14.808082
5590	2064	14.136326
5590	1358	14.04717
5590	858	13.996074
5590	1704	13.882131
5591	1196	36.023556
5591	2858	35.371284
5591	608	34.927998
5591	318	33.77814
5591	593	33.65717
5591	2028	32.58382
5591	1198	32.47937
5591	2571	32.18656
5591	1265	32.099064
5591	1617	32.01134
5592	2916	117.04144
5592	2985	114.77594
5592	1214	111.96983
5592	329	102.88228
5592	2529	102.05839
5592	924	97.89448
5592	1198	96.773994
5592	1371	96.05696
5592	1396	95.92111
5592	2455	95.227295
5593	1198	146.42633
5593	1197	135.34717
5593	2640	135.21164
5593	1036	134.93077
5593	1291	133.24228
5593	2028	132.16171
5593	1387	131.4131
5593	1127	129.39986
5593	780	128.9224
5593	2000	127.72158
5594	1247	77.470825
5594	912	75.76333
5594	1196	73.866486
5594	318	73.417625
5594	111	72.3021
5594	1221	71.58426
5594	1252	71.57303
5594	296	71.33318
5594	2858	71.25589
5594	750	70.15517
5595	1580	135.78949
5595	1200	132.92169
5595	480	132.35905
5595	1214	129.1846
5595	260	128.17946
5595	2985	127.590416
5595	1527	124.61779
5595	1036	124.4542
5595	592	120.80399
5595	2628	120.43943
5596	1270	133.9222
5596	1240	133.31676
5596	924	130.86693
5596	1197	130.0518
5596	1136	128.582
5596	50	128.08752
5596	1259	127.94214
5596	1210	126.70083
5596	2858	126.19177
5596	1394	125.91041
5597	1347	125.38904
5597	1128	108.81542
5597	2867	103.17934
5597	1983	102.80799
5597	2118	102.42238
5597	2902	93.761185
5597	1346	92.27683
5597	1972	91.14077
5597	1332	90.00724
5597	1261	89.727104
5598	2028	108.14532
5598	480	106.95109
5598	457	105.160866
5598	2916	104.23245
5598	296	102.33914
5598	608	101.287674
5598	593	101.12231
5598	1197	100.65931
5598	1240	96.99343
5598	1610	96.77723
5599	708	88.86069
5599	2291	87.7034
5599	1704	83.968315
5599	2762	83.35721
5599	1784	81.824036
5599	1641	81.00262
5599	318	80.21464
5599	1777	79.9417
5599	593	79.67642
5599	3176	77.95801
5600	1265	167.92625
5600	1270	161.7486
5600	2396	158.21922
5600	1394	154.746
5600	2918	151.37282
5600	296	150.18541
5600	2174	147.74405
5600	1097	144.11742
5600	2028	142.47203
5600	1213	142.14638
5601	1196	58.699295
5601	318	56.103664
5601	1089	55.14862
5601	527	54.634228
5601	2858	53.629765
5601	2028	52.915092
5601	457	52.241947
5601	919	51.968254
5601	1214	51.907375
5601	1265	51.733887
5602	1196	50.655952
5602	608	50.13023
5602	318	49.872036
5602	2716	49.716476
5602	2762	49.633667
5602	1	49.523533
5602	593	49.16754
5602	2571	47.766758
5602	1198	47.74787
5602	1210	47.25789
5603	608	58.57105
5603	1617	54.84458
5603	1079	54.10935
5603	1197	54.07854
5603	1196	53.663597
5603	1094	52.97113
5603	1394	52.825325
5603	1247	52.093254
5603	296	51.613777
5603	1225	51.308983
5604	1196	118.637054
5604	1198	112.95196
5604	1617	111.668465
5604	858	110.73779
5604	457	110.63854
5604	2858	109.73104
5604	260	107.15969
5604	110	105.16745
5604	1213	104.622444
5604	1259	104.0444
5605	457	258.77295
5605	2916	258.13574
5605	2797	252.1807
5605	1240	251.66034
5605	593	243.21114
5605	2406	243.055
5605	1200	240.70358
5605	1036	240.62206
5605	2000	239.54869
5605	1610	238.47652
5606	2396	8.089439
5606	357	7.9236727
5606	39	7.714534
5606	1196	7.637492
5606	608	7.627229
5606	1265	7.5160613
5606	1197	7.3110094
5606	1393	7.269698
5606	1094	7.2306857
5606	527	7.22753
5607	2918	94.71653
5607	1197	91.73281
5607	1500	90.750854
5607	1580	89.738754
5607	2321	89.29454
5607	1641	89.12352
5607	1259	86.368835
5607	608	86.27193
5607	34	85.444336
5607	296	84.531006
5608	608	17.87394
5608	1196	16.587553
5608	527	16.532476
5608	296	16.272179
5608	2028	16.256056
5608	593	16.193953
5608	1617	15.946329
5608	260	15.50749
5608	2396	15.2535
5608	1198	15.236221
5609	1247	33.829056
5609	111	32.912388
5609	608	31.729603
5609	1252	31.166758
5609	1945	30.972126
5609	1952	30.881798
5609	1208	29.302505
5609	750	29.296957
5609	1219	28.929295
5609	1250	28.897026
5610	593	40.52747
5610	527	39.040825
5610	1704	38.43815
5610	2858	37.837975
5610	1617	37.612644
5610	50	37.29625
5610	1265	37.00487
5610	2396	35.095352
5610	3418	34.57254
5610	1196	34.546894
5611	1196	24.118156
5611	2916	23.72247
5611	2571	23.56771
5611	1580	23.157316
5611	589	23.088825
5611	1240	22.784725
5611	457	22.55598
5611	260	22.481472
5611	1210	22.471952
5611	480	22.461746
5612	2683	15.626503
5612	2706	14.741982
5612	2770	14.158404
5612	2694	13.669945
5612	2541	13.168697
5612	2605	13.09926
5612	785	13.085768
5612	2502	12.839318
5612	2881	12.772476
5612	2355	12.738323
5613	1265	64.1698
5613	1	61.445442
5613	1197	61.000465
5613	2797	59.642384
5613	2716	59.511467
5613	608	59.44285
5613	1196	58.66897
5613	3361	58.487904
5613	3421	58.405457
5613	1259	58.18435
5614	1307	396.94727
5614	2028	396.6002
5614	1094	384.21466
5614	480	368.47806
5614	110	368.09485
5614	1968	361.91208
5614	1242	358.8812
5614	1291	358.8539
5614	2395	351.7057
5614	2406	349.35568
5615	1265	172.76335
5615	318	157.39279
5615	2571	153.86499
5615	2321	152.94952
5615	1704	148.91768
5615	50	146.78891
5615	1393	145.06738
5615	2291	143.26945
5615	3253	143.08505
5615	1196	141.22444
5616	1196	84.34707
5616	1208	81.5939
5616	1079	81.33031
5616	1252	81.17339
5616	111	80.524185
5616	608	80.272545
5616	1276	79.960335
5616	924	79.867256
5616	1214	79.47252
5616	1198	78.69894
5617	2028	67.14644
5617	592	66.60186
5617	2985	66.211754
5617	780	66.05435
5617	2628	64.897484
5617	2640	63.843895
5617	1573	62.868423
5617	1376	62.788773
5617	1527	62.77781
5617	1356	62.683525
5618	2396	81.245636
5618	608	80.01659
5618	296	79.98305
5618	593	78.35574
5618	1580	77.55789
5618	1617	75.88639
5618	39	75.19594
5618	50	74.94079
5618	1196	74.5637
5618	34	73.95622
5619	357	53.15709
5619	39	53.0665
5619	1307	50.682167
5619	1197	49.05223
5619	2858	48.52744
5619	318	48.504257
5619	608	46.782818
5619	593	46.331657
5619	1641	45.724804
5619	2797	45.69599
5620	1196	132.36539
5620	1580	127.16642
5620	1036	126.309746
5620	2028	125.86012
5620	1610	124.925514
5620	1270	122.87501
5620	1210	121.08791
5620	1291	120.436485
5620	592	116.91461
5620	1197	115.57773
5621	1240	207.39505
5621	1197	206.13791
5621	1210	201.35843
5621	1036	201.30092
5621	2028	199.6707
5621	858	199.39012
5621	2000	198.85666
5621	592	195.15025
5621	2987	189.68001
5621	2797	188.74518
5622	1079	57.40409
5622	1252	53.051567
5622	2289	51.35494
5622	3421	51.345547
5622	1276	51.23455
5622	858	51.195423
5622	919	50.998093
5622	2791	50.87876
5622	1259	50.86953
5622	608	50.757065
5623	1196	172.97673
5623	2000	171.56023
5623	2797	169.98947
5623	1220	164.49486
5623	1259	158.7949
5623	2100	157.92337
5623	1200	156.12373
5623	1374	155.89806
5623	1663	150.3493
5623	2115	149.9962
5624	457	91.687256
5624	1240	90.96804
5624	1198	88.604164
5624	1036	86.3753
5624	1291	84.48279
5624	1214	83.799126
5624	1197	81.84032
5624	2000	81.237526
5624	1270	80.61067
5624	592	80.50683
5625	1136	90.51699
5625	1079	88.818825
5625	1196	87.67107
5625	1294	87.490906
5625	1221	87.34168
5625	111	86.95812
5625	1259	85.854164
5625	750	85.01821
5625	912	84.07787
5625	919	83.681755
5626	457	100.650185
5626	2571	98.659904
5626	1196	97.43472
5626	1240	95.86771
5626	1036	94.09183
5626	1198	93.82406
5626	377	93.541954
5626	1200	91.411125
5626	260	90.61811
5626	1210	89.921684
5627	1097	316.78412
5627	1220	305.32812
5627	2716	296.12918
5627	1265	293.0125
5627	1136	291.00052
5627	1394	286.60767
5627	1	284.88058
5627	1079	281.4115
5627	2791	272.06656
5627	1294	269.95242
5628	2571	14.826904
5628	1210	14.439798
5628	1580	14.340867
5628	1197	14.090724
5628	1270	13.824221
5628	589	13.701954
5628	1291	13.684059
5628	1240	13.501782
5628	457	13.327496
5628	480	13.103612
5629	1136	84.35006
5629	1259	83.46452
5629	260	81.62477
5629	1270	81.2244
5629	1213	80.45738
5629	541	79.654274
5629	1208	78.77825
5629	1294	78.74561
5629	1307	78.67538
5629	593	78.21429
5630	593	159.07751
5630	50	158.001
5630	1704	157.72876
5630	39	157.0443
5630	32	154.40396
5630	527	152.63321
5630	2028	152.06992
5630	1197	146.49263
5630	1196	145.857
5630	2599	144.81512
5631	608	57.527813
5631	296	52.21832
5631	1617	50.40683
5631	1213	50.148167
5631	2858	49.63412
5631	1240	49.5782
5631	1214	48.186188
5631	1270	48.11975
5631	50	47.952866
5631	111	47.898876
5632	2916	54.241467
5632	589	53.164566
5632	1580	52.863483
5632	480	52.158054
5632	1196	51.503242
5632	1370	49.788788
5632	1036	49.36407
5632	1240	48.70679
5632	260	48.54495
5632	1210	47.580376
5633	260	39.078663
5633	1240	38.91091
5633	1200	37.63832
5633	589	36.26164
5633	1214	36.148643
5633	2916	36.094612
5633	480	35.594437
5633	1097	34.81898
5633	2985	34.559597
5633	1376	34.428246
5634	780	187.53589
5634	380	178.85335
5634	1573	172.46735
5634	1377	169.4162
5634	1544	168.93764
5634	377	165.256
5634	1210	164.34985
5634	1196	162.6673
5634	457	161.71223
5634	1876	161.66386
5635	608	13.691568
5635	1617	13.6361265
5635	858	13.539081
5635	1196	13.190277
5635	1394	13.156637
5635	1247	13.109321
5635	260	13.019566
5635	1252	12.986187
5635	296	12.92906
5635	1225	12.861587
5636	1265	358.55762
5636	2987	343.61356
5636	110	339.0237
5636	1127	321.20563
5636	919	309.31207
5636	1674	307.08014
5636	1234	304.01904
5636	1732	302.37845
5636	2115	301.64557
5636	1129	299.41376
5637	1196	27.926792
5637	608	27.625795
5637	858	26.788532
5637	260	26.615767
5637	1198	26.535141
5637	1580	26.517635
5637	1197	26.118221
5637	1265	25.736246
5637	296	25.480694
5637	1136	25.223356
5638	608	66.815636
5638	593	62.653778
5638	150	59.422848
5638	2858	59.131325
5638	1358	58.76814
5638	1265	57.655205
5638	36	57.625427
5638	1682	57.50886
5638	25	57.46677
5638	1617	56.324226
5639	296	28.281988
5639	608	28.081541
5639	593	27.690002
5639	318	27.23681
5639	2028	26.022295
5639	2396	25.979324
5639	1617	25.80139
5639	50	25.718826
5639	2599	25.000692
5639	223	24.852945
5640	2716	22.12134
5640	2571	21.478046
5640	1196	21.376215
5640	296	21.149786
5640	608	20.853735
5640	589	20.668116
5640	1	20.611109
5640	1265	20.598757
5640	2028	20.424828
5640	1580	20.202196
5641	1265	79.696884
5641	39	76.78099
5641	11	76.598625
5641	318	74.6528
5641	440	73.48288
5641	2671	71.953674
5641	2321	70.50946
5641	1	69.10239
5641	2028	68.65697
5641	1777	68.090805
5642	1	30.988588
5642	364	30.519495
5642	1032	27.029165
5642	1022	27.018114
5642	594	27.012733
5642	1029	26.49833
5642	783	25.760534
5642	1282	25.737074
5642	2137	25.583363
5642	3034	25.563864
5643	1288	374.45294
5643	541	364.42468
5643	590	361.3377
5643	1193	360.01172
5643	1968	351.6372
5643	1242	344.8363
5643	2324	343.5111
5643	750	340.7345
5643	1089	338.77905
5643	1222	336.31888
5644	588	57.137497
5644	1580	51.20602
5644	2081	48.40859
5644	2396	47.383556
5644	2987	47.072906
5644	1270	46.92231
5644	1265	46.633057
5644	1196	46.382004
5644	2294	45.93255
5644	1197	45.79962
5645	2571	219.25882
5645	589	216.87642
5645	480	216.74728
5645	1240	214.36247
5645	1200	204.7166
5645	1	191.89584
5645	1127	188.98792
5645	2987	188.8747
5645	1220	186.85751
5645	2174	183.86789
5646	1270	89.71234
5646	260	87.72674
5646	2000	84.12699
5646	1259	83.90131
5646	1291	83.34251
5646	1394	81.34651
5646	1265	80.689224
5646	1580	80.18478
5646	2571	79.88002
5646	1220	79.84733
5647	260	107.642555
5647	1197	105.069244
5647	1270	103.72888
5647	1240	102.70334
5647	1036	102.56968
5647	1580	102.4072
5647	2000	100.795395
5647	589	100.66958
5647	858	99.32604
5647	592	97.518616
5648	2571	101.91295
5648	1580	98.63501
5648	2916	93.492065
5648	110	92.60062
5648	377	92.14908
5648	1127	92.06502
5648	1610	91.407364
5648	2000	89.98065
5648	1200	88.850494
5648	1265	87.57348
5649	1265	131.28673
5649	1197	118.502556
5649	356	118.04676
5649	1617	116.24595
5649	34	116.03281
5649	1580	113.837524
5649	1213	110.94323
5649	1641	110.84349
5649	1198	110.63591
5649	150	109.84193
5650	1197	130.69865
5650	2081	130.59955
5650	1196	129.3943
5650	1580	128.18832
5650	2054	124.94119
5650	1210	124.38815
5650	2406	123.164856
5650	1291	121.04018
5650	592	120.12578
5650	480	118.5889
5651	2355	29.57844
5651	2987	29.141392
5651	2396	27.144663
5651	1196	26.432913
5651	2858	26.431965
5651	457	25.988756
5651	2571	25.94774
5651	1210	25.39704
5651	1270	25.23513
5651	1265	25.208384
5652	1213	81.25838
5652	318	79.06736
5652	2268	72.157036
5652	2858	71.75133
5652	457	70.59653
5652	1358	70.2532
5652	1265	70.07331
5652	2571	68.37396
5652	2762	67.19865
5652	32	67.07256
5653	527	137.21603
5653	593	133.65852
5653	1617	133.30746
5653	1213	130.46039
5653	34	124.33892
5653	1307	121.11805
5653	2289	120.92858
5653	2997	119.438286
5653	1	118.30149
5653	1079	118.22896
5654	2716	183.2717
5654	480	181.59175
5654	457	180.59027
5654	2987	175.2592
5654	1259	170.56416
5654	1089	168.7214
5654	1036	168.02943
5654	858	167.16364
5654	1136	165.6188
5654	1500	164.69989
5655	1704	72.59351
5655	1	72.52748
5655	2571	71.85826
5655	608	71.73085
5655	1393	70.9507
5655	356	70.09793
5655	1610	69.3547
5655	590	66.96257
5655	150	66.84253
5655	2762	66.75213
5656	1221	9.927856
5656	923	8.871426
5656	608	8.750548
5656	1196	8.620949
5656	1213	8.388589
5656	1198	8.295361
5656	260	8.183601
5656	527	8.165088
5656	2028	8.125241
5656	919	8.032007
5657	480	151.30267
5657	2916	146.25513
5657	2028	145.83664
5657	1265	145.66301
5657	380	144.14134
5657	733	143.11934
5657	1610	142.42316
5657	1196	135.99173
5657	1370	133.59961
5657	2353	132.3222
5658	2944	73.29666
5658	1304	71.531334
5658	1214	70.46398
5658	2947	70.11371
5658	1196	69.49494
5658	2640	68.69434
5658	1262	68.45524
5658	2529	68.25402
5658	1240	67.50288
5658	1291	66.602875
5659	780	136.52695
5659	1196	121.56595
5659	1584	117.80663
5659	1127	116.94995
5659	260	116.19392
5659	457	115.11747
5659	2393	114.61844
5659	1270	114.35037
5659	1200	114.264275
5659	1374	113.76429
5660	260	24.829304
5660	2571	24.796097
5660	1240	24.413155
5660	589	23.793905
5660	1580	23.458168
5660	1270	23.31814
5660	2916	23.108707
5660	1214	22.798658
5660	1198	22.753675
5660	1200	22.689816
5661	858	99.34741
5661	750	89.875725
5661	912	89.80283
5661	1221	89.11749
5661	527	87.42917
5661	593	87.309204
5661	1213	87.02641
5661	1247	86.761826
5661	923	86.30296
5661	1219	86.05876
5662	1370	59.967083
5662	377	59.545612
5662	780	58.95816
5662	165	58.32146
5662	1580	56.45371
5662	380	56.378983
5662	589	56.20843
5662	648	56.20515
5662	480	56.10381
5662	10	55.342503
5663	1580	173.21075
5663	377	157.54652
5663	1210	151.6459
5663	1676	147.9162
5663	260	146.83607
5663	1127	145.62932
5663	1200	143.55502
5663	1198	141.55708
5663	32	139.61433
5663	1552	138.81804
5664	2916	202.38333
5664	1200	196.10489
5664	2628	184.61227
5664	1097	182.84529
5664	2640	182.39772
5664	1197	181.62404
5664	1198	178.25052
5664	1291	172.50597
5664	1909	171.21996
5664	2641	170.75917
5665	1196	48.203217
5665	50	45.13434
5665	1198	45.042522
5665	2571	41.458656
5665	1214	41.36506
5665	2762	41.320194
5665	589	41.19487
5665	1265	41.115032
5665	111	40.909252
5665	1270	40.819077
5666	318	25.676825
5666	1196	24.717836
5666	1213	24.489256
5666	527	24.272558
5666	589	23.653225
5666	2762	23.290459
5666	260	22.992235
5666	457	22.79957
5666	1198	22.726147
5666	1089	22.264164
5667	1196	208.63205
5667	1079	203.52824
5667	1198	201.19594
5667	1394	198.90015
5667	1136	196.32758
5667	1259	195.30182
5667	1270	194.89172
5667	527	187.1016
5667	919	186.97365
5667	1288	186.32065
5668	2571	86.7269
5668	480	85.26462
5668	2028	82.570595
5668	1270	81.339485
5668	1214	79.59269
5668	1374	78.73871
5668	733	77.218155
5668	2194	76.71015
5668	380	76.62159
5668	2985	75.769585
5669	1230	25.868692
5669	1136	25.113535
5669	1394	24.79848
5669	3361	24.090841
5669	1234	24.015266
5669	2243	24.014477
5669	1278	23.967897
5669	1080	23.79773
5669	3363	23.673038
5669	235	23.447456
5670	2916	59.71759
5670	589	58.9015
5670	1240	56.118164
5670	1527	55.63415
5670	1200	54.972584
5670	1676	54.42813
5670	1196	53.82711
5670	1356	53.250362
5670	260	53.081223
5670	2985	52.889606
5671	608	98.2972
5671	1240	97.58445
5671	858	96.913376
5671	1265	96.34766
5671	457	94.82563
5671	593	94.307205
5671	592	93.713036
5671	1079	93.655365
5671	1200	93.33334
5671	527	93.32362
5672	1196	16.824436
5672	2571	16.577847
5672	2858	16.164305
5672	260	16.075916
5672	589	15.784166
5672	2396	15.494347
5672	1580	15.469083
5672	480	15.433611
5672	2028	15.343192
5672	1240	14.889294
5673	260	37.266224
5673	1294	36.8795
5673	541	36.2754
5673	1252	36.03375
5673	924	35.845646
5673	1198	35.75402
5673	1247	35.238235
5673	912	35.04428
5673	1136	34.8834
5673	1278	34.695637
5674	1265	35.61035
5674	608	34.655964
5674	2858	34.036106
5674	296	33.574947
5674	1197	33.0908
5674	593	32.862312
5674	1198	32.813293
5674	318	32.631107
5674	1617	32.557655
5674	589	32.32817
5675	2916	294.43338
5675	1580	292.03952
5675	480	286.83463
5675	1270	278.61307
5675	377	277.99567
5675	1197	275.24683
5675	592	274.43762
5675	1259	274.33295
5675	1213	268.4567
5675	474	263.41095
5676	1580	98.61747
5676	2571	92.94208
5676	1270	91.22857
5676	589	90.01554
5676	480	88.82108
5676	2916	87.82943
5676	2174	86.84125
5676	1240	86.75292
5676	457	85.98136
5676	296	85.910515
5677	593	153.1114
5677	2028	153.05206
5677	1197	151.28508
5677	1617	148.71475
5677	589	147.05748
5677	1097	146.4769
5677	1	143.75209
5677	110	142.7653
5677	1240	141.23141
5677	1213	141.12173
5678	1196	105.985855
5678	260	101.78869
5678	1270	100.22951
5678	1210	94.661354
5678	1374	92.51776
5678	1198	92.06662
5678	1197	91.71307
5678	480	90.800354
5678	2985	89.46262
5678	1206	87.11189
5679	1291	178.9194
5679	1210	172.14641
5679	1374	170.39772
5679	1387	165.68959
5679	780	161.76564
5679	1954	157.43587
5679	1573	157.03268
5679	1275	152.17839
5679	1376	150.99615
5679	648	149.58553
5680	858	85.986435
5680	608	81.93339
5680	1221	81.12393
5680	1953	80.32528
5680	923	80.20958
5680	969	79.78117
5680	908	78.141
5680	904	77.82076
5680	1304	77.659996
5680	924	77.46993
5681	296	23.674717
5681	1617	23.374006
5681	593	23.224512
5681	1265	22.951754
5681	50	22.846596
5681	2396	22.73307
5681	318	22.417656
5681	1196	22.404184
5681	527	22.048147
5681	1	21.960863
5682	780	352.1858
5682	1377	323.3023
5682	21	315.23282
5682	1391	310.71762
5682	1876	307.9102
5682	1198	306.7747
5682	1	295.37335
5682	1500	285.98102
5682	3253	284.89102
5682	3418	284.1719
5683	2571	92.61858
5683	480	91.17105
5683	589	89.671616
5683	2916	87.66148
5683	1265	85.87585
5683	356	85.24435
5683	1196	85.13928
5683	1370	85.02593
5683	1210	83.01168
5683	1573	82.08451
5684	1270	235.41856
5684	1097	231.55513
5684	541	230.64131
5684	2054	227.99847
5684	2455	225.53152
5684	2174	220.78708
5684	2366	219.90953
5684	2617	213.71217
5684	1391	211.79219
5684	2011	211.55577
5685	2997	22.802929
5685	2599	21.312214
5685	2716	20.418476
5685	2396	19.362494
5685	2762	18.97716
5685	2395	18.946999
5685	2700	18.466305
5685	608	18.302063
5685	2959	18.232601
5685	2699	18.029856
5686	1198	177.81874
5686	1374	166.62277
5686	2987	164.85503
5686	1291	162.93352
5686	592	162.51508
5686	1220	162.49898
5686	296	160.24487
5686	858	159.93193
5686	2858	159.65898
5686	1387	158.46259
5687	2571	70.34417
5687	1240	69.154755
5687	589	68.9152
5687	1200	66.17601
5687	2640	66.07734
5687	1197	66.054726
5687	1036	65.1537
5687	2985	64.570076
5687	457	64.12687
5687	2000	63.94165
5688	593	69.23366
5688	527	68.02659
5688	1617	66.36835
5688	1097	66.32762
5688	2858	66.260956
5688	1210	66.188194
5688	858	66.063835
5688	2028	65.97704
5688	1240	65.45038
5688	50	65.19428
5689	480	247.94919
5689	2916	246.85176
5689	1610	244.44777
5689	593	243.30263
5689	110	241.17247
5689	296	240.38585
5689	356	237.97011
5689	1198	237.29825
5689	1210	235.74504
5689	2396	233.88115
5690	1196	23.535046
5690	296	23.021559
5690	1221	22.848257
5690	1213	22.839672
5690	593	22.761768
5690	318	22.408052
5690	1198	22.217493
5690	260	22.114393
5690	527	21.928078
5690	1617	21.750378
5691	480	98.2888
5691	1240	96.90798
5691	2000	96.880226
5691	1374	96.456726
5691	592	96.35828
5691	1036	94.4066
5691	2571	94.09465
5691	2640	94.0564
5691	589	93.44842
5691	780	91.55343
5692	2858	37.7283
5692	2716	33.782402
5692	2959	32.917755
5692	2997	32.72873
5692	2683	31.90577
5692	593	31.54255
5692	1127	31.501986
5692	2571	31.09315
5692	1196	30.963865
5692	110	30.74567
5693	1252	32.383873
5693	608	29.238184
5693	1247	29.201336
5693	858	29.162193
5693	1267	28.828234
5693	904	28.031105
5693	750	27.311583
5693	919	27.206194
5693	1219	27.001003
5693	903	26.916033
5694	1196	17.268871
5694	2858	17.19444
5694	2987	16.903372
5694	2396	16.617603
5694	1198	16.546045
5694	260	16.47471
5694	1617	16.313423
5694	2716	16.107487
5694	608	15.950337
5694	1079	15.880485
5695	260	26.247305
5695	1200	24.142971
5695	1210	23.983908
5695	1198	23.254927
5695	1374	22.904507
5695	2571	21.879896
5695	1580	21.802853
5695	589	21.79496
5695	750	21.555588
5695	2640	21.190113
5696	1196	19.569374
5696	260	18.72113
5696	1200	18.473797
5696	1214	18.06046
5696	1210	17.92087
5696	480	17.78674
5696	1580	17.78327
5696	2916	17.04478
5696	1270	16.900906
5696	1198	16.704596
5697	2571	13.094283
5697	1580	12.993074
5697	480	12.697664
5697	589	12.655273
5697	1196	12.653754
5697	260	12.3674755
5697	2916	12.196204
5697	1036	11.978229
5697	1210	11.912512
5697	2028	11.831199
5698	1198	210.92116
5698	1580	207.34915
5698	2916	200.25536
5698	480	198.52306
5698	2000	198.49922
5698	2985	197.54712
5698	2640	192.39615
5698	1387	191.36708
5698	2407	190.71404
5698	1291	189.79573
5699	1198	170.4344
5699	1210	170.06052
5699	1079	168.8677
5699	1097	166.99185
5699	1259	165.51779
5699	608	163.06915
5699	480	160.14323
5699	1617	156.89787
5699	2987	156.8394
5699	1387	155.23439
5700	1265	30.240572
5700	1	29.549625
5700	1196	28.575884
5700	2028	28.424782
5700	2571	28.057802
5700	110	27.942873
5700	1197	27.634485
5700	1580	27.621265
5700	589	27.33831
5700	527	27.208988
5701	2571	114.411865
5701	1270	106.54687
5701	592	102.63558
5701	2985	102.568634
5701	2000	100.11509
5701	2028	96.542366
5701	110	96.19855
5701	1527	95.897835
5701	1220	93.975464
5701	2105	93.90581
5702	608	74.39988
5702	296	69.253075
5702	1213	66.69942
5702	111	64.78327
5702	858	64.46901
5702	318	63.921696
5702	1247	63.014256
5702	923	62.720325
5702	2997	61.36711
5702	1196	60.79103
5703	858	45.161556
5703	1221	42.87174
5703	750	42.18571
5703	1953	42.178318
5703	1208	41.455273
5703	1219	40.45742
5703	1294	40.35885
5703	912	39.75851
5703	111	39.521492
5703	608	39.168552
5704	608	69.22955
5704	1	67.20832
5704	593	65.25479
5704	1617	64.98286
5704	357	63.508724
5704	39	63.439648
5704	1307	63.335114
5704	50	61.966244
5704	2716	59.993217
5704	1580	59.81717
5705	357	109.25955
5705	1196	108.31448
5705	1270	105.1317
5705	589	104.47002
5705	2858	104.19416
5705	2916	103.185875
5705	1198	102.95468
5705	2321	101.57141
5705	1923	101.47544
5705	318	100.77543
5706	318	124.52861
5706	260	124.206635
5706	1580	123.59896
5706	1240	121.498146
5706	480	120.95503
5706	110	119.68994
5706	2916	118.42662
5706	1259	118.076454
5706	1036	117.17896
5706	1291	116.69572
5707	2396	77.811165
5707	608	76.6886
5707	296	72.30316
5707	2997	72.29581
5707	1580	70.51952
5707	1270	70.035225
5707	34	69.83624
5707	1196	69.29804
5707	593	69.13383
5707	318	69.122
5708	1196	69.725136
5708	1214	65.70875
5708	2985	57.859688
5708	480	56.779102
5708	2968	56.38005
5708	1198	56.1791
5708	2529	55.15183
5708	858	53.379612
5708	1376	53.129593
5708	1197	53.1049
5709	1196	99.4315
5709	1036	98.16825
5709	589	93.995674
5709	457	91.22594
5709	2000	90.742096
5709	2028	84.60836
5709	2640	84.2377
5709	110	83.22412
5709	2115	82.124756
5709	858	81.989494
5710	2997	54.52749
5710	1704	51.791122
5710	1213	51.018646
5710	50	50.908264
5710	1617	50.906757
5710	1265	49.9497
5710	1196	48.97654
5710	223	48.844147
5710	2571	48.462376
5710	110	47.821426
5711	733	33.42936
5711	3256	33.288136
5711	1370	33.12846
5711	2028	32.804176
5711	110	32.4704
5711	589	32.462475
5711	1573	32.33653
5711	2916	32.185722
5711	318	31.835352
5711	474	31.554577
5712	589	68.33673
5712	1214	67.96314
5712	2916	66.42392
5712	480	63.940056
5712	592	63.910576
5712	1374	63.872143
5712	1387	63.752087
5712	1580	62.82141
5712	2985	62.244026
5712	2194	61.7983
5713	1	22.112135
5713	39	20.64713
5713	2997	20.13953
5713	608	20.106997
5713	2599	18.665085
5713	1784	18.623987
5713	318	18.473215
5713	296	18.40961
5713	2289	18.30232
5713	2321	18.25167
5714	2858	23.664677
5714	2396	21.657253
5714	2997	21.255793
5714	2716	21.02464
5714	1196	20.75196
5714	593	20.557568
5714	2571	20.227148
5714	1197	19.891907
5714	318	19.781763
5714	3176	19.758589
5715	589	73.85033
5715	480	68.931145
5715	592	68.765785
5715	1374	68.306175
5715	1580	66.839584
5715	2985	66.05231
5715	1220	63.587082
5715	1127	63.51352
5715	2947	62.191666
5715	1954	61.94508
5716	1196	152.55237
5716	260	143.15004
5716	1270	137.674
5716	2716	136.6369
5716	608	136.57216
5716	1580	134.70267
5716	593	129.13904
5716	2396	128.66792
5716	858	128.29396
5716	2987	127.64991
5717	2028	231.0454
5717	1259	229.69621
5717	541	225.47961
5717	480	225.34485
5717	2987	223.38922
5717	1221	217.96269
5717	2858	217.81319
5717	1	215.26575
5717	919	210.45653
5717	527	209.80383
5718	1682	138.18092
5718	1358	137.97508
5718	1393	137.06976
5718	2291	135.90884
5718	36	132.54338
5718	2028	132.37788
5718	25	131.57791
5718	2890	126.62982
5718	39	125.83327
5718	2289	123.644035
5719	1214	5.228334
5719	1240	5.207587
5719	1196	5.022076
5719	260	4.6165314
5719	1036	4.6131454
5719	541	4.5990925
5719	1198	4.495352
5719	1270	4.468941
5719	1210	4.455888
5719	589	4.408281
5720	1527	197.15622
5720	329	179.619
5720	2353	176.68114
5720	1391	174.74713
5720	1377	169.12633
5720	1242	167.70938
5720	6	164.81921
5720	2278	164.69412
5720	2054	164.32425
5720	1215	164.18047
5721	912	35.21116
5721	1617	34.47715
5721	858	34.268063
5721	923	34.26423
5721	908	33.693558
5721	904	33.266983
5721	1219	32.775707
5721	111	32.767204
5721	750	32.478287
5721	903	31.817612
5722	608	149.852
5722	1394	149.78181
5722	1079	146.91354
5722	1304	145.74208
5722	1247	144.9842
5722	750	142.63658
5722	924	142.40416
5722	1288	142.21782
5722	1270	141.43652
5722	1617	141.349
5723	1580	133.44247
5723	1214	128.51862
5723	32	125.72797
5723	2028	121.29416
5723	457	120.258095
5723	2987	119.814835
5723	1374	119.441216
5723	2985	119.32571
5723	2628	119.19798
5723	1291	118.74135
5724	608	85.029495
5724	1221	80.19973
5724	1136	80.16287
5724	1617	78.7441
5724	541	77.78012
5724	1270	76.64111
5724	1387	76.46434
5724	919	75.882645
5724	2858	75.45364
5724	1213	75.27991
5725	1127	4.4121532
5725	2028	4.1595497
5725	110	4.156447
5725	2571	4.0925727
5725	589	4.0365963
5725	2699	3.9881487
5725	480	3.9371753
5725	1240	3.8803132
5725	1580	3.8290114
5725	1196	3.8282592
5726	1291	103.609184
5726	589	102.07043
5726	480	99.267494
5726	1374	93.85126
5726	2985	90.766205
5726	2640	89.873566
5726	1370	86.80834
5726	1953	86.801315
5726	3256	86.51593
5726	1090	86.42008
5727	2694	23.030136
5727	2959	21.933632
5727	2762	21.618214
5727	223	21.494514
5727	2541	21.486004
5727	2599	21.222559
5727	2699	20.864523
5727	2716	20.492916
5727	785	20.367102
5727	2997	20.19516
5728	2174	196.30565
5728	1265	191.7039
5728	2000	189.36615
5728	2470	184.93942
5728	1220	182.66513
5728	2716	179.75987
5728	2011	175.08499
5728	1097	173.43192
5728	480	172.7048
5728	1394	167.26097
5729	2003	44.520664
5729	1994	43.19757
5729	1339	42.49354
5729	1345	41.161724
5729	1321	40.958286
5729	2455	40.655464
5729	1974	40.338997
5729	1997	39.939037
5729	1258	39.922863
5729	253	39.896526
5730	593	49.11291
5730	608	48.56008
5730	2321	48.38374
5730	318	48.148235
5730	2700	47.923943
5730	2028	47.774696
5730	1784	47.222214
5730	2571	47.18226
5730	457	46.60158
5730	296	46.52115
5731	1210	57.111797
5731	2571	56.51779
5731	2000	56.340176
5731	592	55.62508
5731	480	54.95789
5731	1610	54.465736
5731	1374	53.04054
5731	110	52.62916
5731	1580	52.148186
5731	1954	51.509235
5732	1196	43.83866
5732	1240	40.720684
5732	1580	40.61463
5732	589	39.41523
5732	2571	39.41484
5732	1036	39.186222
5732	457	38.433895
5732	1200	38.41163
5732	2000	38.109787
5732	1610	38.030807
5733	589	145.95131
5733	1200	145.73285
5733	457	139.11707
5733	541	138.98586
5733	592	136.92542
5733	1259	135.53598
5733	1	135.13516
5733	1387	134.38972
5733	110	132.91594
5733	1394	132.29752
5734	1265	128.35527
5734	1196	120.71392
5734	296	115.18029
5734	1270	113.66612
5734	1259	110.84838
5734	34	110.45541
5734	2291	110.046875
5734	50	109.82007
5734	1079	109.39516
5734	1097	109.011215
5735	2291	10.072903
5735	1265	9.876941
5735	1704	9.835449
5735	2858	9.822117
5735	318	9.646804
5735	1682	9.589186
5735	1580	9.4487705
5735	2571	9.397811
5735	2028	9.302428
5735	608	9.285
5736	858	87.75525
5736	1198	86.65639
5736	1214	83.633484
5736	750	82.972
5736	919	81.75255
5736	924	81.497154
5736	1197	81.23343
5736	1240	80.58247
5736	1221	79.415565
5736	1200	78.74323
5737	1617	53.316494
5737	296	52.38702
5737	318	51.97839
5737	1265	51.47274
5737	1394	50.74267
5737	1213	50.395412
5737	1307	50.22913
5737	858	49.532764
5737	1196	49.21518
5737	2997	48.349327
5738	1270	236.02986
5738	1291	231.53868
5738	1221	224.56287
5738	1213	219.6378
5738	50	214.00139
5738	1208	207.63766
5738	919	205.94069
5738	1997	205.30496
5738	2968	204.76457
5738	2366	202.74101
5739	608	49.344944
5739	593	47.44948
5739	318	47.343197
5739	457	46.729942
5739	1240	46.096058
5739	480	44.45924
5739	50	44.42629
5739	1214	43.61002
5739	2916	43.492687
5739	1200	43.116028
5740	2571	49.348637
5740	260	44.593952
5740	1240	44.004635
5740	1210	43.987877
5740	780	42.948994
5740	1198	42.276085
5740	1265	41.81809
5740	1527	41.58665
5740	1200	41.36396
5740	1197	41.07338
5741	1214	31.72587
5741	541	30.751476
5741	1200	29.384806
5741	1240	29.096292
5741	1206	29.032036
5741	1374	28.943117
5741	1196	28.825172
5741	2662	28.678957
5741	2640	28.464788
5741	2985	28.194635
5742	608	38.99449
5742	858	38.516685
5742	1617	36.449028
5742	527	35.70332
5742	318	35.217346
5742	1136	35.17345
5742	2858	35.160942
5742	593	35.061775
5742	1196	34.722378
5742	296	34.324677
5743	858	26.415037
5743	608	26.115953
5743	1196	25.669426
5743	912	25.583208
5743	1247	25.392538
5743	1617	25.382957
5743	593	25.191795
5743	318	25.153755
5743	923	24.604565
5743	908	24.600298
5744	1	201.33606
5744	1265	200.13397
5744	2797	197.85497
5744	919	193.07875
5744	2396	190.50104
5744	1307	189.83052
5744	2000	185.87729
5744	1291	185.11328
5744	1073	182.68346
5744	1079	182.63869
5745	2571	55.96324
5745	457	55.248283
5745	1198	54.788586
5745	2858	54.68318
5745	608	53.942787
5745	589	53.821156
5745	318	53.60707
5745	2396	53.042763
5745	296	52.77695
5745	1580	52.38203
5746	1240	74.90098
5746	1198	73.53741
5746	1214	69.41183
5746	1580	68.87726
5746	480	68.472115
5746	2028	67.9528
5746	1270	67.87531
5746	457	66.33908
5746	2000	65.2943
5746	541	64.50844
5747	592	279.84888
5747	733	263.8786
5747	1376	255.15204
5747	2406	248.367
5747	1220	246.66261
5747	2529	239.05673
5747	1396	237.17896
5747	1265	236.91382
5747	1544	233.77203
5747	296	232.8521
5748	593	44.223587
5748	50	42.96128
5748	589	42.89271
5748	2858	42.624996
5748	457	42.220978
5748	1196	42.201645
5748	527	41.4554
5748	1580	40.07377
5748	2916	39.372097
5748	1198	39.249935
5749	1213	177.1922
5749	1617	173.36269
5749	778	154.7435
5749	1095	153.01216
5749	562	150.04585
5749	39	145.79318
5749	1834	145.06004
5749	1089	143.05568
5749	3160	139.308
5749	923	138.56975
5750	1214	73.84939
5750	593	72.7248
5750	527	71.377205
5750	1387	70.41164
5750	750	70.12511
5750	924	69.84226
5750	1240	69.51904
5750	904	68.028305
5750	2028	67.90975
5750	1304	67.89383
5751	2605	45.259468
5751	2502	45.20323
5751	2710	44.864162
5751	2858	44.313435
5751	785	44.245255
5751	223	43.55026
5751	2541	43.395145
5751	2688	42.778202
5751	2599	42.57107
5751	3175	42.454174
5752	1247	94.89455
5752	912	93.24436
5752	1230	90.5012
5752	919	90.26775
5752	1617	89.86523
5752	1225	89.62121
5752	908	89.2037
5752	1213	86.41166
5752	318	85.88029
5752	593	85.67256
5753	2571	89.769135
5753	1198	87.301506
5753	1580	85.12331
5753	480	84.96577
5753	457	84.865906
5753	1610	83.408295
5753	1374	82.30412
5753	1387	79.37004
5753	2640	78.709366
5753	1222	78.24537
5754	1580	170.46704
5754	2174	160.18993
5754	2000	154.90826
5754	589	152.9604
5754	457	152.82626
5754	2916	152.29333
5754	21	150.80656
5754	1240	150.78131
5754	2791	148.41316
5754	296	148.39801
5755	608	271.35577
5755	1213	245.17686
5755	593	244.97424
5755	296	244.20918
5755	1394	242.60678
5755	1259	241.21768
5755	527	239.24582
5755	919	235.37987
5755	1136	233.37206
5755	2858	233.30571
5756	1	13.939252
5756	1265	13.706002
5756	1580	13.4410305
5756	2396	13.412656
5756	2571	13.084141
5756	2858	13.028515
5756	608	12.912998
5756	2028	12.825668
5756	593	12.752494
5756	356	12.718232
5757	1270	93.26312
5757	1198	91.70211
5757	480	89.92676
5757	608	88.986725
5757	1097	88.49153
5757	1617	87.0354
5757	1387	86.95268
5757	2985	85.96293
5757	593	85.51489
5757	2640	83.714745
5758	1240	98.95105
5758	1610	97.94152
5758	2916	95.12943
5758	1210	95.00462
5758	2028	94.23844
5758	1197	93.81863
5758	1200	93.75508
5758	589	93.316154
5758	110	90.226166
5758	2640	89.22149
5759	1097	272.1026
5759	110	270.82788
5759	1356	260.72272
5759	296	260.06946
5759	2858	258.9098
5759	1220	256.0134
5759	924	255.88124
5759	2797	253.54462
5759	1259	253.52007
5759	1584	250.13615
5760	2396	21.964098
5760	1923	21.70876
5760	2571	21.372847
5760	356	21.292809
5760	2321	21.263657
5760	608	21.159569
5760	1500	21.078096
5760	296	21.003773
5760	39	20.958132
5760	589	20.8876
5761	3039	125.49704
5761	1259	122.18667
5761	39	122.04374
5761	1220	122.03467
5761	1641	122.01541
5761	2716	121.328316
5761	2321	119.86557
5761	1663	119.11448
5761	1968	119.07467
5761	2100	118.87282
5762	1197	146.94888
5762	2174	141.38689
5762	2100	138.58844
5762	2406	137.37683
5762	2987	136.65857
5762	1291	135.40947
5762	1028	135.00677
5762	2000	134.68709
5762	1220	134.19164
5762	1073	134.09518
5763	1265	284.00714
5763	2396	277.54333
5763	50	273.26172
5763	1079	265.40717
5763	1270	263.6422
5763	2571	262.68866
5763	1394	262.52643
5763	541	260.07858
5763	1136	257.3331
5763	2997	254.80789
5764	903	34.813503
5764	908	33.192642
5764	910	33.042744
5764	912	32.334785
5764	919	32.089893
5764	898	30.830355
5764	933	30.580177
5764	913	30.546043
5764	1617	30.122902
5764	930	30.015282
5765	1127	152.13472
5765	1372	146.64122
5765	2529	140.48135
5765	2054	137.3051
5765	1610	135.80466
5765	2000	135.1681
5765	457	135.02501
5765	1371	134.22838
5765	2393	133.34633
5765	2407	131.08777
5766	2028	39.38691
5766	318	39.04781
5766	608	39.022034
5766	296	38.789307
5766	593	38.67013
5766	527	37.768974
5766	1580	37.58643
5766	2762	37.4687
5766	2571	37.31461
5766	1	37.024494
5767	592	190.80101
5767	2985	189.05374
5767	260	189.02512
5767	1197	186.37326
5767	2028	180.24327
5767	1387	180.19647
5767	1374	179.17667
5767	1265	177.40517
5767	1610	176.4696
5767	1079	176.4508
5768	908	46.984745
5768	923	44.324627
5768	1094	43.886787
5768	1296	43.774555
5768	913	43.101185
5768	2020	42.960114
5768	920	42.85451
5768	1267	42.85279
5768	2186	42.318813
5768	1225	42.177837
5769	1240	103.835045
5769	260	103.46396
5769	1270	100.44277
5769	1200	100.129425
5769	1198	94.05976
5769	1097	92.374275
5769	1197	92.081245
5769	1374	92.07866
5769	608	92.07546
5769	1206	89.85466
5770	608	108.67097
5770	858	99.72273
5770	923	96.24601
5770	593	92.39628
5770	1617	92.10517
5770	1252	91.323
5770	1230	86.833855
5770	1231	86.54878
5770	1094	86.11878
5770	1207	84.92579
5771	1198	150.6968
5771	2174	150.2266
5771	592	149.09541
5771	2797	148.19995
5771	1197	147.41214
5771	1580	146.51535
5771	2406	146.47783
5771	2716	140.99066
5771	2011	140.32263
5771	2640	136.56705
5772	1291	4.1852436
5772	1198	4.1329536
5772	2000	4.108457
5772	2115	4.101363
5772	2406	4.071234
5772	1036	4.056541
5772	592	4.0489984
5772	1196	4.0462904
5772	110	3.9906979
5772	457	3.9496498
5773	2858	20.581089
5773	608	19.215828
5773	1196	18.93156
5773	318	18.702604
5773	2028	18.52441
5773	2997	18.326683
5773	296	18.287058
5773	2571	18.168604
5773	2716	18.135775
5773	260	17.924112
5774	1196	53.338017
5774	608	49.727726
5774	1	48.989014
5774	1270	48.694283
5774	318	48.242672
5774	1210	48.00805
5774	296	47.534096
5774	2571	47.370697
5774	1617	46.590046
5774	589	46.486942
5775	2858	141.93083
5775	1394	140.08698
5775	1196	139.16098
5775	1259	138.19215
5775	50	135.46364
5775	2396	135.07462
5775	1198	135.02567
5775	1	133.28087
5775	1500	132.46982
5775	2997	131.65854
5776	1127	140.3579
5776	1375	133.69247
5776	2968	129.44427
5776	592	129.1327
5776	1129	127.99704
5776	2000	124.68015
5776	3175	122.79929
5776	1387	120.70909
5776	377	120.027405
5776	2987	119.99779
5777	296	104.172356
5777	1196	102.54545
5777	593	101.56884
5777	919	97.677185
5777	1247	97.01771
5777	1208	95.85041
5777	924	95.32703
5777	1198	92.767136
5777	2396	90.57751
5777	1294	89.97821
5778	2985	67.90103
5778	2640	66.605896
5778	1356	63.005398
5778	2968	62.783623
5778	1127	62.707123
5778	2105	61.019287
5778	1198	61.009716
5778	1527	60.765667
5778	1129	60.11021
5778	1375	59.924076
5779	2028	254.26672
5779	1259	245.90709
5779	527	238.20227
5779	480	237.55612
5779	1222	232.19128
5779	2791	232.18427
5779	2997	227.34769
5779	1387	227.03984
5779	1288	220.48776
5779	34	216.5856
5780	457	147.60753
5780	380	145.58269
5780	1610	143.26064
5780	733	142.36372
5780	2571	140.89377
5780	2916	140.5366
5780	3256	136.58455
5780	780	135.38824
5780	349	133.2262
5780	296	129.09483
5781	608	12.667842
5781	296	12.32975
5781	2858	12.000283
5781	593	11.931256
5781	1617	11.851062
5781	1213	11.85025
5781	50	11.438241
5781	318	11.323104
5781	2997	11.252787
5781	1196	11.250686
5782	1270	77.897514
5782	1198	77.09247
5782	1097	76.20247
5782	1259	75.187164
5782	2000	74.81994
5782	1307	74.46266
5782	1079	72.987976
5782	1197	72.96746
5782	2174	72.273445
5782	590	72.08482
5783	587	31.973724
5783	1569	31.682915
5783	440	31.587637
5783	2671	31.585241
5783	356	31.020546
5783	708	30.180006
5783	39	30.081545
5783	380	29.68354
5783	1393	29.371014
5783	1777	28.517063
5784	2716	17.167048
5784	223	16.541534
5784	2858	16.487877
5784	2699	16.098455
5784	785	16.091797
5784	1127	15.776138
5784	2710	15.24542
5784	2502	14.888645
5784	2997	14.60927
5784	2599	14.597546
5785	457	103.44366
5785	318	97.723404
5785	296	96.35703
5785	50	93.268364
5785	1580	91.07672
5785	2916	90.64035
5785	1213	90.03978
5785	356	89.78113
5785	527	89.39967
5785	1196	88.03805
5786	593	207.05217
5786	50	198.04883
5786	2997	198.033
5786	527	197.50882
5786	1	197.49698
5786	1136	196.15114
5786	1307	191.3678
5786	21	189.98277
5786	457	188.32822
5786	2804	185.1933
5787	1387	219.75417
5787	1036	218.11748
5787	2000	213.55188
5787	1136	212.35915
5787	1278	205.59286
5787	1304	205.14238
5787	1	204.59787
5787	2716	201.5002
5787	457	200.1539
5787	1610	197.97952
5788	1370	321.50757
5788	260	320.40482
5788	3039	300.31998
5788	1500	299.711
5788	2987	297.32416
5788	1663	289.34058
5788	1097	286.62088
5788	736	285.82043
5788	588	280.87204
5788	1136	275.59497
5789	858	23.814903
5789	1252	23.61323
5789	912	22.672745
5789	923	22.519615
5789	1084	22.508661
5789	1247	22.320484
5789	908	21.603643
5789	919	21.277016
5789	1230	21.118174
5789	1193	20.43114
5790	318	65.58684
5790	2571	63.01969
5790	457	61.885643
5790	589	61.617092
5790	1213	60.69622
5790	1265	60.412636
5790	1197	59.61289
5790	480	58.350197
5790	1580	58.015938
5790	1097	57.241695
5791	1265	74.16923
5791	1196	73.10736
5791	593	71.38719
5791	1197	70.91747
5791	1213	70.374695
5791	318	69.22439
5791	1	69.205536
5791	2028	68.0022
5791	1198	67.651924
5791	260	67.175674
5792	1358	152.26176
5792	1265	149.47746
5792	2396	142.20108
5792	2268	140.51971
5792	2395	137.89316
5792	1393	135.16943
5792	2599	133.87778
5792	1639	133.49506
5792	2391	131.73708
5792	1	130.25072
5793	2949	23.251888
5793	858	22.270367
5793	1387	22.010502
5793	1953	21.80397
5793	1198	21.3645
5793	1036	21.293713
5793	1954	21.156502
5793	1221	21.149742
5793	1214	21.017405
5793	2000	21.01607
5794	1278	165.57436
5794	2791	165.16022
5794	2716	162.70427
5794	1196	157.03123
5794	1	155.22498
5794	2000	154.34567
5794	2396	154.32562
5794	1198	153.89217
5794	2804	151.03717
5794	919	149.3366
5795	1270	411.42584
5795	527	409.634
5795	1265	403.50854
5795	1617	395.0899
5795	2797	390.88312
5795	2174	385.70697
5795	1079	379.82675
5795	2918	377.5899
5795	1307	376.56186
5795	50	375.86426
5796	2858	11.10936
5796	2997	10.048388
5796	1617	9.476629
5796	2396	9.441045
5796	2599	9.291492
5796	50	9.201498
5796	2762	8.97475
5796	1213	8.88794
5796	608	8.871393
5796	318	8.867977
5797	1580	98.31267
5797	2105	97.647995
5797	480	93.738235
5797	32	93.28933
5797	1129	89.86414
5797	2455	86.81028
5797	2407	85.86074
5797	1371	84.61472
5797	2528	83.906746
5797	1198	83.34981
5798	1197	80.261154
5798	1	79.08685
5798	2918	78.33738
5798	608	77.42001
5798	2571	75.67529
5798	2000	75.24257
5798	2797	74.9587
5798	1259	74.60491
5798	2791	74.25147
5798	480	74.02905
5799	2858	21.611721
5799	2571	20.830202
5799	608	20.441227
5799	296	20.203207
5799	593	19.999863
5799	50	19.96845
5799	2997	19.674671
5799	1196	19.554127
5799	589	19.48344
5799	2028	19.288898
5800	260	13.970501
5800	2699	13.936301
5800	1196	13.927792
5800	1214	13.856864
5800	1200	13.831478
5800	2571	13.644844
5800	1240	13.544844
5800	589	13.510628
5800	2916	13.128438
5800	2710	13.084374
5801	2571	140.53471
5801	1580	135.34625
5801	480	134.1552
5801	110	131.92249
5801	2916	131.16805
5801	1198	130.17302
5801	1270	126.55887
5801	1610	125.2644
5801	1240	124.89294
5801	1197	124.51129
5802	1252	17.6756
5802	923	16.650738
5802	904	16.275143
5802	903	16.120478
5802	1945	16.100878
5802	908	15.912495
5802	1267	15.800951
5802	111	15.734257
5802	922	15.544358
5802	1247	15.489695
5803	2858	38.06484
5803	1	35.524174
5803	1500	35.054436
5803	296	34.413147
5803	2700	34.16686
5803	608	34.0613
5803	1923	33.7431
5803	2571	33.735394
5803	1580	33.48298
5803	39	33.060802
5804	608	13.635874
5804	1196	13.378036
5804	593	13.10198
5804	318	13.008355
5804	1617	12.67318
5804	1198	12.433496
5804	1265	12.352907
5804	589	12.193217
5804	527	12.1732855
5804	480	12.166606
5805	1210	95.375206
5805	608	94.768906
5805	2987	93.913795
5805	919	91.99929
5805	1270	88.902405
5805	1291	88.43097
5805	750	88.27794
5805	2858	88.02236
5805	924	87.79805
5805	1387	87.71071
5806	912	101.98767
5806	858	99.353226
5806	1230	98.1276
5806	1244	97.37491
5806	904	96.7291
5806	910	94.922806
5806	1228	94.80495
5806	903	94.71933
5806	1225	93.529144
5806	2130	92.16855
5807	2858	43.915066
5807	2997	42.31441
5807	39	41.396267
5807	608	41.199924
5807	1500	41.17633
5807	34	40.744263
5807	2395	40.292973
5807	593	39.047558
5807	318	38.640095
5807	1617	38.281467
5808	608	68.936905
5808	593	65.25335
5808	1240	64.26573
5808	1617	62.547607
5808	1213	62.103626
5808	589	61.699818
5808	1270	61.184128
5808	1200	61.065117
5808	2858	60.468967
5808	1225	58.82149
5809	1259	164.99536
5809	1079	164.33272
5809	1200	163.86823
5809	2174	162.13016
5809	296	161.20148
5809	1265	159.31729
5809	1387	157.37997
5809	2716	155.72952
5809	2858	155.66881
5809	1294	155.19334
5810	608	13.453667
5810	296	12.7272215
5810	2028	12.53312
5810	593	12.248537
5810	527	12.215509
5810	1196	12.16149
5810	318	12.158528
5810	1617	12.099131
5810	1221	11.578926
5810	2858	11.434141
5811	1265	148.64352
5811	296	143.08249
5811	1	139.36342
5811	34	136.66658
5811	318	133.17719
5811	1259	132.71646
5811	50	131.48036
5811	1213	131.2404
5811	2716	131.07494
5811	235	130.88217
5812	608	345.8852
5812	1198	328.31348
5812	1	327.29626
5812	457	320.6162
5812	1500	307.26797
5812	1213	306.25345
5812	2321	304.9784
5812	2997	300.94727
5812	1036	300.06375
5812	1240	299.93472
5813	2571	65.95479
5813	260	65.5405
5813	2028	62.49167
5813	1200	61.440083
5813	480	61.389164
5813	1580	61.335777
5813	2716	61.050022
5813	1127	59.322525
5813	2858	59.15774
5813	1610	59.03803
5814	1196	25.161148
5814	608	24.963322
5814	2571	23.876648
5814	593	23.85236
5814	1198	23.311146
5814	589	23.300264
5814	527	23.28662
5814	2858	23.018038
5814	1	22.907305
5814	1214	22.75976
5815	908	49.070744
5815	903	48.434208
5815	1267	48.188232
5815	1221	47.466724
5815	1206	47.134777
5815	260	46.94546
5815	111	46.088814
5815	910	44.97098
5815	1204	44.78263
5815	608	44.348022
5816	2858	15.462803
5816	2706	14.2465315
5816	2683	13.936025
5816	2959	13.700085
5816	2716	13.437151
5816	2770	13.189243
5816	2605	12.873474
5816	2355	12.803965
5816	3176	12.793771
5816	2688	12.75529
5817	2571	18.932194
5817	589	18.119947
5817	2858	17.790031
5817	2762	17.78738
5817	480	17.6871
5817	110	17.20353
5817	2028	17.19184
5817	1240	17.06547
5817	1196	17.030062
5817	2716	16.958786
5818	2997	18.244474
5818	223	17.593416
5818	2599	17.524939
5818	2706	17.244276
5818	2959	17.07758
5818	2762	17.058987
5818	593	16.542536
5818	1196	16.409052
5818	2396	16.283955
5818	2395	16.104836
5819	2571	22.061926
5819	480	21.55496
5819	1196	20.985126
5819	1580	20.838867
5819	2916	20.611229
5819	1240	20.515604
5819	1036	20.281885
5819	377	20.017923
5819	1210	19.87244
5819	2000	19.862425
5820	2858	33.208
5820	260	32.667786
5820	858	31.758677
5820	296	31.529325
5820	593	31.492008
5820	527	31.225887
5820	1270	31.101332
5820	1265	30.74281
5820	1210	30.145897
5820	1197	30.127165
5821	2858	46.170692
5821	1617	44.328327
5821	1	42.758736
5821	1213	42.282642
5821	50	42.228718
5821	1198	42.1175
5821	2997	42.076725
5821	2028	41.826054
5821	260	41.084095
5821	1259	40.6375
5822	1994	45.13285
5822	1321	43.409794
5822	2716	42.59474
5822	2003	40.168602
5822	1200	39.761875
5822	1130	39.03382
5822	1240	38.271675
5822	1334	38.13889
5822	1339	38.060757
5822	1215	37.84952
5823	2571	79.96505
5823	1270	79.54222
5823	1240	77.95075
5823	589	77.9253
5823	1374	77.321144
5823	1200	74.06876
5823	1097	73.89841
5823	1	73.40839
5823	780	72.90969
5823	457	72.48267
5824	316	291.38135
5824	110	269.6305
5824	1129	266.48483
5824	2028	265.4905
5824	1387	265.2302
5824	380	262.8418
5824	1	255.1065
5824	1377	250.18053
5824	2194	248.35934
5824	1222	247.63922
5825	1265	77.799095
5825	1213	76.35107
5825	2599	73.966225
5825	2395	72.04977
5825	589	70.71634
5825	110	68.8038
5825	1358	68.645775
5825	32	68.27632
5825	2959	67.937584
5825	457	67.67513
5826	1213	163.06422
5826	527	153.7118
5826	1270	149.03261
5826	260	148.32153
5826	1	148.09702
5826	1394	147.81711
5826	1198	147.4093
5826	1580	143.36348
5826	2987	142.1232
5826	1240	141.47327
5827	2571	82.98738
5827	589	81.403725
5827	377	79.508446
5827	2028	77.726234
5827	110	76.97099
5827	2858	76.544655
5827	3253	76.133224
5827	1196	76.02903
5827	1197	75.99465
5827	296	74.946594
5828	2858	12.9233465
5828	1196	12.4975815
5828	2571	12.128145
5828	608	11.992136
5828	2997	11.894054
5828	296	11.877381
5828	593	11.708428
5828	318	11.619654
5828	527	11.164665
5828	1617	11.109052
5829	1265	51.786987
5829	1307	49.574173
5829	2797	48.730568
5829	2791	48.30795
5829	3361	48.04789
5829	1197	47.644478
5829	2174	47.36403
5829	1278	45.642567
5829	2804	44.660103
5829	1288	44.422752
5830	2858	16.535444
5830	1265	15.996585
5830	1	15.630724
5830	2396	15.378047
5830	318	15.271857
5830	608	15.258428
5830	296	15.214245
5830	1196	14.948804
5830	1270	14.252622
5830	593	14.227983
5831	1036	442.12897
5831	1968	438.75235
5831	296	435.4769
5831	457	430.14926
5831	356	425.36984
5831	110	420.31522
5831	1222	413.98813
5831	1278	409.70404
5831	1610	406.63025
5831	1387	400.56607
5832	1704	50.3497
5832	2396	45.799744
5832	1617	45.565853
5832	25	45.138
5832	2291	44.00808
5832	50	43.813274
5832	2997	42.91934
5832	150	42.732944
5832	1673	42.325966
5832	337	42.11211
5833	296	70.16067
5833	593	68.292206
5833	2396	61.275208
5833	2997	60.401524
5833	1265	60.314808
5833	1358	59.844086
5833	2762	59.264942
5833	36	58.9817
5833	1094	57.42203
5833	1089	56.326965
5834	2997	15.812113
5834	2716	15.75896
5834	2858	15.458617
5834	1265	14.741097
5834	1196	14.317163
5834	2599	14.2819195
5834	1197	14.261907
5834	2762	13.847754
5834	1136	13.750319
5834	1617	13.718429
5835	318	23.089418
5835	527	22.973423
5835	593	22.948877
5835	296	22.492262
5835	1617	22.446026
5835	858	21.941017
5835	50	21.16347
5835	1247	20.985125
5835	923	20.726336
5835	1193	20.67297
5836	608	44.302288
5836	2571	42.760975
5836	589	41.798096
5836	1617	41.524784
5836	110	40.54665
5836	1	40.24017
5836	1210	39.97916
5836	50	39.864265
5836	480	39.44284
5836	1580	39.21686
5837	2353	328.53632
5837	2628	310.33212
5837	590	306.8359
5837	1	303.45325
5837	1408	300.10196
5837	1242	299.3869
5837	1097	298.35504
5837	2987	298.34937
5837	1356	298.0603
5837	2174	297.0585
5838	608	142.24095
5838	858	137.72021
5838	1265	137.219
5838	919	133.66704
5838	1259	129.87355
5838	593	128.63411
5838	541	128.35204
5838	1394	128.04149
5838	1307	127.128654
5838	34	126.52976
5839	296	32.453903
5839	1196	31.500984
5839	593	31.498295
5839	858	30.400293
5839	1213	29.680784
5839	260	29.411863
5839	50	28.870426
5839	2858	28.858797
5839	589	28.792381
5839	457	28.787111
5840	2918	113.30006
5840	3361	108.695045
5840	357	108.55462
5840	2174	105.9508
5840	1674	105.52988
5840	1784	105.17709
5840	1394	105.130455
5840	296	103.69936
5840	593	103.68788
5840	1225	103.67374
5841	2174	198.47327
5841	1394	192.9297
5841	34	191.84659
5841	2791	191.50568
5841	1136	191.01413
5841	1198	181.69543
5841	39	180.12256
5841	2804	179.78699
5841	2243	178.6247
5841	1294	177.66692
5842	2916	59.51361
5842	1580	57.81438
5842	2028	57.593903
5842	2000	57.530937
5842	1197	56.179897
5842	592	55.81088
5842	1374	55.51
5842	1270	54.854588
5842	2194	52.971657
5842	1220	52.796955
5843	1240	87.35642
5843	1214	87.35156
5843	1198	86.41991
5843	1197	85.92603
5843	858	83.86879
5843	1136	82.36645
5843	2987	80.19947
5843	2571	79.10263
5843	1294	79.08591
5843	1278	77.65287
5844	1580	73.72586
5844	2916	71.889336
5844	1200	71.428635
5844	1214	68.911354
5844	1356	66.66106
5844	1197	65.77571
5844	2628	64.56992
5844	1	63.73963
5844	2985	63.72778
5844	1127	63.246826
5845	608	103.30126
5845	912	101.90467
5845	111	95.85107
5845	1196	94.97488
5845	2396	94.05661
5845	904	93.91365
5845	593	92.81014
5845	296	92.56396
5845	903	92.22094
5845	541	91.21713
5846	608	49.274345
5846	858	47.782063
5846	2858	46.727627
5846	1617	45.89417
5846	1196	44.50778
5846	527	44.45765
5846	1221	43.919365
5846	1247	43.695076
5846	750	43.530582
5846	1213	43.202785
5847	1220	230.94948
5847	589	228.35823
5847	2174	224.3134
5847	457	222.5929
5847	377	219.13438
5847	2716	217.92383
5847	2985	217.79785
5847	2054	214.31044
5847	356	209.14827
5847	2028	208.34048
5848	923	207.80708
5848	1079	199.61244
5848	1225	197.79257
5848	1197	196.71378
5848	541	195.84975
5848	1193	195.53804
5848	1394	193.90457
5848	1259	193.51343
5848	593	190.97302
5848	1267	189.75395
5849	1198	40.482323
5849	1240	38.956974
5849	2571	38.698517
5849	589	37.922848
5849	1200	37.60127
5849	1197	37.15152
5849	608	37.118294
5849	1214	36.9927
5849	858	36.38686
5849	1580	36.07991
5850	260	11.872903
5850	1196	11.811705
5850	1291	11.01782
5850	858	10.8292055
5850	2406	10.451531
5850	592	10.14776
5850	1304	9.988465
5850	1221	9.900274
5850	1214	9.896109
5850	2028	9.885631
5851	2571	110.77419
5851	480	110.03802
5851	1214	108.03739
5851	2916	107.43248
5851	1200	106.8324
5851	2640	102.74035
5851	457	100.967094
5851	1270	100.44261
5851	541	98.95349
5851	1610	98.797745
5852	1136	170.42094
5852	593	169.20236
5852	296	167.65749
5852	318	165.74759
5852	1079	164.5837
5852	1294	164.01245
5852	1	158.77567
5852	1221	158.44777
5852	2797	157.62408
5852	1674	156.22676
5853	1196	80.38869
5853	608	78.9602
5853	858	75.03245
5853	919	74.65292
5853	1094	74.0601
5853	1079	73.97231
5853	1136	73.90994
5853	1270	73.79055
5853	1294	73.31077
5853	1394	73.01989
5854	1370	208.55885
5854	380	208.09148
5854	648	200.86
5854	1240	195.43324
5854	1377	195.22734
5854	329	195.10391
5854	736	193.84235
5854	1127	192.04945
5854	1200	188.9778
5854	1396	187.44588
5855	318	41.072544
5855	608	40.32872
5855	1704	40.155415
5855	296	38.263393
5855	2396	37.470245
5855	593	37.19152
5855	1358	36.069645
5855	1094	35.526264
5855	150	35.4311
5855	1617	35.17441
5856	1197	38.510136
5856	1196	38.25373
5856	2797	38.0339
5856	357	37.476288
5856	1198	37.014492
5856	2396	36.699993
5856	1580	36.46368
5856	1210	36.000843
5856	2000	35.822098
5856	2918	35.305855
5857	1270	132.78839
5857	1198	129.38129
5857	2174	124.18268
5857	1580	122.57201
5857	1291	121.48603
5857	1307	120.85339
5857	1240	120.62656
5857	1220	118.84479
5857	608	118.3368
5857	1036	118.25756
5858	608	156.27867
5858	919	140.17479
5858	593	140.1712
5858	912	139.33714
5858	1221	138.16429
5858	1213	135.34155
5858	1225	135.14415
5858	924	134.49449
5858	2858	133.56734
5858	750	131.7318
5859	608	29.631205
5859	318	27.6773
5859	296	27.467596
5859	527	27.228765
5859	1196	26.610603
5859	1617	26.210062
5859	50	24.709673
5859	919	24.581612
5859	260	24.500801
5859	2858	24.012175
5860	1	61.23191
5860	2174	61.22055
5860	1197	60.613605
5860	2716	58.60707
5860	1196	58.4936
5860	1259	57.55719
5860	1394	57.370895
5860	1220	56.903263
5860	2100	56.33334
5860	1198	56.08272
5861	457	86.71052
5861	50	83.00027
5861	1196	82.99218
5861	260	81.37088
5861	1198	81.03669
5861	1214	80.6721
5861	589	80.39466
5861	2571	78.21522
5861	1221	76.92435
5861	1200	76.67603
5862	2571	205.89557
5862	1610	199.01834
5862	1573	193.9868
5862	349	182.77351
5862	3256	181.91348
5862	2353	179.38069
5862	10	178.9865
5862	2406	178.56335
5862	2006	176.0021
5862	1391	175.41275
5863	2858	14.364712
5863	2571	14.202611
5863	1196	14.146619
5863	608	13.887409
5863	589	13.7959
5863	1265	13.788481
5863	1270	13.318647
5863	1210	13.225391
5863	260	13.203682
5863	296	13.196646
5864	608	36.299274
5864	527	34.956112
5864	1198	34.35174
5864	296	33.51045
5864	858	32.887615
5864	260	32.741917
5864	1617	32.343006
5864	457	32.196346
5864	2858	32.18131
5864	1213	31.813341
5865	2916	85.98253
5865	260	81.292534
5865	480	81.23193
5865	780	80.52989
5865	1376	79.588264
5865	1127	77.0715
5865	2105	76.88855
5865	2640	76.035545
5865	1270	74.053276
5865	1391	71.76985
5866	608	19.55778
5866	858	19.226336
5866	1196	18.839655
5866	1617	18.327194
5866	527	18.266027
5866	919	18.074558
5866	1198	17.736069
5866	296	17.622713
5866	1252	17.546844
5866	1221	17.478256
5867	2683	22.567352
5867	2706	22.471289
5867	2716	20.112223
5867	2605	20.02313
5867	2688	19.916113
5867	2762	19.784903
5867	2959	19.092033
5867	2997	19.04848
5867	2712	18.8041
5867	2694	18.725887
5868	608	36.923008
5868	1225	36.06363
5868	593	34.059414
5868	923	32.970474
5868	1704	32.711113
5868	296	32.46917
5868	1207	32.330853
5868	2858	32.264843
5868	912	31.995316
5868	1213	31.944046
5869	2571	60.050816
5869	1198	58.11332
5869	1580	56.94071
5869	480	56.267025
5869	457	55.955585
5869	2028	54.811195
5869	1610	53.23052
5869	1197	52.309994
5869	2000	51.090023
5869	608	50.408115
5870	50	32.708904
5870	1213	32.38138
5870	593	32.24122
5870	1265	31.95752
5870	318	31.781048
5870	2028	31.414974
5870	1196	31.098269
5870	1617	30.854113
5870	1089	30.186993
5870	2396	30.104498
5871	608	70.54358
5871	318	67.04862
5871	1265	66.66794
5871	50	63.848633
5871	2997	63.150887
5871	1704	62.3192
5871	2028	62.129944
5871	1213	61.050255
5871	39	60.441227
5871	1094	59.93795
5872	1580	150.11635
5872	1573	145.59286
5872	110	143.78674
5872	474	136.37749
5872	1036	133.24667
5872	1196	132.92336
5872	2628	131.33409
5872	1210	130.51984
5872	1240	130.23328
5872	2699	128.89722
5873	589	36.97632
5873	1196	36.69513
5873	2916	36.627823
5873	480	36.40578
5873	1580	35.971268
5873	1240	35.035297
5873	780	34.52088
5873	1291	33.778633
5873	1036	33.578278
5873	377	33.169388
5874	1036	171.85133
5874	1197	160.92575
5874	592	160.7392
5874	1370	158.87967
5874	733	158.78404
5874	1573	158.09352
5874	608	155.81616
5874	1265	155.23854
5874	1374	154.35086
5874	380	153.46231
5875	1580	111.662895
5875	480	110.501884
5875	2916	110.20316
5875	457	108.78554
5875	2028	108.495895
5875	1610	105.3047
5875	1200	103.10799
5875	377	100.41475
5875	1197	98.39481
5875	733	98.31066
5876	1196	22.42173
5876	1198	21.365871
5876	1240	21.026867
5876	1214	20.432928
5876	1291	20.247704
5876	1036	20.034164
5876	2000	19.738438
5876	1200	19.66174
5876	1210	19.544144
5876	592	19.501825
5877	260	14.5797615
5877	1270	14.064325
5877	1210	13.744671
5877	1127	13.479163
5877	2987	13.357692
5877	2571	13.354723
5877	1240	13.354151
5877	1197	13.337125
5877	1198	13.301903
5877	1200	13.057544
5878	527	244.2959
5878	2858	243.12509
5878	1213	234.96419
5878	1394	230.18181
5878	1196	230.17593
5878	1094	230.07211
5878	3418	229.69438
5878	1641	228.71365
5878	39	228.46529
5878	1197	227.43991
5879	1196	56.528736
5879	2916	53.994785
5879	1036	53.526936
5879	1580	52.02403
5879	457	51.751286
5879	480	51.31226
5879	2000	49.47355
5879	2028	48.06316
5879	110	47.910694
5879	2985	47.355297
5880	1198	351.11343
5880	2797	343.31122
5880	1259	334.08557
5880	1291	324.56903
5880	110	316.27737
5880	318	310.53098
5880	2321	306.6794
5880	2804	304.60474
5880	1127	296.63556
5880	2291	296.35873
5881	480	136.58855
5881	318	133.80745
5881	1784	132.61082
5881	1393	131.78175
5881	2858	131.51393
5881	110	131.38445
5881	1704	130.75572
5881	2916	130.6455
5881	440	129.2584
5881	780	127.64346
5882	1214	44.551075
5882	1580	42.917606
5882	1374	42.80072
5882	1198	41.569504
5882	2985	40.60374
5882	1036	39.671608
5882	1291	39.10159
5882	1127	38.856018
5882	2640	38.85432
5882	1376	38.387436
5883	2716	16.479486
5883	2599	16.061749
5883	2959	15.2806225
5883	2706	15.25885
5883	2762	14.761577
5883	593	14.684717
5883	2028	14.556818
5883	1127	14.52889
5883	2395	14.392266
5883	2710	14.17395
5884	589	71.57722
5884	2916	71.51915
5884	1580	69.59393
5884	1610	68.019455
5884	2985	64.97127
5884	110	63.71503
5884	1197	63.38164
5884	780	61.551117
5884	1370	61.417446
5884	1527	60.915447
5885	1617	84.965385
5885	296	84.33124
5885	318	83.547226
5885	50	81.065994
5885	1265	79.50527
5885	527	79.086876
5885	2571	79.02412
5885	457	78.351295
5885	260	78.08301
5885	589	77.72959
5886	780	249.42065
5886	1265	247.74974
5886	260	244.459
5886	1270	234.35695
5886	1374	227.22906
5886	3418	220.54764
5886	1214	216.954
5886	318	213.59966
5886	2640	213.53513
5886	1653	212.09558
5887	1196	59.421974
5887	2396	58.8102
5887	527	58.32701
5887	2858	57.483295
5887	1198	57.307022
5887	296	57.300865
5887	1617	55.939186
5887	1097	55.63223
5887	260	55.39172
5887	2028	54.43051
5888	1394	289.14523
5888	2791	279.16077
5888	2716	275.2209
5888	356	271.7777
5888	34	266.97922
5888	2804	263.1827
5888	318	257.2264
5888	1097	254.51016
5888	527	253.30977
5888	593	252.70332
5889	858	92.68723
5889	2858	86.76029
5889	1294	85.25626
5889	593	84.84574
5889	1230	84.095894
5889	1221	83.41265
5889	527	83.35189
5889	1394	83.22162
5889	1213	82.658775
5889	1079	82.127174
5890	1196	176.3736
5890	608	174.40305
5890	1198	168.31285
5890	1294	164.47276
5890	260	160.32997
5890	923	156.93613
5890	1079	156.14534
5890	1304	156.01358
5890	1090	155.41023
5890	1259	155.20148
5891	2710	44.64511
5891	2605	43.931324
5891	223	42.763157
5891	2719	39.526024
5891	2959	39.14545
5891	2858	38.925774
5891	3081	38.49016
5891	2712	37.91563
5891	1911	37.15139
5891	3113	36.636894
5892	912	86.30611
5892	1617	84.273254
5892	1198	82.20287
5892	1136	81.20757
5892	1208	81.07716
5892	903	78.90225
5892	527	78.285736
5892	1294	77.4141
5892	1213	77.31211
5892	1304	75.3105
5893	1079	91.26937
5893	1394	89.40538
5893	1136	84.25424
5893	2797	80.14973
5893	1270	79.24045
5893	1	77.79699
5893	1278	77.28462
5893	2997	77.20996
5893	608	77.00282
5893	39	76.596695
5894	2916	99.042336
5894	1370	97.97519
5894	1036	96.6701
5894	2571	95.71677
5894	380	94.05643
5894	1291	92.40278
5894	592	91.171425
5894	165	90.326324
5894	648	89.796875
5894	1573	89.551506
5895	296	32.753872
5895	593	29.434431
5895	47	27.714458
5895	1221	27.418121
5895	2028	27.277908
5895	318	27.08086
5895	1729	26.946941
5895	457	26.742287
5895	6	26.47888
5895	1036	26.355095
5896	1265	99.84351
5896	1923	96.97871
5896	357	93.102394
5896	1784	91.524536
5896	2396	88.59239
5896	2599	86.02704
5896	1883	83.63961
5896	543	82.71419
5896	11	82.64883
5896	2108	82.22741
5897	2858	16.37836
5897	2396	16.10056
5897	1252	15.832046
5897	2762	15.626618
5897	608	15.2866955
5897	1617	14.898042
5897	1247	14.542461
5897	296	14.375514
5897	919	14.318285
5897	1230	14.28349
5898	608	24.063866
5898	593	22.838703
5898	318	22.70597
5898	296	22.6245
5898	1617	22.294516
5898	1196	22.079853
5898	2028	21.5846
5898	1265	21.2878
5898	589	21.14519
5898	2762	20.795294
5899	2571	5.246523
5899	296	5.1409187
5899	589	5.0709534
5899	457	5.0211086
5899	1196	4.946915
5899	480	4.923934
5899	1580	4.844919
5899	2028	4.8390255
5899	2716	4.808872
5899	1610	4.7507067
5900	608	77.63076
5900	296	68.763725
5900	318	67.74102
5900	923	64.425735
5900	1617	63.98554
5900	1208	63.956398
5900	36	63.915936
5900	1704	63.058243
5900	1358	62.89825
5900	25	62.128494
5901	608	20.328688
5901	260	19.776112
5901	318	19.183823
5901	527	18.802353
5901	1198	18.679924
5901	296	18.519823
5901	1617	18.251768
5901	858	17.75578
5901	1213	17.686256
5901	1197	17.634762
5902	608	51.56267
5902	1617	47.081524
5902	318	47.057377
5902	1196	46.840355
5902	1094	46.6997
5902	1265	46.356174
5902	2858	45.828457
5902	858	43.84414
5902	296	43.21624
5902	1198	43.213654
5903	1610	68.75464
5903	1240	67.48788
5903	1198	66.81377
5903	1036	64.458664
5903	1291	63.27139
5903	780	63.02984
5903	1200	62.973095
5903	1197	62.41787
5903	1573	61.693
5903	1214	60.960316
5904	1580	17.358047
5904	2571	17.351295
5904	260	17.090517
5904	2916	16.319492
5904	1210	16.216812
5904	480	16.134909
5904	1198	15.9523735
5904	1270	15.638953
5904	1197	15.570694
5904	1265	15.502965
5905	2797	94.7389
5905	1265	90.40964
5905	2918	90.34907
5905	1196	88.11233
5905	1220	87.494965
5905	1136	87.201965
5905	1079	86.499115
5905	1197	85.93217
5905	1259	85.9157
5905	2100	85.20854
5906	296	103.114845
5906	527	102.309845
5906	2858	101.60722
5906	1	97.57187
5906	1213	96.931305
5906	858	96.52446
5906	2716	94.45218
5906	2571	93.96813
5906	1136	93.19388
5906	1240	92.19684
5907	1252	31.166904
5907	903	28.540688
5907	912	27.049217
5907	913	27.030378
5907	1219	26.38208
5907	608	25.902624
5907	1247	25.901606
5907	930	25.397112
5907	922	25.083412
5907	924	24.915562
5908	1036	190.70107
5908	780	182.73857
5908	1370	177.16507
5908	380	174.36948
5908	2985	173.3971
5908	1270	169.2787
5908	2406	166.20148
5908	2115	163.97873
5908	1676	162.70891
5908	316	162.18431
5909	260	15.294441
5909	1200	14.787194
5909	1198	14.362359
5909	1278	14.106927
5909	1997	14.085631
5909	2366	14.031089
5909	1240	13.741375
5909	2716	13.728986
5909	1258	13.449763
5909	1994	13.314918
5910	1307	76.50815
5910	3361	70.21889
5910	1259	69.46686
5910	1394	68.4438
5910	1962	67.12258
5910	1270	66.03848
5910	2915	65.21072
5910	2174	65.09462
5910	1197	63.3114
5910	2396	63.11597
5911	589	131.70532
5911	1127	122.98499
5911	2987	113.52537
5911	1036	110.84953
5911	2028	109.815575
5911	1291	109.01525
5911	750	108.289536
5911	1573	108.258865
5911	2529	108.128716
5911	110	107.120384
5912	1196	99.83384
5912	608	89.27423
5912	593	88.64416
5912	296	86.435425
5912	1580	85.80512
5912	480	85.634476
5912	858	85.11915
5912	110	85.069046
5912	1259	84.77881
5912	2000	83.96646
5913	296	75.382645
5913	2858	70.22749
5913	1265	68.44891
5913	1704	67.51139
5913	2028	65.554955
5913	1	64.33661
5913	1358	61.955532
5913	32	60.621304
5913	2571	60.54684
5913	1196	59.679344
5914	1617	31.226559
5914	296	29.557749
5914	593	27.360432
5914	1221	26.543438
5914	318	26.508747
5914	1196	26.067745
5914	2858	25.63807
5914	111	24.990013
5914	260	24.69206
5914	1198	24.363426
5915	377	210.25311
5915	1270	205.15898
5915	380	200.1136
5915	780	195.74973
5915	21	193.61977
5915	2858	190.77576
5915	1259	190.10284
5915	1573	189.12625
5915	50	188.87674
5915	2628	188.30019
5916	527	256.7388
5916	1265	231.50443
5916	1094	231.4674
5916	3362	230.99661
5916	1206	222.71666
5916	1231	222.45116
5916	1293	219.82986
5916	1299	219.50345
5916	2243	219.09082
5916	1235	217.77858
5917	1240	186.1129
5917	592	175.55713
5917	780	163.47432
5917	2628	161.8427
5917	110	157.10051
5917	1387	155.31213
5917	1270	154.87744
5917	2028	154.77211
5917	2194	151.98393
5917	1372	150.7006
5918	260	21.071968
5918	858	20.878912
5918	1198	20.67031
5918	1240	19.726469
5918	2028	19.481909
5918	589	19.453577
5918	1214	19.447079
5918	296	19.383146
5918	1210	19.317402
5918	2571	19.093626
5919	785	17.747795
5919	2858	17.352282
5919	2716	17.324434
5919	2770	17.309599
5919	2959	17.141947
5919	2502	16.806824
5919	2699	16.226206
5919	2997	16.184233
5919	2355	16.151169
5919	2712	15.761906
5920	1259	117.58095
5920	1	115.34432
5920	1580	113.8962
5920	2174	113.58695
5920	457	112.76525
5920	1210	112.74058
5920	110	111.41034
5920	1617	111.148
5920	480	109.18584
5920	1240	108.719185
5921	589	42.57072
5921	1240	40.895317
5921	1197	40.367786
5921	1580	40.320377
5921	480	40.258907
5921	608	39.94865
5921	1270	39.704082
5921	1036	39.640114
5921	457	39.57913
5921	2858	39.466187
5922	1196	126.28918
5922	1136	123.35178
5922	541	121.08739
5922	924	119.01576
5922	1270	118.353226
5922	1197	118.05755
5922	1234	115.378006
5922	1214	115.018295
5922	1259	114.18595
5922	1084	112.05667
5923	608	21.202503
5923	2858	21.04199
5923	589	20.962732
5923	110	20.920094
5923	457	20.90398
5923	1196	20.696873
5923	527	20.389858
5923	296	20.068153
5923	1198	19.471302
5923	260	19.423824
5924	1036	143.55907
5924	589	141.60652
5924	1580	138.01909
5924	1200	133.64308
5924	2028	129.69016
5924	2194	127.15826
5924	1573	125.25126
5924	1222	121.32213
5924	1275	121.00112
5924	1197	118.89004
5925	608	118.862366
5925	1136	117.23215
5925	1307	116.52533
5925	2797	114.61884
5925	1265	112.84512
5925	2396	112.33694
5925	2174	111.1092
5925	1198	111.010925
5925	2858	109.76083
5925	2804	107.81326
5926	1196	60.915
5926	2916	57.990917
5926	1200	57.160706
5926	2000	57.02971
5926	1580	55.14163
5926	2028	54.547195
5926	110	54.40055
5926	1374	53.690884
5926	1197	52.327705
5926	733	52.087433
5927	1617	110.81108
5927	36	109.9815
5927	235	106.36873
5927	337	104.37617
5927	1358	104.01172
5927	1673	103.675865
5927	50	103.1734
5927	800	100.02719
5927	994	99.18757
5927	3108	98.98498
5928	1252	13.806624
5928	1945	12.628658
5928	912	11.940307
5928	922	11.830564
5928	908	11.668637
5928	1248	11.643937
5928	608	11.502745
5928	1212	11.4948225
5928	1244	11.469975
5928	910	11.401816
5929	1347	71.74625
5929	1130	69.38646
5929	1997	67.388954
5929	1128	63.576683
5929	2517	62.975994
5929	2288	62.380962
5929	1407	60.948086
5929	1258	60.693184
5929	1991	60.232918
5929	1974	59.49245
5930	1079	78.761986
5930	1307	77.10817
5930	1394	76.22836
5930	1294	72.47995
5930	2791	71.85048
5930	1234	70.36804
5930	2716	68.95899
5930	919	68.59654
5930	1288	68.38462
5930	39	68.37323
5931	1240	69.40854
5931	2571	68.74342
5931	589	68.460236
5931	1200	66.440475
5931	1036	64.50605
5931	1214	63.905415
5931	2000	63.791233
5931	2028	63.19352
5931	2406	62.152603
5931	457	61.450935
5932	2571	19.820438
5932	1610	19.024675
5932	2916	18.731644
5932	110	18.250717
5932	480	18.130224
5932	377	18.007986
5932	1196	17.709883
5932	1036	17.647236
5932	1240	17.201689
5932	1580	17.163946
5933	2997	31.637426
5933	2355	31.047586
5933	2959	30.007332
5933	2710	29.953197
5933	2762	28.843721
5933	2700	28.186558
5933	2502	28.157055
5933	2987	28.060867
5933	2395	27.73995
5933	2571	27.553593
5934	608	27.657812
5934	1196	26.154926
5934	593	25.711672
5934	1617	25.446033
5934	1213	25.36879
5934	318	25.338606
5934	296	24.830494
5934	1198	24.762072
5934	111	24.643263
5934	2028	24.335785
5935	2858	25.906208
5935	296	24.575562
5935	608	24.158827
5935	2997	23.59271
5935	1259	23.479595
5935	1197	23.44942
5935	1394	23.34179
5935	1196	23.307837
5935	593	23.18885
5935	2716	23.186142
5936	1617	41.443382
5936	2571	41.42891
5936	589	41.164963
5936	1210	39.95371
5936	2858	38.39409
5936	1036	38.067608
5936	457	37.707264
5936	1270	37.65943
5936	1213	37.603195
5936	480	37.36115
5937	1196	74.97079
5937	1240	69.23
5937	1198	68.96717
5937	1214	66.91406
5937	1270	66.4773
5937	2028	64.33532
5937	296	63.714844
5937	1617	62.521366
5937	1097	62.01156
5937	2916	61.601692
5938	1265	116.06243
5938	296	110.66474
5938	50	105.14104
5938	39	104.067726
5938	593	102.331566
5938	1500	101.81103
5938	1394	101.74482
5938	1213	101.19222
5938	1270	100.45832
5938	2028	99.82543
5939	1617	83.21962
5939	318	81.6532
5939	1213	81.14093
5939	260	79.40198
5939	2858	78.41155
5939	919	77.85171
5939	1221	77.67206
5939	111	77.492775
5939	1208	76.858734
5939	1193	76.38249
5940	2710	23.038769
5940	2541	22.305407
5940	3005	22.130157
5940	2707	21.884838
5940	223	21.656853
5940	2699	21.587122
5940	2355	21.514977
5940	2959	21.223415
5940	2716	21.070353
5940	785	20.890165
5941	1617	23.17625
5941	296	21.397158
5941	1196	20.447863
5941	2571	20.271603
5941	2858	20.094448
5941	527	20.053722
5941	1089	20.013838
5941	1213	19.628723
5941	318	19.487648
5941	260	19.293184
5942	1259	127.6397
5942	1196	124.37542
5942	2791	123.74413
5942	1197	123.68104
5942	3361	123.15516
5942	2918	122.973915
5942	1304	120.98762
5942	1198	120.40495
5942	2289	118.72927
5942	260	118.48607
5943	2396	36.069336
5943	1	33.07243
5943	1136	32.865532
5943	1197	32.700996
5943	1294	32.5875
5943	1304	31.69634
5943	1265	31.650124
5943	1270	31.200233
5943	1028	31.167112
5943	34	31.151543
5944	2571	2.3542843
5944	1196	2.1870298
5944	110	2.1567993
5944	1573	2.1510549
5944	1580	2.1483722
5944	589	2.1241863
5944	2858	2.0573852
5944	2706	2.0538366
5944	2028	2.0314069
5944	780	2.0275724
5945	923	19.428087
5945	1247	19.427507
5945	608	18.997147
5945	1084	18.62279
5945	1225	18.560505
5945	912	18.5569
5945	1617	18.441164
5945	1208	18.424713
5945	1953	18.307762
5945	1952	18.259392
5946	357	52.52444
5946	39	50.885815
5946	2858	49.295094
5946	377	49.254143
5946	539	47.5103
5946	1197	47.420887
5946	587	47.3379
5946	1784	46.75435
5946	318	46.61338
5946	2291	46.450706
5947	1376	72.66098
5947	2571	70.15822
5947	1270	69.117
5947	32	67.87251
5947	2528	67.56492
5947	1375	67.31346
5947	1356	65.75692
5947	1371	65.10428
5947	1527	64.869545
5947	2657	63.984665
5948	1252	200.38568
5948	3363	199.38213
5948	1304	181.14723
5948	909	176.1696
5948	1267	175.16797
5948	1276	174.04443
5948	898	173.15137
5948	920	172.16702
5948	1952	170.74168
5948	3037	170.05414
5949	593	99.04657
5949	2395	96.215996
5949	318	94.93902
5949	1265	94.627335
5949	2571	92.70109
5949	2700	89.93325
5949	2716	88.28753
5949	2396	88.270546
5949	2391	87.73845
5949	457	86.970474
5950	1196	197.94475
5950	1259	178.17006
5950	457	177.79774
5950	2716	177.46812
5950	1213	176.0975
5950	1214	175.62846
5950	2571	175.45323
5950	1210	173.78291
5950	1197	173.36134
5950	1580	173.23924
5951	1198	49.63062
5951	1265	46.36547
5951	1210	45.923996
5951	2571	45.658268
5951	1	45.462807
5951	1240	45.354618
5951	1079	44.99331
5951	1394	44.80092
5951	296	44.301643
5951	1097	44.265614
5952	919	85.03875
5952	924	83.804085
5952	1617	80.722565
5952	1265	80.55349
5952	858	80.06918
5952	908	79.68708
5952	1294	79.49583
5952	1198	79.09883
5952	608	78.712944
5952	1210	77.97608
5953	1580	71.04791
5953	1196	69.4263
5953	480	68.326126
5953	2916	68.11968
5953	260	64.45566
5953	1240	63.82514
5953	1210	63.66156
5953	2028	63.557426
5953	1527	62.886257
5953	1584	62.785652
5954	1265	372.91116
5954	32	362.2488
5954	377	353.3812
5954	21	352.61517
5954	3175	345.21463
5954	1307	342.46814
5954	1544	340.65097
5954	1968	331.8508
5954	1917	328.4262
5954	356	325.24594
5955	2916	237.77542
5955	1291	226.88724
5955	2640	221.53065
5955	1220	220.35423
5955	1265	216.46054
5955	2987	213.54561
5955	1376	213.47333
5955	1356	210.89265
5955	2716	210.84525
5955	457	210.7826
5956	589	154.14612
5956	2916	152.27167
5956	260	151.38924
5956	1198	151.29411
5956	1	151.19453
5956	1617	145.5262
5956	1610	143.31993
5956	377	141.67728
5956	1036	139.88667
5956	1259	139.66373
5957	1374	156.2074
5957	2985	154.79053
5957	1291	146.50156
5957	1198	145.67065
5957	1127	143.75443
5957	1376	143.66438
5957	32	142.59396
5957	1372	140.51392
5957	1036	137.51157
5957	1375	134.87862
5958	1196	83.7314
5958	260	77.36791
5958	2000	77.14366
5958	1036	76.17205
5958	1222	75.69841
5958	1270	74.74141
5958	592	73.9181
5958	1214	73.42552
5958	2194	73.31963
5958	1197	73.24774
5959	1265	36.057148
5959	1923	33.846844
5959	2858	33.72146
5959	1500	33.263275
5959	1517	33.004524
5959	1580	32.936954
5959	223	32.451046
5959	356	32.120693
5959	2997	32.11603
5959	2395	31.97363
5960	1079	102.32337
5960	1	94.62661
5960	1136	93.40778
5960	2716	93.297066
5960	2915	91.41497
5960	440	91.07117
5960	1641	90.39411
5960	2144	89.48503
5960	3210	89.20585
5960	1278	87.94387
5961	1917	139.27386
5961	1608	138.48215
5961	110	135.60295
5961	1876	134.5997
5961	1676	133.16708
5961	2628	131.80528
5961	2028	131.67754
5961	292	131.57513
5961	1544	130.27118
5961	353	130.20538
5962	1196	29.829931
5962	608	29.177423
5962	318	27.852991
5962	593	27.601158
5962	1213	27.018553
5962	527	26.983826
5962	1617	26.45236
5962	589	26.051273
5962	1197	25.9189
5962	1270	25.80659
5963	1196	125.52002
5963	589	121.91803
5963	457	119.26387
5963	2916	118.88031
5963	2028	118.37901
5963	1240	117.74998
5963	593	116.17312
5963	480	115.01502
5963	32	111.39653
5963	110	111.276695
5964	457	303.5918
5964	2028	298.97742
5964	1220	294.4479
5964	110	292.1019
5964	858	290.6378
5964	1374	284.46085
5964	1610	278.12808
5964	2700	276.83896
5964	1288	276.61905
5964	21	275.79797
5965	223	19.748234
5965	2541	18.409904
5965	2716	18.409185
5965	2355	18.00906
5965	2959	17.876093
5965	1127	17.727226
5965	2599	17.587908
5965	2605	17.096853
5965	785	16.97232
5965	2688	16.423853
5966	608	43.49658
5966	318	41.609684
5966	1704	40.979946
5966	1213	39.959023
5966	593	39.1202
5966	25	38.780064
5966	527	38.717945
5966	1358	38.536266
5966	1673	37.507004
5966	778	37.243263
5967	2858	11.350872
5967	1213	10.812804
5967	2762	10.718557
5967	608	10.62368
5967	318	10.590644
5967	296	10.551651
5967	110	10.299828
5967	2571	10.282776
5967	1704	10.194848
5967	2997	10.191558
5968	1198	26.506691
5968	1221	25.208414
5968	1240	25.088415
5968	1214	24.854052
5968	1036	24.4941
5968	1387	24.315866
5968	1210	23.935404
5968	1200	23.693964
5968	1291	23.534773
5968	1197	23.295763
5969	1079	51.1077
5969	1394	49.854424
5969	1270	48.870323
5969	1294	48.64866
5969	1265	48.60694
5969	1278	48.343155
5969	1307	46.807667
5969	2174	46.006844
5969	1	44.685436
5969	1259	44.08893
5970	1196	45.726128
5970	1240	44.755066
5970	2571	42.979202
5970	1214	42.61649
5970	2916	42.329456
5970	589	42.148956
5970	1580	42.046562
5970	1210	41.944004
5970	541	40.758274
5970	480	40.483788
5971	1198	99.67919
5971	2028	98.95958
5971	357	97.54312
5971	1079	97.3326
5971	2174	97.13358
5971	2858	96.881195
5971	1784	96.586044
5971	608	96.41358
5971	39	95.9436
5971	593	95.83401
5972	2000	267.85486
5972	1580	238.4074
5972	2915	237.70644
5972	1200	228.84023
5972	2011	228.36151
5972	2001	228.24355
5972	858	227.5784
5972	2571	225.45634
5972	589	223.51122
5972	1213	223.18765
5973	260	31.626234
5973	541	30.430996
5973	2916	29.93508
5973	1374	28.946783
5973	1210	28.87958
5973	2985	27.893137
5973	32	27.188364
5973	480	26.90161
5973	2529	26.87523
5973	1580	26.73441
5974	593	138.54706
5974	50	132.82591
5974	1094	132.53584
5974	1221	120.63047
5974	3418	120.449135
5974	1673	119.784546
5974	1247	119.31035
5974	2997	118.91849
5974	1265	118.8166
5974	2396	118.44532
5975	608	52.258896
5975	296	49.54951
5975	2028	49.07276
5975	1617	48.12319
5975	260	48.077507
5975	1198	47.904453
5975	1213	46.03145
5975	110	45.491013
5975	1610	45.174534
5975	1270	45.018005
5976	1704	65.11054
5976	593	63.802624
5976	2858	63.23119
5976	1265	61.61542
5976	50	60.168037
5976	1617	59.02338
5976	1094	58.36652
5976	1	58.054806
5976	2396	57.3853
5976	1500	57.306305
5977	1136	39.35026
5977	608	38.697826
5977	1230	37.49197
5977	1617	36.536793
5977	1247	36.181026
5977	919	35.870995
5977	1196	35.776394
5977	750	35.56678
5977	1304	35.50621
5977	1198	35.49481
5978	1240	171.04276
5978	1197	170.36246
5978	1270	167.46346
5978	1282	164.67036
5978	1036	162.25565
5978	2640	161.95451
5978	608	159.8207
5978	1374	158.68382
5978	2174	155.86162
5978	1242	155.35777
5979	1252	18.819029
5979	1247	18.189451
5979	923	18.167435
5979	1084	18.012997
5979	608	17.697445
5979	912	17.341488
5979	858	17.296537
5979	908	17.268896
5979	919	17.051817
5979	904	16.980139
5980	1294	130.38623
5980	924	126.69098
5980	1198	126.52855
5980	923	125.81382
5980	1136	125.07138
5980	1617	122.07095
5980	904	121.14378
5980	1276	118.25879
5980	1225	116.57668
5980	111	116.29552
5981	1252	164.1314
5981	1084	155.02014
5981	910	148.0338
5981	750	144.52922
5981	1267	143.8868
5981	3363	141.28943
5981	1276	139.1602
5981	1219	139.05243
5981	1250	138.25745
5981	1244	137.09248
5982	1240	127.04196
5982	1580	126.05264
5982	1036	126.00729
5982	2985	115.51544
5982	380	115.06542
5982	3256	114.19405
5982	1127	110.65279
5982	2194	108.477135
5982	10	108.02344
5982	165	107.10914
5983	260	27.930449
5983	1200	27.234787
5983	1210	26.559883
5983	2571	26.424389
5983	1214	26.347345
5983	1374	26.27784
5983	589	25.955736
5983	541	25.775188
5983	1580	25.204268
5983	2916	25.037453
5984	589	35.41191
5984	1210	34.757812
5984	2916	33.556984
5984	924	33.405586
5984	1198	32.86709
5984	1374	32.864594
5984	1580	32.326416
5984	2985	32.199142
5984	480	31.959944
5984	750	31.222982
5985	318	72.664406
5985	608	71.87547
5985	1265	69.50298
5985	593	68.49601
5985	2396	66.76141
5985	1393	64.58881
5985	1617	64.41153
5985	1213	63.98583
5985	356	63.134373
5985	1784	62.654892
5986	1225	84.09181
5986	923	78.8309
5986	608	77.77005
5986	1084	74.93293
5986	527	74.61244
5986	858	74.530685
5986	111	73.51786
5986	1231	72.461624
5986	1674	72.25726
5986	318	72.06505
5987	2858	37.245422
5987	1641	36.561127
5987	296	36.025333
5987	2396	35.789593
5987	608	35.59639
5987	1	35.43597
5987	21	33.76445
5987	2599	33.653816
5987	1617	33.422363
5987	2321	32.694607
5988	1704	56.157394
5988	527	55.43797
5988	2028	54.553314
5988	1617	53.991955
5988	50	52.276302
5988	1358	50.87698
5988	1	50.839066
5988	2291	50.500202
5988	3418	50.227337
5988	39	49.611404
5989	356	53.12645
5989	3255	50.99613
5989	1923	49.33162
5989	1580	49.22338
5989	357	48.970886
5989	1569	46.915382
5989	1500	46.889824
5989	34	46.657223
5989	539	46.467564
5989	1517	45.60999
5990	2797	126.80182
5990	3361	126.69679
5990	1270	122.67568
5990	2174	122.65512
5990	858	121.8221
5990	2791	120.54535
5990	3424	120.339584
5990	2000	120.32
5990	1294	120.17359
5990	1136	119.581474
5991	1196	62.880867
5991	2987	55.168026
5991	541	53.90693
5991	1240	53.761433
5991	2571	53.507477
5991	1136	53.29342
5991	2797	53.062798
5991	589	52.928715
5991	924	52.85737
5991	1200	52.161686
5992	223	36.160133
5992	2997	35.937637
5992	2599	34.391083
5992	2959	33.411934
5992	2028	33.019577
5992	2987	32.640793
5992	2571	32.346497
5992	1127	32.32747
5992	593	31.948
5992	1196	31.827337
5993	1252	19.82652
5993	608	19.138649
5993	1617	18.975582
5993	858	18.455463
5993	260	18.44863
5993	912	18.309633
5993	919	18.25989
5993	924	18.072773
5993	541	17.895521
5993	913	17.786966
5994	2916	84.431366
5994	1580	80.79596
5994	592	77.561295
5994	2985	76.11073
5994	1127	74.53663
5994	377	74.20266
5994	1222	72.321144
5994	2640	72.08483
5994	1220	71.82477
5994	858	71.76926
5995	1198	135.99861
5995	1197	133.58669
5995	2028	129.6928
5995	608	128.8119
5995	593	128.28569
5995	1265	126.14702
5995	457	124.23078
5995	1036	123.74599
5995	110	121.9143
5995	1	119.43342
5996	2028	290.89267
5996	1	276.5914
5996	1527	273.88815
5996	2407	266.0115
5996	2918	261.7453
5996	1377	260.0596
5996	32	259.23593
5996	2396	259.1786
5996	1617	257.69574
5996	21	257.50882
5997	2571	59.356346
5997	1580	56.901234
5997	2985	56.64064
5997	1376	54.26388
5997	2640	54.00102
5997	1127	53.030285
5997	1206	52.287502
5997	1198	52.138935
5997	1356	50.95024
5997	2105	50.87623
5998	608	98.11802
5998	296	96.49934
5998	1358	87.70516
5998	150	86.933754
5998	2268	86.45546
5998	1094	86.33915
5998	25	85.75674
5998	2291	85.691956
5998	1617	84.066605
5998	1265	83.75883
5999	2186	20.607124
5999	3334	19.079407
5999	904	17.930376
5999	1212	17.854494
5999	608	17.554342
5999	908	17.456781
5999	750	17.312712
5999	541	17.225956
5999	942	17.21308
5999	903	17.151815
6000	2028	244.09767
6000	2000	240.84537
6000	1265	239.68677
6000	1210	239.27513
6000	1036	238.32375
6000	593	233.8083
6000	110	231.64993
6000	1259	231.60594
6000	1220	227.17648
6000	296	224.38274
6001	1196	118.19077
6001	1198	110.01844
6001	2916	109.694885
6001	2571	108.92731
6001	589	108.57447
6001	1200	108.00331
6001	1036	107.47953
6001	858	107.27121
6001	457	106.88213
6001	1270	103.73211
6002	1198	175.84227
6002	1247	167.28053
6002	1270	164.0767
6002	1304	162.09256
6002	1387	160.28128
6002	1219	158.56126
6002	908	158.176
6002	1197	157.2435
6002	1036	155.9563
6002	1136	155.92944
6003	593	173.1801
6003	457	150.55357
6003	1198	147.18834
6003	1221	145.59283
6003	1259	141.4502
6003	589	139.93839
6003	2289	139.77516
6003	912	139.12007
6003	21	138.7748
6003	1225	138.71773
6004	1580	39.14943
6004	1196	39.049183
6004	260	37.691006
6004	1210	37.05364
6004	2571	36.828674
6004	1	36.72268
6004	480	36.716454
6004	1197	36.37041
6004	2916	36.248486
6004	1291	35.684883
6005	1345	61.748283
6005	1321	61.512215
6005	2455	61.285336
6005	2716	55.27528
6005	2517	53.805584
6005	2985	53.358837
6005	1974	52.42449
6005	1690	52.30197
6005	1200	52.21657
6005	2148	51.04978
6006	1	59.177532
6006	2396	56.278008
6006	1580	56.202534
6006	357	55.298798
6006	2858	53.80236
6006	34	53.69758
6006	318	53.629047
6006	593	52.944405
6006	480	52.927486
6006	377	52.92415
6007	1407	117.62503
6007	1240	115.917595
6007	1200	114.15865
6007	589	113.28242
6007	2571	112.45971
6007	2985	112.251724
6007	1210	112.11155
6007	1036	109.40218
6007	1320	108.952446
6007	3081	107.539696
6008	589	35.80077
6008	1210	33.959385
6008	2916	33.71982
6008	457	33.4152
6008	480	32.49476
6008	1580	31.556482
6008	1387	30.98933
6008	1374	30.915277
6008	2000	30.781616
6008	592	30.313354
6009	593	43.162785
6009	296	42.91411
6009	1393	42.122295
6009	1213	40.094715
6009	1265	40.06707
6009	2396	38.577885
6009	50	38.514114
6009	1682	38.430317
6009	150	38.395176
6009	3418	38.156845
6010	480	227.13902
6010	2571	226.65219
6010	589	226.0723
6010	2797	216.50014
6010	1200	214.97203
6010	2174	212.68413
6010	2640	210.32796
6010	2716	208.85794
6010	1	204.92055
6010	2628	201.04512
6011	1356	181.09784
6011	2000	164.993
6011	2641	162.63724
6011	733	160.52237
6011	1129	158.5767
6011	380	157.00035
6011	1391	156.8285
6011	2028	154.89235
6011	2406	154.83795
6011	32	152.21269
6012	2762	7.4670725
6012	2858	7.188118
6012	2028	7.076831
6012	110	6.9763455
6012	593	6.9494185
6012	608	6.8989086
6012	2959	6.8261356
6012	2997	6.821467
6012	457	6.804814
6012	318	6.735959
6013	608	65.854576
6013	2396	62.047256
6013	296	60.046745
6013	1617	58.136574
6013	1265	57.379795
6013	1213	56.31316
6013	1196	56.082916
6013	2028	54.49924
6013	1	54.03433
6013	1094	52.24641
6014	608	67.55379
6014	1198	65.03259
6014	1221	62.98694
6014	2571	62.835052
6014	589	62.092453
6014	919	60.987053
6014	593	60.26499
6014	1197	60.14214
6014	1387	60.02656
6014	296	59.948807
6015	595	45.623817
6015	364	43.508785
6015	1197	43.41196
6015	1270	42.3589
6015	2987	42.341183
6015	594	40.527924
6015	919	40.51279
6015	1282	40.242878
6015	1196	39.97705
6015	1028	39.36622
6016	2791	315.29306
6016	2100	311.26596
6016	3361	301.63812
6016	2028	294.4888
6016	356	289.57138
6016	1641	286.03452
6016	110	282.58823
6016	593	275.60504
6016	3210	274.79382
6016	541	273.74362
6017	1196	12.670937
6017	2571	12.588014
6017	1617	12.562349
6017	457	12.518487
6017	260	12.229013
6017	318	12.165605
6017	1580	12.155807
6017	608	12.049974
6017	593	12.025361
6017	1198	12.017894
6018	1196	134.67525
6018	480	121.788284
6018	457	115.54481
6018	1270	110.12147
6018	780	108.29239
6018	1097	107.56392
6018	377	105.81162
6018	541	105.793396
6018	1220	104.52491
6018	2406	103.939415
6019	2571	55.0179
6019	1196	52.957
6019	457	52.14485
6019	2028	52.01861
6019	110	49.25502
6019	380	49.10718
6019	608	48.796635
6019	1610	48.156208
6019	2762	47.85426
6019	260	47.823338
6020	1252	35.77692
6020	858	32.536957
6020	1953	31.276129
6020	260	31.03429
6020	969	30.802635
6020	1284	30.693651
6020	908	30.41482
6020	750	30.334476
6020	924	30.092865
6020	1219	30.002686
6021	2028	107.89355
6021	1270	105.5469
6021	1387	102.94728
6021	2985	102.869385
6021	2194	101.954605
6021	2640	101.197975
6021	1097	99.42141
6021	780	98.96842
6021	1222	98.68899
6021	733	96.958664
6022	1196	48.484432
6022	1198	46.768528
6022	260	44.62734
6022	1197	44.416412
6022	589	43.680355
6022	2571	43.332035
6022	2000	42.989296
6022	457	42.261402
6022	1214	41.06781
6022	480	40.981197
6023	733	131.1378
6023	2916	130.75116
6023	1610	130.52197
6023	2571	127.03572
6023	480	126.63551
6023	589	125.97018
6023	2353	121.55995
6023	10	119.184006
6023	1240	117.96827
6023	1291	117.63063
6024	1580	78.15077
6024	1127	78.049385
6024	480	77.996056
6024	1200	77.01979
6024	110	74.426094
6024	1270	73.479576
6024	377	72.72084
6024	1214	72.68422
6024	2762	71.8184
6024	2858	71.376076
6025	3081	103.68398
6025	377	99.00881
6025	357	98.01728
6025	380	92.31844
6025	539	92.08839
6025	1580	90.92165
6025	2571	90.761765
6025	440	90.451
6025	597	90.28004
6025	1	89.83567
6026	2640	69.70966
6026	2529	69.18943
6026	1376	68.31394
6026	1127	67.52583
6026	2968	67.361374
6026	1356	65.4129
6026	1527	64.74607
6026	1375	63.210423
6026	1584	63.199238
6026	1129	62.843914
6027	589	35.683907
6027	480	35.4517
6027	780	34.173546
6027	733	33.53596
6027	1370	32.759163
6027	380	32.704544
6027	1196	32.008934
6027	648	31.399689
6027	1240	31.36714
6027	1527	31.216345
6028	1196	30.079178
6028	1198	28.630014
6028	1036	28.26279
6028	1240	28.247244
6028	457	27.84356
6028	1610	27.786795
6028	589	27.101547
6028	1291	26.86339
6028	2028	26.675034
6028	2916	26.297832
6029	1196	10.195142
6029	2858	9.720945
6029	260	9.632867
6029	2396	9.612451
6029	608	9.575003
6029	593	9.4863825
6029	318	9.380181
6029	1	9.338453
6029	2028	9.325814
6029	1265	9.155138
6030	1580	115.93255
6030	2985	113.93501
6030	1376	112.47438
6030	1210	110.86831
6030	1127	106.481255
6030	2529	102.62307
6030	1198	97.703766
6030	2393	97.33109
6030	2455	94.99846
6030	1391	94.93402
6031	1196	32.625187
6031	589	30.692871
6031	1580	30.528297
6031	1198	30.364763
6031	318	30.305964
6031	2000	30.195745
6031	260	30.181316
6031	2028	29.948969
6031	1240	29.93459
6031	1265	29.631018
6032	1234	76.617874
6032	858	73.830666
6032	919	70.23896
6032	750	69.9313
6032	1221	69.83994
6032	1079	69.403755
6032	923	68.85388
6032	912	68.687775
6032	908	68.11515
6032	1225	67.70274
6033	1240	51.304474
6033	2571	48.97345
6033	1200	48.65245
6033	1291	48.55149
6033	589	48.469036
6033	1127	46.036983
6033	2000	45.98999
6033	457	45.844677
6033	480	45.674507
6033	1610	45.528564
6034	1267	13.116291
6034	750	12.521079
6034	1219	12.328251
6034	608	12.1768875
6034	922	11.691281
6034	904	11.584242
6034	858	11.5475025
6034	924	11.538422
6034	1196	11.510937
6034	2186	11.510812
6035	780	129.29474
6035	260	126.21538
6035	2028	124.477165
6035	593	122.48605
6035	1265	122.301414
6035	457	121.36858
6035	1610	119.0355
6035	316	117.711685
6035	1197	117.32609
6035	1127	117.11326
6036	858	335.04144
6036	296	330.08197
6036	527	317.75604
6036	1394	316.17303
6036	1225	314.75577
6036	912	307.02982
6036	1079	306.79794
6036	1252	306.3942
6036	919	303.77832
6036	1221	303.20676
6037	1247	127.90825
6037	1196	115.935135
6037	1084	115.89674
6037	750	114.3305
6037	541	112.192604
6037	1230	111.65717
6037	1294	111.608765
6037	1136	110.98751
6037	260	109.7469
6037	1198	109.26576
6038	1307	14.392939
6038	1265	14.24293
6038	1270	13.90502
6038	2918	13.879009
6038	1	13.859557
6038	1197	13.699066
6038	1136	13.601212
6038	2797	13.567445
6038	1394	13.471469
6038	1259	13.38046
6039	910	76.12413
6039	1136	75.18706
6039	1278	73.66101
6039	2080	73.427826
6039	1234	72.01051
6039	1307	69.99315
6039	1079	69.97785
6039	912	69.67352
6039	594	67.959526
6039	2797	66.798744
6040	296	156.48938
6040	1270	147.60309
6040	1136	146.83942
6040	1221	144.76613
6040	1197	144.27097
6040	1265	142.40843
6040	2289	142.29466
6040	2918	139.80798
6040	924	139.64581
6040	2797	139.62547
