1	2565	0.99672264
1	318	0.98367697
1	3147	0.95290506
1	529	0.8475348
1	1225	0.75652957
1	1073	0.7367629
1	1056	0.56319344
1	2087	0.5407567
1	3148	0.5312711
1	1333	0.48033616
2	1287	0.9995825
2	1358	0.99649155
2	527	0.991123
2	2006	0.99063754
2	971	0.9861158
2	2243	0.9851278
2	458	0.981581
2	1304	0.974985
2	1704	0.9432784
2	1299	0.92855906
3	303	0.9995787
3	648	0.99925286
3	112	0.9976975
3	592	0.9961796
3	3175	0.9898914
3	1923	0.7681962
3	1193	0.57335776
3	553	0.56842124
3	2471	0.5656782
3	1259	0.31413627
4	2947	0.96439826
4	1954	0.29836404
4	1291	0.2675579
4	2288	0.11026931
4	2628	0.109016776
4	2529	0.01193428
4	1214	0.011481792
4	589	0.0056987703
4	110	0.0053590536
4	1270	0.002675742
5	223	0.9990978
5	778	0.99885017
5	235	0.9964062
5	2710	0.99534
5	2396	0.994665
5	2572	0.99441814
5	1673	0.98643005
5	150	0.9670979
5	1236	0.9613587
5	2693	0.9481749
6	1307	0.9990674
6	1608	0.99095476
6	1784	0.99048007
6	1183	0.9823952
6	2146	0.98170894
6	2355	0.970765
6	2262	0.9686839
6	48	0.95253277
6	457	0.94837767
6	357	0.92220986
7	858	0.99887884
7	1240	0.9824774
7	474	0.97229433
7	1200	0.74731445
7	380	0.73775685
7	260	0.63870144
7	1214	0.53059
7	1370	0.41249856
7	1036	0.38142392
7	1408	0.21286911
8	3160	0.99951637
8	3020	0.99642646
8	1597	0.992985
8	1357	0.97664005
8	1921	0.9069569
8	1271	0.9047984
8	515	0.8918454
8	2763	0.8730402
8	475	0.7960365
8	1912	0.7251827
9	296	0.99956095
9	2997	0.99903
9	1569	0.9989219
9	2908	0.991378
9	2761	0.95133066
9	2700	0.847221
9	1610	0.79649866
9	356	0.72417414
9	733	0.7129426
9	2321	0.68812716
10	552	0.997809
10	1030	0.99645436
10	1035	0.98905826
10	1196	0.9873818
10	1136	0.9839921
10	1073	0.97560793
10	260	0.9753449
10	339	0.96953607
10	1641	0.96930164
10	3052	0.9614121
11	1343	0.9984637
11	223	0.9963849
11	2395	0.9881649
11	2369	0.9869035
11	3006	0.9806726
11	2324	0.9803586
11	1246	0.9732864
11	1249	0.9722213
11	1393	0.9647479
11	2501	0.9615432
12	2879	0.99901366
12	2019	0.9975634
12	762	0.7743417
12	260	0.7482091
12	1	0.742282
12	1147	0.66897744
12	99	0.6385635
12	3035	0.35452467
12	1657	0.33167925
12	969	0.24611077
13	1617	0.9982028
13	316	0.9761083
13	2763	0.9530425
13	480	0.94851863
13	2527	0.93320084
13	9	0.92992264
13	1303	0.9178227
13	1036	0.9048712
13	208	0.85930514
13	1320	0.8499483
14	3185	0.996581
14	2683	0.98118967
14	3408	0.72825867
14	3005	0.71412086
14	3081	0.70966685
14	2804	0.7095933
14	2329	0.61392003
14	2496	0.582746
14	3006	0.54652274
14	866	0.5178718
15	3052	0.99928147
15	3255	0.988037
15	24	0.98703194
15	1641	0.98597115
15	1422	0.9858939
15	1393	0.98054206
15	3252	0.97991353
15	589	0.97206175
15	317	0.9421339
15	2329	0.91656053
16	2434	0.99751896
16	2759	0.9792687
16	1544	0.9574334
16	2706	0.930616
16	3248	0.9183073
16	2701	0.9139646
16	2012	0.8920712
16	3300	0.79621387
16	2428	0.76677644
16	247	0.72688085
17	608	0.99990463
17	1617	0.99987304
17	2997	0.9994348
17	2391	0.99193555
17	2336	0.988341
17	1625	0.9800012
17	1676	0.9743946
17	481	0.9649388
17	1120	0.9559444
17	150	0.9500965
18	316	0.9997039
18	1920	0.9941726
18	1023	0.9645624
18	3268	0.95054996
18	2571	0.90408385
18	2949	0.8879444
18	2716	0.8623597
18	661	0.8579633
18	1028	0.8327756
18	1222	0.83067703
19	1320	0.99962187
19	1690	0.9996214
19	2641	0.9991825
19	2944	0.99024206
19	1721	0.9893911
19	2657	0.9873463
19	474	0.9789464
19	1954	0.9480723
19	2288	0.93983096
19	589	0.9158442
20	1610	0.92125916
20	6	0.8123396
20	1573	0.65385795
20	2916	0.4400753
20	50	0.42594177
20	527	0.42017114
20	2762	0.2899841
20	474	0.19199717
20	318	0.1704095
20	21	0.10565275
21	2394	0.99899554
21	2628	0.9978225
21	594	0.9907118
21	783	0.9511303
21	2294	0.92847824
21	3114	0.9213284
21	2081	0.9208847
21	2085	0.91698825
21	588	0.90422463
21	595	0.86558634
22	50	0.9998449
22	1220	0.99846137
22	2804	0.99205005
22	3249	0.9889779
22	1175	0.98893416
22	2028	0.9737741
22	1370	0.9680307
22	2700	0.95646274
22	908	0.9479382
22	2353	0.93399954
23	24	0.99933755
23	1210	0.9990967
23	1466	0.9583365
23	1673	0.902568
23	112	0.8707571
23	1188	0.83352065
23	1252	0.6842835
23	2908	0.6800903
23	1035	0.6727072
23	2683	0.63826936
24	858	0.992023
24	2739	0.9905208
24	300	0.93491566
24	2628	0.9303204
24	2746	0.92261684
24	1285	0.86801875
24	25	0.86505765
24	1961	0.8529054
24	36	0.84836227
24	111	0.8455515
25	1544	0.96753645
25	2723	0.9411057
25	1175	0.90434515
25	1676	0.8801922
25	3000	0.8410038
25	2115	0.6394417
25	2763	0.6121682
25	1240	0.4908075
25	1597	0.45107868
25	2701	0.43060115
26	1270	0.99990684
26	361	0.9996686
26	11	0.9995868
26	2012	0.9993583
26	1079	0.99341154
26	39	0.98648834
26	2294	0.98240554
26	1784	0.98193634
26	1892	0.95562345
26	1167	0.9406936
27	1079	0.9993261
27	2300	0.9971747
27	1284	0.995932
27	1678	0.96729696
27	2396	0.95290005
27	1171	0.9255823
27	1099	0.80267775
27	1950	0.766929
27	1	0.68918484
27	909	0.6669347
28	2171	0.999251
28	1036	0.99832785
28	1252	0.9983064
28	1912	0.99725497
28	2336	0.9970755
28	3334	0.99694574
28	1300	0.989722
28	2716	0.9897138
28	720	0.98917675
28	969	0.98348933
29	2287	0.99999976
29	1945	0.9998352
29	1201	0.99944043
29	908	0.99716276
29	2194	0.9918715
29	2028	0.9803235
29	2867	0.97103906
29	1376	0.9344508
29	2001	0.9218359
29	1275	0.7750578
30	1704	0.9989283
30	1358	0.8640623
30	1266	0.70993656
30	2329	0.42349818
30	58	0.2571223
30	1961	0.25509274
30	608	0.19551787
30	1089	0.1433633
30	1655	0.095002115
30	290	0.07410908
31	2791	1.0
31	1162	0.99883056
31	2797	0.99730116
31	915	0.9969842
31	2804	0.9965637
31	2795	0.99638176
31	266	0.99195206
31	2100	0.97248065
31	2269	0.96435416
31	3072	0.93696463
32	3102	0.99993
32	2329	0.99099076
32	3267	0.96581244
32	1148	0.95069945
32	2997	0.9496686
32	1193	0.9341496
32	1569	0.90859216
32	1416	0.87623835
32	1961	0.8548604
32	232	0.8186915
33	1272	0.9994822
33	553	0.99910176
33	1103	0.9972043
33	1358	0.9969253
33	954	0.9932304
33	541	0.99190706
33	1212	0.9863137
33	110	0.9676831
33	2398	0.9515344
33	1183	0.9512845
34	1297	0.99999833
34	1257	0.9999951
34	2746	0.9997724
34	2797	0.99965656
34	1394	0.9984857
34	2470	0.9931784
34	2321	0.98866236
34	2065	0.98248947
34	1210	0.97075987
34	380	0.9694487
35	1088	0.99991465
35	1734	0.99941146
35	232	0.99911714
35	1183	0.99433845
35	1066	0.9786662
35	3072	0.97529984
35	3097	0.9683416
35	1955	0.95746195
35	1104	0.9479526
35	3011	0.9473357
36	2393	0.9994943
36	2916	0.9991159
36	69	0.9917371
36	3267	0.9896759
36	1230	0.9884783
36	39	0.9867714
36	3159	0.9760111
36	24	0.9576202
36	1288	0.9543257
36	1810	0.9492692
37	2716	0.9972458
37	1101	0.9929871
37	277	0.990026
37	266	0.9536873
37	891	0.8314961
37	2125	0.7614417
37	902	0.7531419
37	17	0.7320038
37	110	0.71578944
37	3114	0.6944711
38	597	0.99990666
38	1265	0.9998984
38	58	0.99987876
38	237	0.99985826
38	1043	0.99883974
38	289	0.9972186
38	11	0.99669826
38	1680	0.9804722
38	1286	0.96225595
38	2599	0.954959
39	2694	1.0
39	2541	0.93877965
39	2188	0.8937552
39	3052	0.89299434
39	593	0.80870223
39	104	0.74332404
39	1213	0.7097435
39	2707	0.68225497
39	296	0.6691409
39	2395	0.5434824
40	480	0.9990748
40	2407	0.9882599
40	1240	0.9849324
40	316	0.96804833
40	2916	0.96410394
40	2193	0.9200771
40	1544	0.7721843
40	2408	0.75854075
40	2641	0.68113637
40	2429	0.6496779
41	2107	0.99803483
41	356	0.99699575
41	587	0.9929211
41	48	0.9628787
41	2139	0.96135443
41	2125	0.92836106
41	1197	0.91076124
41	353	0.9018673
41	1034	0.86221683
41	902	0.795045
42	849	0.99782777
42	1748	0.98695624
42	1965	0.9847834
42	2951	0.9521086
42	1199	0.8530056
42	512	0.6968164
42	2454	0.5726436
42	1007	0.53307694
42	1690	0.4339902
42	2531	0.40704802
43	2858	0.9976461
43	3408	0.95172906
43	2881	0.94570756
43	3299	0.85063267
43	3005	0.7428471
43	1285	0.72895783
43	2712	0.71979016
43	2891	0.5215914
43	1270	0.51650405
43	2770	0.49377647
44	2791	0.99990594
44	3114	0.99732584
44	1207	0.99619246
44	1584	0.989502
44	2011	0.9829318
44	3350	0.9776954
44	1230	0.97618425
44	2161	0.9721684
44	2683	0.9690167
44	2336	0.9591867
45	898	0.999506
45	222	0.97753215
45	2291	0.9738314
45	1094	0.9490006
45	2671	0.948176
45	1674	0.9331338
45	17	0.93163824
45	417	0.91593915
45	1183	0.915443
45	2108	0.8723803
46	1345	0.5392046
46	2902	0.042313993
46	1327	0.0070224106
46	480	0.0040335655
46	2785	0.0038570464
46	2550	0.00381729
46	1717	0.003402084
46	1407	0.003123045
46	2455	0.001809001
46	2655	0.0016224384
47	296	0.9952419
47	50	0.9670459
47	1207	0.95270985
47	919	0.8728393
47	1213	0.8446248
47	608	0.844131
47	778	0.77459157
47	73	0.72506833
47	2028	0.665974
47	1954	0.4035162
48	1552	0.99885416
48	3100	0.97927165
48	2700	0.9640306
48	1357	0.9388358
48	246	0.9216367
48	11	0.9138415
48	1242	0.8445074
48	750	0.8405551
48	1461	0.8283126
48	292	0.82390517
49	720	0.99999225
49	260	0.99986696
49	1198	0.9973218
49	745	0.99041
49	3404	0.8022132
49	1653	0.74777985
49	2288	0.6930091
49	2916	0.6437243
49	2693	0.63020766
49	2490	0.624119
50	3173	0.9821651
50	240	0.846658
50	1968	0.71450573
50	2445	0.08735937
50	804	0.0781253
50	1259	0.028494298
50	85	0.02564776
50	1673	0.017303526
50	2682	0.017195165
50	2135	0.015810817
51	2997	0.9988247
51	199	0.9838753
51	1784	0.8808377
51	2355	0.78174627
51	11	0.6805582
51	36	0.62595165
51	2687	0.48266634
51	2791	0.46468183
51	2321	0.33817878
51	1883	0.29557645
52	163	0.99997675
52	3256	0.99996006
52	1627	0.99995774
52	377	0.99994177
52	3020	0.99985063
52	3418	0.9996728
52	2879	0.99906063
52	517	0.99725795
52	1527	0.99580824
52	1049	0.9816858
53	1220	0.99912095
53	733	0.99788815
53	1892	0.994008
53	367	0.98929447
53	3147	0.98425496
53	1	0.96543217
53	1416	0.9547969
53	110	0.9533223
53	1241	0.93772537
53	1197	0.93165624
54	3421	0.99991596
54	2791	0.9998915
54	1077	0.99953294
54	1078	0.9993576
54	2863	0.99303776
54	2936	0.9590572
54	2361	0.90031767
54	1294	0.88758945
54	3099	0.8571503
54	1238	0.8331256
55	62	0.92176366
55	36	0.89573836
55	1617	0.31714004
55	3105	0.21810162
55	2028	0.20995769
55	457	0.10058996
55	1266	0.07275629
55	920	0.06531444
55	2858	0.035943866
55	162	0.035819888
56	1912	0.91836673
56	3147	0.8628309
56	3006	0.83589596
56	47	0.7195761
56	2268	0.7059042
56	163	0.69276774
56	2572	0.51673627
56	34	0.46489903
56	16	0.43440923
56	2890	0.3680172
57	3409	0.99196255
57	1580	0.92162347
57	1215	0.83639944
57	593	0.6519363
57	1327	0.6141371
57	3173	0.55909663
57	1965	0.5460965
57	24	0.5037179
57	70	0.42566592
57	1035	0.42510307
58	1954	0.9996202
58	1994	0.9850458
58	2105	0.9765839
58	923	0.9761838
58	1277	0.9519412
58	1210	0.94549376
58	2391	0.9414381
58	2959	0.929075
58	380	0.87496126
58	1375	0.87478065
59	2324	0.9997639
59	2987	0.99753666
59	527	0.9887743
59	1262	0.98857343
59	2948	0.98533034
59	3030	0.9637035
59	1073	0.93377745
59	2087	0.9220773
59	2336	0.9151759
59	1035	0.9149301
60	208	0.99999976
60	480	0.9999831
60	512	0.9966085
60	455	0.9946861
60	1391	0.9734032
60	34	0.95680285
60	2723	0.95363903
60	2006	0.94509876
60	492	0.909637
60	1641	0.90863216
61	1389	0.99904144
61	2023	0.3733465
61	380	0.34658045
61	420	0.3081363
61	2642	0.19371235
61	1382	0.14453644
61	2990	0.11667141
61	2409	0.093839675
61	2412	0.07987332
61	329	0.07776916
62	1179	0.99729127
62	1732	0.9958047
62	1393	0.9840905
62	595	0.9543319
62	1201	0.95235616
62	908	0.94882995
62	1580	0.93376607
62	1711	0.92129946
62	1645	0.91404426
62	785	0.8844317
63	2683	0.9998253
63	2710	0.99982154
63	2694	0.9984448
63	2975	0.9943438
63	2714	0.9940877
63	2997	0.99271876
63	2699	0.9898546
63	2995	0.9789348
63	2841	0.949274
63	24	0.87589985
64	1196	0.9853076
64	1580	0.97235453
64	1676	0.9552096
64	1233	0.9550345
64	110	0.94142234
64	364	0.815608
64	2148	0.7646595
64	2617	0.7318623
64	648	0.6309768
64	480	0.57961357
65	457	0.9983996
65	1210	0.9974899
65	474	0.99690664
65	2950	0.99605256
65	1370	0.99467224
65	1876	0.9783547
65	145	0.97348225
65	2716	0.966228
65	592	0.96152663
65	1393	0.9510463
66	1580	0.9994576
66	2504	0.91708815
66	1035	0.91686076
66	1965	0.9119185
66	1259	0.81722534
66	2792	0.7748785
66	3254	0.5475338
66	2399	0.53571045
66	589	0.49199173
66	2054	0.4508705
67	3072	0.9987516
67	150	0.9981015
67	527	0.99699765
67	1193	0.99696696
67	1104	0.9930352
67	2291	0.9929211
67	858	0.9899545
67	902	0.9881456
67	920	0.9880999
67	265	0.9792634
68	1286	0.9997474
68	2300	0.99901676
68	1244	0.9837032
68	661	0.97902524
68	1080	0.97131824
68	3072	0.9685219
68	2324	0.914449
68	1148	0.87345135
68	1307	0.8468739
68	1288	0.8336841
69	3252	0.9998381
69	1678	0.9965538
69	43	0.9778302
69	318	0.9776703
69	800	0.9770005
69	1473	0.9754614
69	1280	0.9401799
69	2427	0.839507
69	2237	0.8352776
69	1271	0.8190735
70	3005	0.91098857
70	1920	0.9044565
70	2188	0.8611529
70	2093	0.8275291
70	3354	0.63785744
70	2581	0.53420585
70	2791	0.30206463
70	2392	0.29920226
70	3004	0.27770177
70	1136	0.2610538
71	1544	0.9999978
71	2858	0.99998975
71	277	0.9925683
71	3096	0.9760021
71	1917	0.96745104
71	2628	0.8705803
71	1580	0.8597251
71	589	0.7527213
71	2720	0.7201123
71	2706	0.69397825
72	3072	0.99868786
72	3408	0.9883971
72	3185	0.97520375
72	17	0.9655719
72	1641	0.9559107
72	2321	0.91889584
72	1747	0.9005117
72	3129	0.89894307
72	1265	0.55970454
72	3045	0.3325469
73	648	0.9991626
73	2006	0.99723834
73	333	0.9967469
73	736	0.9767165
73	2396	0.9746446
73	368	0.97413945
73	1544	0.97194386
73	2616	0.92107284
73	2706	0.9131044
73	163	0.9062962
74	3083	0.9894303
74	1244	0.975262
74	1276	0.9660604
74	3260	0.96591234
74	318	0.931968
74	3238	0.9068495
74	3114	0.8267229
74	1213	0.76882625
74	3044	0.7314646
74	2186	0.68441594
75	2082	0.9995781
75	455	0.9976233
75	2761	0.90877295
75	1014	0.23499724
75	2354	0.2247591
75	1064	0.21248904
75	3398	0.16242206
75	1345	0.114266366
75	2048	0.11381748
75	2059	0.07308179
76	2997	0.99999815
76	1721	0.99585634
76	1188	0.9897032
76	2324	0.98776233
76	3301	0.96029663
76	232	0.95242393
76	2028	0.9473304
76	2575	0.9425762
76	1280	0.93909913
76	223	0.93304646
77	3285	0.99575526
77	2718	0.9945574
77	2979	0.99414146
77	2690	0.7607373
77	2908	0.24080342
77	3051	0.141837
77	2688	0.11373341
77	223	0.051507056
77	2712	0.051155508
77	2026	0.026899815
78	1028	0.9999976
78	595	0.99902725
78	1282	0.99823976
78	2102	0.9966724
78	1919	0.98810506
78	2384	0.98718625
78	52	0.94914824
78	348	0.8581195
78	1870	0.757097
78	1500	0.62855756
79	2966	0.9969504
79	3286	0.6678346
79	2997	0.5901262
79	2858	0.48794848
79	3060	0.32351258
79	3178	0.2887237
79	3354	0.2244421
79	858	0.20327955
79	1193	0.19676891
79	1961	0.091335565
80	1370	0.9912401
80	2355	0.9839674
80	1198	0.92109513
80	2571	0.9075149
80	2324	0.8895706
80	150	0.77622616
80	1201	0.769881
80	1183	0.76763034
80	778	0.759249
80	595	0.7508881
81	858	1.0
81	3265	1.0
81	2728	0.99998736
81	1196	0.9999225
81	3134	0.9999062
81	2019	0.9997684
81	3030	0.9991315
81	1250	0.99786925
81	1248	0.9970475
81	3152	0.99575174
82	1422	0.99989307
82	300	0.99733675
82	3269	0.99702275
82	2126	0.9856769
82	524	0.9832567
82	232	0.9630581
82	1391	0.9547869
82	1573	0.9514526
82	457	0.91752005
82	924	0.9125391
83	2706	0.9990306
83	2147	0.9940062
83	2433	0.9395105
83	380	0.9372642
83	2572	0.9329711
83	3113	0.8322665
83	3160	0.82761276
83	785	0.782763
83	908	0.75362194
83	2707	0.74222964
84	1210	0.99939394
84	1270	0.9978808
84	1196	0.99341124
84	1676	0.9655191
84	1198	0.96026516
84	541	0.853289
84	610	0.7847043
84	2916	0.6143894
84	2723	0.4760195
84	1610	0.2746761
85	1947	0.99402785
85	356	0.99219984
85	1088	0.86301947
85	3285	0.79164326
85	110	0.6547153
85	1721	0.6120069
85	17	0.36300278
85	1416	0.18450224
85	2279	0.17593235
85	3159	0.12233499
86	914	0.999987
86	2135	0.9996002
86	1097	0.99853575
86	653	0.99705076
86	733	0.99108624
86	524	0.98914397
86	2762	0.9877175
86	2987	0.97539353
86	2432	0.96097016
86	164	0.95925415
87	2951	1.0
87	3031	0.9835663
87	3418	0.978476
87	2288	0.95525265
87	9	0.9482738
87	1210	0.7611617
87	1516	0.7373205
87	1610	0.73254925
87	3300	0.7313632
87	2520	0.68026435
88	1233	0.9999747
88	2858	0.999795
88	920	0.99972504
88	1078	0.9918182
88	2396	0.9443742
88	2303	0.91028714
88	593	0.87169254
88	1263	0.8350953
88	1228	0.8185885
88	926	0.7913412
89	3301	0.8473047
89	110	0.6061567
89	1207	0.4135333
89	3148	0.31646812
89	2335	0.17017862
89	2858	0.10985118
89	3363	0.08075279
89	2804	0.07354894
89	1276	0.044102013
89	2329	0.017347574
90	1693	0.9969367
90	593	0.99616826
90	3271	0.99412984
90	62	0.99375343
90	2006	0.99216294
90	1923	0.97672355
90	296	0.96676815
90	3317	0.9597795
90	1120	0.9437587
90	628	0.9236635
91	1304	0.999894
91	2866	0.99922943
91	1270	0.99721813
91	371	0.95758486
91	728	0.91875637
91	2858	0.8972428
91	1136	0.718377
91	3208	0.69718134
91	1230	0.69262934
91	135	0.6771195
92	2028	0.99928594
92	317	0.9941492
92	780	0.9869518
92	2291	0.9737518
92	2959	0.97168565
92	2321	0.93752
92	2918	0.90405726
92	252	0.87255895
92	3173	0.86906964
92	2908	0.8539692
93	110	0.9263388
93	1617	0.72898006
93	1408	0.476304
93	2912	0.45148078
93	2078	0.33503014
93	2414	0.2706827
93	1304	0.26681447
93	2993	0.2436141
93	2457	0.23298422
93	1912	0.22093073
94	364	0.9884603
94	2118	0.9829769
94	1282	0.96138096
94	2078	0.93580675
94	1219	0.922858
94	1097	0.84140086
94	1	0.48963058
94	594	0.33936024
94	32	0.25341964
94	588	0.19658029
95	2324	0.9999633
95	21	0.99988395
95	3052	0.9909173
95	527	0.9813752
95	1772	0.9720587
95	2763	0.9709866
95	1883	0.96887696
95	3072	0.84651285
95	1704	0.7758589
95	2671	0.7619094
96	150	0.9998069
96	1198	0.9951248
96	2858	0.99491453
96	17	0.99273574
96	1500	0.98866045
96	50	0.9586954
96	2353	0.9195703
96	2918	0.89588994
96	3260	0.87179685
96	1097	0.85515434
97	955	0.99999154
97	898	0.9994637
97	1230	0.9988722
97	1267	0.9915658
97	448	0.98870754
97	994	0.9623103
97	1193	0.9313957
97	2877	0.890236
97	1207	0.87630737
97	2173	0.86275035
98	2941	0.9578241
98	3363	0.9287749
98	648	0.919714
98	110	0.89346933
98	858	0.65085536
98	277	0.6134613
98	1270	0.54296875
98	586	0.45174307
98	1196	0.40041798
98	1193	0.3683011
99	1704	0.99522877
99	3250	0.9934825
99	2520	0.9923378
99	1569	0.98476326
99	2687	0.9767434
99	919	0.9625717
99	2501	0.9438075
99	2	0.80790806
99	2398	0.7182032
99	953	0.7144073
100	1214	0.9996015
100	733	0.9975259
100	377	0.99489915
100	1610	0.9884166
100	3418	0.9864038
100	2094	0.95275426
100	2987	0.9412914
100	1721	0.9092789
100	316	0.88872397
100	2916	0.88614124
101	1291	0.9989071
101	1304	0.9970373
101	316	0.99655586
101	587	0.9876516
101	457	0.9843422
101	592	0.960606
101	2423	0.9528375
101	2529	0.9519994
101	1721	0.9146543
101	329	0.9143809
102	2762	0.9985781
102	3159	0.9980628
102	785	0.99793434
102	2881	0.9900423
102	2572	0.97903264
102	2013	0.9619391
102	1966	0.94276416
102	908	0.9207706
102	1093	0.8915957
102	2622	0.8231623
103	1215	0.9997854
103	908	0.99901223
103	95	0.9941604
103	2393	0.99111265
103	1518	0.98792505
103	145	0.9843385
103	10	0.9774554
103	1249	0.9700401
103	3256	0.9675062
103	2617	0.961741
104	2694	0.9997746
104	2772	0.99963856
104	3177	0.99252
104	3004	0.9921261
104	2712	0.98105705
104	1221	0.9451561
104	2881	0.8549882
104	2759	0.81089073
104	2716	0.79109156
104	2734	0.67004204
105	1198	0.9999987
105	1953	0.9996973
105	2993	0.9995077
105	1036	0.9991665
105	1240	0.9985167
105	2951	0.9682424
105	1097	0.6585504
105	2804	0.579347
105	457	0.43705496
105	592	0.38760892
106	17	0.9999987
106	1643	0.9999921
106	902	0.9999889
106	912	0.9998839
106	933	0.98720187
106	914	0.97074556
106	58	0.9405142
106	2369	0.9089183
106	900	0.8502575
106	2081	0.7984197
107	2858	0.99824226
107	1230	0.9981793
107	2997	0.9971751
107	2398	0.99586487
107	1278	0.9956312
107	2959	0.99243814
107	954	0.9915259
107	922	0.960815
107	904	0.92768764
107	1136	0.92132473
108	1544	0.999735
108	648	0.99920607
108	1673	0.9767123
108	3354	0.55548954
108	1965	0.54885596
108	2009	0.3313057
108	589	0.30777207
108	110	0.24951032
108	2160	0.21059978
108	21	0.19551152
109	2657	0.99725354
109	924	0.9846766
109	1030	0.9831994
109	34	0.8888917
109	1214	0.8852476
109	2748	0.87437654
109	1269	0.87329507
109	2085	0.68908644
109	2052	0.6839513
109	898	0.5912517
110	431	0.9999474
110	6	0.9996961
110	1061	0.9996412
110	2000	0.9990146
110	2112	0.9952201
110	2278	0.9858126
110	1466	0.9822718
110	1722	0.98154104
110	22	0.98132634
110	1799	0.97657824
111	357	0.99951786
111	3114	0.9990592
111	648	0.99856156
111	1089	0.9976286
111	1271	0.99712956
111	1	0.9955026
111	3163	0.9882548
111	454	0.9867139
111	1909	0.98613465
111	608	0.9676993
112	720	0.999995
112	2018	0.9999906
112	2089	0.9984233
112	616	0.9979366
112	364	0.9708562
112	2294	0.95384115
112	2899	0.92975664
112	783	0.7032613
112	1033	0.58517134
112	1029	0.573591
113	110	0.99750286
113	2985	0.99181926
113	1975	0.9880029
113	292	0.9075303
113	1986	0.8595366
113	1876	0.8342585
113	1972	0.79800797
113	215	0.6580217
113	1984	0.4333064
113	1979	0.41394633
114	594	0.9996474
114	2090	0.9867501
114	1907	0.98372686
114	1030	0.98242754
114	1269	0.9768951
114	1022	0.9406791
114	2054	0.9140841
114	2396	0.8884983
114	2987	0.84847915
114	2141	0.83368886
115	70	0.9203906
115	1270	0.9036112
115	110	0.8530009
115	1544	0.83118594
115	1909	0.6822253
115	2572	0.66951025
115	3362	0.6303218
115	1965	0.51822585
115	2542	0.45022184
115	1907	0.3376589
116	2702	0.99998933
116	2574	0.9876945
116	3153	0.95825374
116	3081	0.90869546
116	2427	0.83091676
116	24	0.81834817
116	2015	0.80538344
116	1127	0.7876516
116	1009	0.67289793
116	1261	0.61891854
117	466	0.99902475
117	208	0.9984967
117	3361	0.99788535
117	1127	0.99378335
117	2915	0.99166864
117	480	0.98979634
117	1307	0.9824854
117	2193	0.9597845
117	1079	0.94699216
117	2405	0.92611945
118	1580	0.9998933
118	1408	0.99673367
118	1287	0.99658954
118	2424	0.98550195
118	2373	0.96661836
118	1597	0.9416044
118	969	0.9014057
118	1370	0.86979663
118	357	0.767753
118	2642	0.7366597
119	2087	0.9992727
119	2502	0.9990622
119	2394	0.99786496
119	1517	0.9899358
119	1270	0.96970093
119	3174	0.9344106
119	2012	0.9139316
119	1210	0.89261454
119	2709	0.84520876
119	2396	0.7555581
120	1084	0.9999846
120	1729	0.9979946
120	924	0.96485674
120	70	0.9136991
120	293	0.90142065
120	110	0.6980517
120	1219	0.656361
120	908	0.64412117
120	912	0.6089312
120	318	0.4276288
121	1240	0.99934983
121	1690	0.9951401
121	2664	0.97805214
121	1200	0.9632759
121	2986	0.9480624
121	2011	0.9433996
121	2012	0.9415036
121	750	0.85135794
121	898	0.8177501
121	1334	0.8104171
122	2273	0.99672973
122	2571	0.9962851
122	2826	0.9950509
122	2167	0.990044
122	10	0.95804393
122	1587	0.95606595
122	2115	0.9355579
122	1320	0.93245566
122	380	0.90222013
122	303	0.8799711
123	2987	0.9940543
123	1103	0.9553947
123	1201	0.93710256
123	923	0.9170009
123	1197	0.90907127
123	1964	0.8910994
123	1081	0.877856
123	266	0.81715095
123	2423	0.78222567
123	924	0.7587193
124	2324	0.9999801
124	593	0.99980724
124	454	0.99169415
124	2023	0.9864918
124	17	0.9014129
124	1094	0.8676003
124	1678	0.81696165
124	1397	0.7968606
124	1610	0.7865696
124	1487	0.7180578
125	1544	0.99990475
125	110	0.99890417
125	589	0.9983357
125	1214	0.9890882
125	1198	0.9608705
125	2115	0.95952857
125	1196	0.9517313
125	2160	0.9119196
125	2028	0.8908597
125	1200	0.78222257
126	461	0.9998231
126	1198	0.99773693
126	1535	0.99743354
126	940	0.98961985
126	2989	0.9507688
126	1721	0.95004034
126	876	0.90769553
126	17	0.884245
126	866	0.8470222
126	2729	0.84047574
127	2687	0.9974576
127	673	0.996216
127	474	0.98764884
127	345	0.9834355
127	879	0.9620998
127	3274	0.92477036
127	161	0.89392376
127	2883	0.8831008
127	316	0.823359
127	1610	0.80948865
128	2965	0.99623984
128	1276	0.97785413
128	1848	0.92081356
128	370	0.87488556
128	1304	0.6626339
128	961	0.48752752
128	810	0.48282853
128	1021	0.22070944
128	13	0.21952114
128	1367	0.18552306
129	377	0.99842834
129	517	0.9946104
129	1385	0.992597
129	457	0.9900221
129	1732	0.9870901
129	3274	0.9820231
129	780	0.9759518
129	587	0.9634613
129	2762	0.95815426
129	1513	0.91745067
130	1035	0.9988096
130	1213	0.9726789
130	1304	0.9712033
130	2023	0.9679636
130	2006	0.95795584
130	1722	0.93948925
130	3107	0.92775226
130	2366	0.9273931
130	1284	0.8670324
130	1204	0.8525244
131	1196	0.9999695
131	912	0.99878204
131	904	0.99756217
131	1748	0.983762
131	1036	0.9787519
131	1172	0.92968714
131	2065	0.91004515
131	32	0.9000374
131	34	0.894276
131	2336	0.8941557
132	3421	0.99969363
132	2918	0.9996364
132	2791	0.99771607
132	3210	0.9941844
132	2761	0.9940639
132	3114	0.9841885
132	107	0.9657117
132	3253	0.95847636
132	441	0.87806904
132	1641	0.76514983
133	25	0.9996669
133	110	0.9989497
133	2571	0.998145
133	3006	0.9789014
133	3273	0.9636111
133	2114	0.94652116
133	1265	0.91167426
133	3246	0.8805589
133	1193	0.87495804
133	2069	0.81972
134	1610	0.9998679
134	349	0.9856086
134	45	0.98128504
134	1732	0.96965176
134	2028	0.96299666
134	11	0.96013033
134	339	0.87506473
134	1288	0.8719525
134	2126	0.79625183
134	1923	0.7803565
135	2700	0.99964786
135	2712	0.9990239
135	3176	0.99649626
135	2997	0.99620247
135	2188	0.99491274
135	2333	0.98980653
135	3005	0.9312489
135	3273	0.9167428
135	2976	0.9127789
135	2714	0.9068624
136	356	0.9989003
136	912	0.9983796
136	594	0.9982949
136	543	0.9980837
136	923	0.9975197
136	34	0.9943118
136	953	0.9917147
136	2641	0.9770199
136	2294	0.9705956
136	588	0.95970595
137	2683	0.99918544
137	1573	0.9990766
137	593	0.9955942
137	1909	0.99343884
137	3113	0.9917927
137	380	0.98462355
137	2881	0.98038965
137	1805	0.95975184
137	163	0.94914067
137	1527	0.8921195
138	745	0.9928367
138	2692	0.98599243
138	1041	0.97829163
138	1267	0.9782053
138	260	0.97603154
138	306	0.97402334
138	527	0.9727541
138	1198	0.9578328
138	1214	0.6788963
138	2628	0.6606146
139	1265	0.99992055
139	1587	0.99928284
139	1261	0.9991336
139	1967	0.9990867
139	2657	0.99899864
139	1215	0.99843156
139	2571	0.9979607
139	3396	0.9915824
139	3095	0.9837169
139	1294	0.98077714
140	905	0.9997646
140	943	0.99123156
140	973	0.9880507
140	955	0.9662674
140	922	0.95751274
140	1248	0.9499884
140	904	0.81609905
140	910	0.67104685
140	1938	0.6554735
140	531	0.5748286
141	345	0.9974288
141	2241	0.9651444
141	527	0.9425264
141	1249	0.7563064
141	110	0.61094826
141	1265	0.5180432
141	2792	0.5125206
141	2324	0.37783268
141	1965	0.31257194
141	1544	0.24594423
142	293	0.9970335
142	2959	0.9910288
142	2396	0.9877837
142	32	0.9760417
142	356	0.96085846
142	1641	0.91313124
142	3052	0.9087963
142	2883	0.73375416
142	233	0.7276528
142	1673	0.6860451
143	2058	0.99913704
143	2997	0.9937531
143	377	0.9850005
143	480	0.9834236
143	648	0.96279764
143	457	0.9580147
143	165	0.9445318
143	1912	0.9368507
143	3160	0.92311215
143	2581	0.855373
144	2683	0.9946826
144	318	0.9642818
144	3176	0.883935
144	1508	0.8673386
144	86	0.83193254
144	597	0.74074346
144	1393	0.71792746
144	2706	0.5942708
144	2712	0.55721235
144	2396	0.50412554
145	2333	0.99992913
145	2336	0.9965101
145	2337	0.9851006
145	2133	0.9476032
145	2188	0.9432775
145	153	0.90184575
145	123	0.89137864
145	2011	0.8848766
145	2369	0.876615
145	3160	0.8696611
146	3334	0.9992199
146	2186	0.9991796
146	2088	0.9985322
146	2355	0.9928998
146	2474	0.99039376
146	1295	0.9808861
146	1997	0.96730125
146	2919	0.9604957
146	2716	0.95703125
146	910	0.95302165
147	1586	1.0
147	2126	0.9999548
147	3208	0.9949198
147	1210	0.9944503
147	288	0.95841527
147	208	0.95412517
147	380	0.94550896
147	593	0.8594883
147	292	0.84892076
147	1772	0.8406985
148	920	0.99832594
148	1374	0.98260975
148	2985	0.9802159
148	2947	0.9666971
148	3107	0.9612124
148	3072	0.9212252
148	1591	0.9170462
148	509	0.91137767
148	1214	0.9092781
148	3361	0.90413284
149	2993	0.99972385
149	2302	0.9961258
149	3039	0.99536335
149	3052	0.9929414
149	1235	0.9925287
149	1084	0.9921501
149	1199	0.98684335
149	1945	0.9849733
149	1394	0.98444974
149	707	0.97936547
150	3148	0.9997796
150	246	0.9990059
150	3185	0.9950077
150	3418	0.9944633
150	265	0.993708
150	2716	0.9902622
150	2571	0.98866904
150	17	0.98766124
150	3083	0.98751473
150	590	0.97462565
151	2699	0.9891951
151	920	0.9830827
151	2355	0.9585967
151	1573	0.9547597
151	1894	0.9377479
151	3253	0.86001444
151	232	0.81579065
151	2067	0.7948662
151	2690	0.77732563
151	349	0.77364004
152	1717	0.9999604
152	1722	0.9998227
152	1923	0.999636
152	1197	0.99829
152	141	0.99403846
152	2634	0.9632637
152	3253	0.95665336
152	1265	0.94215536
152	2324	0.8781416
152	2700	0.86337435
153	276	0.9237959
153	500	0.74163824
153	2836	0.14599425
153	2231	0.12584281
153	1894	0.062250584
153	3263	0.041219115
153	3255	0.03509721
153	2502	0.032608688
153	3285	0.032291114
153	2700	0.026136637
154	1221	0.992115
154	2699	0.9629252
154	2716	0.913141
154	2694	0.85886174
154	2722	0.7848363
154	223	0.73218185
154	2605	0.67288506
154	2881	0.65591455
154	2908	0.6081965
154	2706	0.42347172
155	500	0.9999708
155	1777	0.99648654
155	2699	0.995259
155	1513	0.99060196
155	1646	0.9816817
155	3159	0.9641421
155	2671	0.9529747
155	1948	0.9509264
155	2746	0.9477209
155	1409	0.90153944
156	497	0.99881506
156	207	0.9965128
156	691	0.9890192
156	361	0.9797814
156	802	0.97128654
156	1747	0.9651958
156	34	0.95354366
156	1888	0.95077115
156	708	0.9094186
156	1541	0.9049789
157	2528	0.99983066
157	1358	0.9981296
157	2046	0.99734724
157	3039	0.99247366
157	1234	0.97855234
157	2094	0.96835405
157	593	0.966828
157	1586	0.9665437
157	10	0.9623109
157	2723	0.95847076
158	1939	0.9994377
158	2378	0.99841416
158	1812	0.9971926
158	935	0.988938
158	1873	0.9870571
158	719	0.98003924
158	1172	0.95609605
158	2935	0.93231493
158	2643	0.9206552
158	1104	0.91032714
159	3114	0.98390424
159	2694	0.96445304
159	260	0.8698077
159	223	0.7974425
159	2385	0.7636852
159	2770	0.69809806
159	2541	0.65144
159	2722	0.38291943
159	2858	0.2568071
159	2605	0.1932329
160	1270	0.9854996
160	1196	0.97758746
160	1345	0.5926723
160	1193	0.5451395
160	480	0.51225996
160	2657	0.46262223
160	1214	0.34237576
160	1580	0.34231347
160	608	0.24495041
160	1198	0.18342361
161	1250	0.9942229
161	1228	0.9777714
161	150	0.9585954
161	1293	0.9389005
161	2396	0.93705535
161	3006	0.9105792
161	1299	0.8625635
161	2028	0.85067034
161	913	0.8454217
161	235	0.7972996
162	1610	0.99956167
162	1408	0.99889314
162	380	0.99877715
162	349	0.997562
162	1183	0.99583584
162	2355	0.9947954
162	3256	0.9900285
162	1777	0.97624695
162	1210	0.9593145
162	3257	0.9294442
163	2159	0.99742126
163	1653	0.9912547
163	2700	0.9846927
163	1500	0.9809526
163	318	0.9496697
163	34	0.92315763
163	1449	0.91933584
163	25	0.8912599
163	3265	0.8639424
163	3358	0.8603258
164	912	0.99994856
164	1944	0.99882317
164	944	0.85336316
164	3296	0.7756113
164	2239	0.75401366
164	2312	0.60908175
164	3079	0.3963799
164	3405	0.23591253
164	1946	0.2328032
164	3368	0.20847327
165	32	0.9987043
165	904	0.99811363
165	750	0.99488163
165	2366	0.9943168
165	1291	0.9934196
165	47	0.9934135
165	1345	0.9874314
165	345	0.9816998
165	2028	0.98129165
165	1376	0.980559
166	671	0.98802185
166	1269	0.98586977
166	588	0.97563076
166	2918	0.971347
166	2088	0.9709387
166	1197	0.9656899
166	3219	0.96399176
166	2642	0.9551797
166	1388	0.9295025
166	1617	0.92848766
167	9	0.9695966
167	3173	0.96221316
167	1518	0.8831003
167	3071	0.7724651
167	110	0.53907555
167	3150	0.47068992
167	3325	0.30435038
167	3409	0.19809282
167	736	0.14240965
167	40	0.09383759
168	858	0.99866915
168	2858	0.99352825
168	1270	0.9603027
168	750	0.93884057
168	1073	0.9112774
168	480	0.78721225
168	524	0.7578042
168	1278	0.74474716
168	541	0.67656434
168	235	0.597114
169	3107	0.9963497
169	3421	0.996083
169	2167	0.99557513
169	2804	0.9905198
169	541	0.988728
169	2396	0.98605186
169	1269	0.984853
169	934	0.98192406
169	1682	0.96706605
169	1197	0.96469533
170	924	0.9999951
170	2664	0.9999356
170	1201	0.9992137
170	1965	0.9980272
170	1912	0.99651945
170	2947	0.9645966
170	1219	0.9610173
170	2288	0.9601023
170	2529	0.95219934
170	318	0.9427153
171	2324	0.9723222
171	668	0.929702
171	524	0.9095775
171	1250	0.775761
171	480	0.74406594
171	3129	0.5029619
171	589	0.36731172
171	1247	0.19074458
171	1197	0.18663278
171	608	0.15351212
172	1270	0.9994004
172	260	0.9974357
172	2657	0.99471486
172	1196	0.9942159
172	1248	0.8912761
172	913	0.6795457
172	1214	0.5908542
172	150	0.5732061
172	2987	0.48679164
172	2423	0.46295986
173	2997	0.98080146
173	1228	0.9577611
173	30	0.9253892
173	1912	0.8881303
173	2289	0.8800634
173	3037	0.8530172
173	1197	0.84242755
173	3022	0.8105786
173	1392	0.7230806
173	190	0.723005
174	1198	0.99998283
174	1387	0.9999062
174	480	0.9998955
174	2115	0.9998379
174	1196	0.99927485
174	1408	0.99764633
174	924	0.99430287
174	590	0.98944867
174	1221	0.98933065
174	1376	0.98906374
175	1784	0.9992814
175	1090	0.9979548
175	2297	0.99563336
175	592	0.99105334
175	1213	0.98892105
175	3007	0.98525923
175	1663	0.9843316
175	1208	0.9815709
175	4	0.97497857
175	2942	0.9688213
176	2791	0.9998144
176	2174	0.9997562
176	3104	0.9997486
176	2134	0.9980136
176	1257	0.9969399
176	2245	0.99635863
176	2470	0.97461
176	2001	0.9465525
176	3210	0.9442389
176	1210	0.92408776
177	1097	0.99520445
177	1198	0.98844016
177	750	0.9863729
177	1259	0.9609421
177	329	0.95936227
177	1214	0.94121826
177	720	0.8994899
177	1396	0.8665205
177	2571	0.7987862
177	1223	0.69321275
178	2072	0.9997877
178	2406	0.9996286
178	1291	0.9994217
178	1302	0.9991503
178	1091	0.99007845
178	3098	0.99003804
178	2641	0.9842943
178	3396	0.9836652
178	2005	0.9721804
178	2414	0.9468546
179	1375	0.9998858
179	2346	0.99901915
179	1674	0.9986862
179	1968	0.99582
179	3070	0.9854914
179	2348	0.97492015
179	3394	0.9633129
179	2065	0.9562043
179	1293	0.95396656
179	1205	0.92194456
180	2020	0.99999636
180	50	0.9902739
180	1264	0.97973585
180	206	0.9655121
180	190	0.9579023
180	1732	0.9440372
180	2352	0.94191754
180	77	0.9128638
180	3424	0.7849442
180	1097	0.7523889
181	589	0.9983342
181	288	0.99775565
181	2278	0.99626374
181	2001	0.99107444
181	2021	0.96236706
181	2926	0.9260089
181	39	0.91053444
181	2572	0.90436804
181	2804	0.9003699
181	441	0.89834213
182	2321	0.9988178
182	2997	0.9903574
182	296	0.97241044
182	858	0.96966827
182	180	0.93602395
182	2580	0.93261623
182	1466	0.8945594
182	150	0.8416041
182	2890	0.8024094
182	2289	0.7967441
183	1032	0.9999826
183	1267	0.99986213
183	1200	0.99958
183	1617	0.99579287
183	928	0.9938344
183	164	0.9763447
183	1240	0.96864694
183	2920	0.95034456
183	1230	0.91542685
183	900	0.8965548
184	2406	0.999879
184	2020	0.9995049
184	1220	0.99417025
184	1617	0.9866471
184	1081	0.97676146
184	912	0.95541584
184	2002	0.95483136
184	2991	0.94227916
184	2092	0.9394508
184	588	0.938192
185	2571	0.99936974
185	10	0.9770392
185	316	0.75293505
185	1385	0.7453776
185	1527	0.7337133
185	2167	0.6873155
185	861	0.6266564
185	2763	0.605239
185	474	0.37928393
185	457	0.35311526
186	1032	0.9999933
186	1274	0.9998407
186	2692	0.99974537
186	541	0.9928066
186	2139	0.9878659
186	1023	0.9868182
186	2687	0.9798751
186	3034	0.9732136
186	2033	0.97237617
186	69	0.96697414
187	650	0.99931
187	25	0.998307
187	2289	0.97803974
187	527	0.9564301
187	3114	0.9472716
187	745	0.9405423
187	2390	0.94030964
187	1643	0.92771816
187	2912	0.9264164
187	1914	0.9033558
188	1127	0.99973595
188	24	0.98076105
188	1221	0.97469735
188	2924	0.94379854
188	2731	0.9434463
188	3175	0.9399258
188	3354	0.9211215
188	900	0.90607405
188	3409	0.90355635
188	2310	0.86380315
189	3325	0.9739599
189	1300	0.96264774
189	2997	0.8756069
189	296	0.527579
189	1734	0.37813488
189	1193	0.32782984
189	3006	0.31889987
189	527	0.17308989
189	2324	0.13495842
189	1996	0.1045163
190	104	0.9947816
190	750	0.9946788
190	1196	0.9930526
190	923	0.9864797
190	480	0.98623335
190	1198	0.98373806
190	2302	0.9821811
190	3421	0.9801055
190	3255	0.978304
190	527	0.97715366
191	2694	0.8788713
191	3254	0.5301012
191	2908	0.38475755
191	3250	0.34711927
191	216	0.18357837
191	2683	0.13184795
191	3005	0.11792436
191	2792	0.09291357
191	2042	0.07146379
191	2791	0.06637204
192	1693	0.99632215
192	2268	0.97790486
192	3269	0.97309965
192	3396	0.97296166
192	434	0.9502293
192	1589	0.94935644
192	1	0.9363305
192	1917	0.9296265
192	32	0.92274284
192	2916	0.91155314
193	2243	0.9985645
193	2454	0.9937581
193	1643	0.99203527
193	1193	0.98967266
193	309	0.98959625
193	1300	0.98900586
193	951	0.98632467
193	904	0.97973466
193	2971	0.9759774
193	3358	0.97561646
194	1537	0.9869613
194	317	0.9718659
194	2791	0.9698764
194	333	0.95639944
194	2355	0.9418484
194	585	0.92640543
194	1042	0.83032167
194	2794	0.7950758
194	104	0.79461026
194	901	0.74254245
195	2470	0.9980161
195	2025	0.9676735
195	1356	0.9643576
195	2617	0.96000797
195	2384	0.9469762
195	2046	0.9377038
195	515	0.93610567
195	1387	0.8405605
195	858	0.7612229
195	435	0.75252914
196	527	0.99586487
196	858	0.994378
196	1219	0.92849934
196	2762	0.8383987
196	318	0.6622776
196	1089	0.63814414
196	904	0.60941046
196	2997	0.49209684
196	111	0.42010814
196	3044	0.24525672
197	2858	0.9988613
197	2028	0.99234945
197	1257	0.98843795
197	733	0.97658044
197	1784	0.95974624
197	1210	0.9313488
197	608	0.9133549
197	223	0.9015521
197	1639	0.89407855
197	350	0.78245705
198	2150	0.99909264
198	344	0.99868584
198	1282	0.99712723
198	107	0.9968505
198	2795	0.9889623
198	1127	0.98564875
198	1287	0.9800792
198	2471	0.979337
198	2406	0.95217335
198	3258	0.94631183
199	1393	0.99990034
199	25	0.9978143
199	1265	0.9956722
199	1372	0.99546957
199	1271	0.9954339
199	1961	0.9904469
199	1193	0.96466595
199	804	0.95643055
199	1299	0.9399117
199	2125	0.92438877
200	2369	0.9999661
200	2718	0.99995744
200	2694	0.9992457
200	2428	0.9987056
200	223	0.99566096
200	2046	0.91114044
200	1171	0.8969873
200	2828	0.86954087
200	1126	0.8117731
200	2629	0.8109993
201	1050	0.9999808
201	508	0.9995501
201	2966	0.9991713
201	1545	0.9990006
201	593	0.993863
201	2858	0.99129355
201	3148	0.9899558
201	2762	0.9803429
201	1619	0.9698755
201	1641	0.96868277
202	454	0.999931
202	2804	0.9960092
202	555	0.9872774
202	1333	0.98660433
202	1573	0.9723484
202	36	0.97073245
202	1197	0.9599149
202	431	0.9560337
202	2797	0.9552593
202	1088	0.93062294
203	1466	0.9999768
203	1243	0.999263
203	605	0.9989915
203	150	0.9962871
203	1912	0.9951836
203	296	0.9944467
203	350	0.9910345
203	36	0.98654693
203	1639	0.9788127
203	3147	0.95905447
204	1287	0.9998224
204	3178	0.99928063
204	2174	0.9429751
204	317	0.92294264
204	2490	0.92113316
204	474	0.90784025
204	3105	0.8872658
204	1200	0.8407341
204	2797	0.8212081
204	2628	0.8135412
205	911	0.9994916
205	1269	0.99945664
205	898	0.992049
205	2208	0.9919311
205	3200	0.9845194
205	1249	0.9768961
205	3104	0.972004
205	1080	0.9659833
205	1617	0.96583915
205	1244	0.9642817
206	1690	0.999596
206	3004	0.9966104
206	2012	0.98909104
206	1721	0.9884527
206	1888	0.9827076
206	446	0.9804236
206	407	0.98018956
206	303	0.9791504
206	3276	0.97557026
206	1597	0.93778884
207	110	0.9854791
207	2792	0.90848845
207	1389	0.90013075
207	1972	0.7387058
207	1259	0.24165863
207	2028	0.23160183
207	70	0.21046335
207	1	0.14950177
207	135	0.118567854
207	2628	0.106892586
208	2692	0.99834085
208	1210	0.99692243
208	2571	0.99542516
208	2916	0.99130756
208	858	0.9664885
208	2918	0.9626856
208	150	0.94687045
208	373	0.94492376
208	2763	0.93281317
208	3160	0.93154204
209	2572	0.9863374
209	587	0.9133841
209	1911	0.8765006
209	3107	0.87068784
209	2699	0.7941501
209	2424	0.61152995
209	2997	0.55907583
209	1097	0.47667167
209	2683	0.33285558
209	1569	0.3184529
210	163	1.0
210	1627	0.9998977
210	786	0.9991293
210	3107	0.99239695
210	1597	0.9912241
210	1573	0.9900485
210	95	0.9477329
210	2126	0.9408647
210	1676	0.9048145
210	110	0.8947071
211	2241	0.9554801
211	2455	0.8655813
211	110	0.38090688
211	1210	0.1741266
211	2033	0.095657796
211	3072	0.043169945
211	1193	0.032850236
211	1485	0.02962026
211	661	0.027826726
211	2791	0.026149482
212	2916	0.9993503
212	1610	0.9983546
212	733	0.98420346
212	2535	0.97235394
212	2334	0.9483379
212	2985	0.93200845
212	110	0.9284576
212	695	0.917585
212	1147	0.9143183
212	1200	0.8901345
213	356	0.99966013
213	2396	0.9878538
213	440	0.94408107
213	1784	0.9067278
213	380	0.8866552
213	2321	0.87667954
213	480	0.843731
213	1196	0.67294645
213	2028	0.6190779
213	3408	0.5451148
214	3409	0.99998534
214	1148	0.9988143
214	3254	0.9942587
214	1367	0.9886993
214	2502	0.9804573
214	2700	0.976496
214	39	0.97106767
214	750	0.96907055
214	2567	0.9678946
214	1215	0.96709394
215	1291	0.9948211
215	1270	0.9877391
215	1198	0.9635989
215	1396	0.88776636
215	1196	0.718767
215	3361	0.6648623
215	3101	0.65279156
215	1374	0.64016724
215	349	0.2473453
215	316	0.100892484
216	1485	0.9991884
216	2502	0.99369806
216	3174	0.9347031
216	2072	0.8606957
216	1221	0.7971445
216	2628	0.7947143
216	1285	0.7628275
216	1457	0.7426143
216	947	0.6922494
216	1277	0.6648259
217	1196	0.92637134
217	1265	0.70259356
217	1270	0.56678206
217	2796	0.5451344
217	593	0.53090376
217	608	0.3450821
217	2804	0.31381625
217	2144	0.1315451
217	296	0.12948975
217	2762	0.12359244
218	2694	0.99955916
218	2722	0.99837935
218	2676	0.9959012
218	3408	0.9725404
218	2712	0.96889865
218	2759	0.96501887
218	3155	0.9557504
218	2541	0.9477514
218	2881	0.8994885
218	2114	0.85810816
219	2423	0.99853206
219	3354	0.9977946
219	1035	0.874652
219	3254	0.8349922
219	2241	0.42675227
219	2109	0.4133544
219	527	0.37881267
219	1961	0.33539522
219	3189	0.30488208
219	2908	0.2747814
220	1196	0.9997133
220	1228	0.9974836
220	1193	0.9922701
220	2355	0.95385134
220	1914	0.8765317
220	1641	0.8614781
220	3148	0.8554628
220	1210	0.8546014
220	1238	0.83696514
220	1479	0.812848
221	1092	0.9918047
221	1892	0.599751
221	1733	0.56912833
221	924	0.31190977
221	1252	0.11897886
221	1196	0.06983161
221	3262	0.0693692
221	1269	0.055376828
221	2997	0.046150178
221	2076	0.043879062
222	1197	0.98959744
222	1354	0.986753
222	1356	0.9750309
222	1610	0.9592445
222	2916	0.9367939
222	1291	0.84830356
222	1270	0.84367645
222	3270	0.82808614
222	2161	0.4644894
222	780	0.44884977
223	520	0.99409866
223	2406	0.9876888
223	785	0.98734385
223	2468	0.9857477
223	339	0.9805261
223	2961	0.952958
223	1527	0.9516585
223	10	0.94970524
223	466	0.9359851
223	2082	0.9245688
224	910	0.99866927
224	1247	0.99266195
224	527	0.99251395
224	2396	0.9901668
224	3261	0.9820649
224	2324	0.9759377
224	34	0.97323346
224	3424	0.9639329
224	141	0.95667493
224	223	0.9413295
225	1645	0.9992449
225	1678	0.99786675
225	1264	0.9967131
225	3362	0.99441624
225	1225	0.99213487
225	2710	0.98375607
225	2841	0.9562163
225	3422	0.9551096
225	1352	0.95485544
225	1263	0.9476111
226	2797	0.956801
226	1270	0.932662
226	2804	0.88961244
226	2918	0.86215425
226	1288	0.8223381
226	2352	0.74889064
226	1242	0.6671889
226	1200	0.6654093
226	1172	0.6538728
226	3101	0.6316447
227	2706	0.9334774
227	2759	0.9312737
227	2858	0.88985693
227	1214	0.66645294
227	2355	0.45978752
227	2683	0.42024854
227	1407	0.38195172
227	2165	0.35217792
227	2395	0.2125178
227	3113	0.18748969
228	223	0.9969624
228	589	0.91888344
228	2706	0.9073712
228	2997	0.7000267
228	588	0.5553981
228	1580	0.46199504
228	608	0.44351998
228	1485	0.27421686
228	593	0.21935973
228	47	0.21717945
229	1693	0.9992806
229	3271	0.9990251
229	3105	0.99894714
229	2006	0.9984163
229	2628	0.992864
229	1097	0.9882139
229	161	0.9870746
229	126	0.97858596
229	2268	0.9719522
229	1907	0.9405136
230	1694	0.99965036
230	1393	0.998593
230	1090	0.99841285
230	1479	0.9948411
230	1921	0.9938277
230	1079	0.988644
230	1704	0.9834968
230	2324	0.9829258
230	318	0.96991074
230	3108	0.96249557
231	296	0.9993348
231	260	0.9981911
231	1215	0.996596
231	919	0.9959776
231	1199	0.99530184
231	924	0.99484825
231	32	0.9781976
231	593	0.96044326
231	2797	0.95406115
231	745	0.8746596
232	441	0.99999833
232	1916	0.9993789
232	223	0.9987071
232	720	0.99646187
232	1215	0.9943118
232	955	0.9103533
232	345	0.90300333
232	501	0.85232663
232	3253	0.7786062
232	111	0.7679478
233	915	0.9999924
233	1947	0.9998585
233	1674	0.99948007
233	1197	0.99826926
233	17	0.99772674
233	899	0.99565387
233	1198	0.99486244
233	1035	0.99281836
233	900	0.9908136
233	588	0.9885438
234	1228	0.9980365
234	2194	0.99446857
234	1217	0.9942887
234	296	0.9841535
234	246	0.9752863
234	2028	0.96619534
234	1263	0.9619006
234	260	0.9477409
234	2071	0.7899823
234	1960	0.7329028
235	3359	0.9976226
235	2313	0.9950124
235	1084	0.98559666
235	1222	0.982025
235	2985	0.9817807
235	2300	0.95701
235	594	0.93416584
235	2194	0.9328735
235	1748	0.9065224
235	714	0.90643156
236	1196	0.99981177
236	1617	0.9996365
236	969	0.9996194
236	2571	0.99580365
236	1197	0.98572356
236	110	0.9777254
236	457	0.95189726
236	480	0.94629514
236	1584	0.92221355
236	1240	0.889218
237	2302	0.9992527
237	60	0.99800855
237	2273	0.99466896
237	1784	0.9911396
237	1994	0.9847971
237	1610	0.98206985
237	21	0.96459323
237	3087	0.9568387
237	208	0.9443219
237	2028	0.9435321
238	3246	0.9999981
238	1293	0.99928975
238	1300	0.9987782
238	111	0.99287105
238	527	0.992599
238	232	0.9880278
238	2820	0.97938347
238	300	0.97759926
238	1957	0.969509
238	1084	0.9656749
239	3260	0.9999335
239	50	0.99972874
239	2297	0.9977609
239	296	0.99659383
239	450	0.9930948
239	318	0.9856887
239	17	0.97375005
239	390	0.9213951
239	111	0.9161978
239	745	0.88812935
240	2968	0.97588634
240	1500	0.963932
240	849	0.9505197
240	457	0.9445708
240	1036	0.93825215
240	1219	0.92682004
240	2746	0.91668177
240	3354	0.9123405
240	367	0.8719648
240	2710	0.8492109
241	1253	0.9999692
241	1199	0.9999691
241	1210	0.99424195
241	2186	0.9597517
241	260	0.9573288
241	903	0.6678473
241	1221	0.61004543
241	1301	0.5791209
241	2455	0.4966792
241	2021	0.4295736
242	1884	0.993733
242	2912	0.9899501
242	1233	0.989789
242	2094	0.96960866
242	1627	0.9642812
242	543	0.9400426
242	435	0.93585265
242	1500	0.924189
242	1954	0.91946507
242	1831	0.9142349
243	3362	0.9971534
243	3072	0.9886508
243	1288	0.9815645
243	2804	0.9716214
243	1304	0.955288
243	2969	0.9550077
243	1020	0.9324465
243	2918	0.926053
243	2300	0.9060524
243	905	0.8994385
244	1409	0.99914527
244	1748	0.9958377
244	3269	0.9640316
244	468	0.9629648
244	2571	0.9554244
244	2683	0.9547109
244	1380	0.9339667
244	380	0.93225527
244	1777	0.92877644
244	2628	0.9203084
245	2001	0.9898796
245	2424	0.9710654
245	1411	0.9640598
245	2002	0.95859855
245	431	0.9430473
245	1747	0.9260237
245	1320	0.89322084
245	2011	0.87197626
245	1914	0.8186818
245	3105	0.7830206
246	1	0.9999912
246	2791	0.99998784
246	588	0.99997616
246	3421	0.99661064
246	2396	0.9949564
246	1080	0.98353434
246	1097	0.9705713
246	3361	0.91851723
246	1079	0.77692235
246	568	0.7629419
247	3198	0.99892294
247	1293	0.9960461
247	3148	0.99124515
247	2314	0.987864
247	2686	0.9327844
247	1287	0.9025762
247	1193	0.8795204
247	1246	0.8791652
247	957	0.78201663
247	1704	0.7255976
248	2571	0.9003206
248	1610	0.8496506
248	2550	0.76995003
248	1389	0.7611567
248	1291	0.6116301
248	1240	0.5648842
248	1722	0.4721309
248	1270	0.2927713
248	1947	0.19805041
248	2105	0.19372255
249	608	0.99998224
249	2000	0.9983482
249	1610	0.9983069
249	1259	0.9981615
249	1198	0.97887224
249	780	0.97252524
249	1265	0.9676411
249	3269	0.9659916
249	2108	0.96587557
249	1663	0.9610661
250	260	0.9940078
250	1196	0.99119866
250	2571	0.9859929
250	1210	0.98398805
250	1198	0.9565492
250	589	0.94943845
250	1580	0.92650723
250	1240	0.7950128
250	1270	0.7121507
250	1265	0.52693975
251	2791	0.99991214
251	2352	0.99965453
251	1395	0.99864984
251	2144	0.99621606
251	1302	0.9956065
251	2529	0.9772465
251	150	0.9562749
251	588	0.9395535
251	553	0.922071
251	1135	0.91509724
252	6	0.98337084
252	110	0.9792269
252	2167	0.94172883
252	21	0.9034438
252	1610	0.7986055
252	2006	0.69974065
252	648	0.57891536
252	1233	0.53430367
252	1912	0.42739934
252	2427	0.41916376
253	2630	0.999999
253	213	0.9947211
253	2624	0.99242425
253	3418	0.9494346
253	2501	0.8472881
253	2710	0.82225215
253	493	0.74814934
253	1188	0.70335096
253	2013	0.6534027
253	2357	0.5135143
254	1388	0.9974005
254	1196	0.9741958
254	858	0.9552438
254	2662	0.9348018
254	2404	0.6012631
254	370	0.5332331
254	1214	0.19505578
254	1011	0.16689649
254	2791	0.13761377
254	1017	0.11884323
255	1253	0.9973912
255	1037	0.99611485
255	2119	0.99476844
255	1287	0.9941104
255	2194	0.9884113
255	2772	0.9857316
255	2402	0.9790165
255	2507	0.9746432
255	1552	0.9730251
255	1721	0.97018266
256	2527	0.99973613
256	2947	0.99965477
256	2950	0.99906003
256	1573	0.9981188
256	260	0.9972328
256	3404	0.99658036
256	2268	0.9964174
256	2023	0.9963316
256	2875	0.9942963
256	1527	0.9939383
257	2916	0.9999517
257	1240	0.996016
257	3219	0.99543095
257	1089	0.9861921
257	1610	0.96808195
257	2953	0.96520567
257	1625	0.9524656
257	2353	0.86420786
257	2054	0.8544234
257	1909	0.7349932
258	733	0.99974626
258	110	0.9968215
258	2762	0.9950214
258	296	0.9913839
258	3255	0.9899349
258	3147	0.9871178
258	1584	0.9851047
258	1840	0.98329556
258	3250	0.9817485
258	3100	0.9807719
259	21	0.99997175
259	2959	0.99927264
259	380	0.99787956
259	2762	0.99782336
259	527	0.9977788
259	111	0.9920472
259	1358	0.99193543
259	223	0.98783976
259	785	0.984029
259	101	0.9775568
260	1754	0.9999654
260	1222	0.99963903
260	1833	0.99934936
260	780	0.9980668
260	457	0.99734104
260	368	0.9949684
260	3418	0.9910408
260	2985	0.9900582
260	786	0.97197074
260	1127	0.93837094
261	1	0.99963677
261	2916	0.9971087
261	1242	0.991188
261	165	0.9816711
261	364	0.9803612
261	1097	0.9788238
261	1834	0.9769259
261	1230	0.96551037
261	1270	0.95065343
261	3044	0.9474403
262	1127	0.99412227
262	2761	0.97320503
262	2640	0.97097427
262	2628	0.94439
262	1200	0.90920365
262	2046	0.87031364
262	2901	0.8534565
262	76	0.8403778
262	2363	0.6489503
262	1253	0.61393785
263	1210	0.99985397
263	2405	0.9813092
263	1580	0.9779016
263	497	0.964924
263	1291	0.9566848
263	1544	0.9482771
263	1375	0.9445072
263	3114	0.93450224
263	2968	0.90500027
263	1097	0.78494155
264	2406	0.9994029
264	3308	0.9984684
264	2699	0.99776375
264	1270	0.9718697
264	1372	0.9718541
264	1101	0.9455548
264	2288	0.9354045
264	2054	0.91812384
264	2135	0.91167194
264	3196	0.9105519
265	1951	1.0
265	2087	0.99998415
265	1380	0.9921378
265	1028	0.9920787
265	3072	0.99049824
265	2096	0.961066
265	920	0.93795466
265	648	0.9015846
265	144	0.88986015
265	2863	0.87192565
266	1211	0.99944186
266	1223	0.99923164
266	919	0.9986639
266	745	0.99731976
266	928	0.99668574
266	2134	0.99559844
266	1247	0.9944621
266	945	0.99351454
266	1136	0.9835352
266	17	0.9673778
267	593	0.999905
267	377	0.999823
267	1721	0.99967664
267	1358	0.999252
267	300	0.99471885
267	3246	0.9941298
267	529	0.9897835
267	2333	0.9831606
267	62	0.98239625
267	36	0.9796708
268	432	0.9987416
268	1895	0.99817336
268	1573	0.9959055
268	2567	0.995805
268	2858	0.9864284
268	1688	0.9818044
268	276	0.9781775
268	1457	0.97350967
268	1407	0.9516719
268	2394	0.9514593
269	3273	0.99935216
269	3157	0.9989656
269	3125	0.9958848
269	3189	0.9862678
269	2997	0.74748075
269	246	0.72978646
269	3174	0.71835184
269	1069	0.5380227
269	3163	0.4102207
269	58	0.11098489
270	3298	0.99979633
270	1380	0.99431276
270	2706	0.99420786
270	3113	0.989478
270	3160	0.9859134
270	1885	0.9825139
270	1230	0.978453
270	1035	0.97502697
270	3181	0.97035855
270	3147	0.96494114
271	2916	0.9965735
271	1408	0.9963201
271	1275	0.9788906
271	1259	0.9426712
271	21	0.9337865
271	1429	0.933146
271	1064	0.92470735
271	3397	0.9174404
271	2947	0.90935314
271	362	0.883595
272	588	0.9888365
272	2080	0.98064244
272	648	0.97732663
272	1641	0.97228515
272	3253	0.9230945
272	3108	0.9158472
272	39	0.8781783
272	1276	0.8691263
272	2302	0.8409475
272	3175	0.82995397
273	1240	0.9985156
273	1909	0.99704194
273	1291	0.99601424
273	1923	0.99595785
273	1682	0.994336
273	3176	0.994314
273	318	0.9942297
273	1200	0.99359095
273	2294	0.99356717
273	1376	0.9915895
274	1203	0.9999766
274	2572	0.99870944
274	2396	0.99853694
274	1513	0.9977312
274	260	0.9908786
274	2699	0.9886679
274	3006	0.9772691
274	527	0.9701263
274	2324	0.964448
274	923	0.957819
275	1210	0.99985766
275	1259	0.9987446
275	1036	0.9986646
275	1961	0.9979264
275	1580	0.9975265
275	1198	0.9932279
275	2917	0.99186283
275	1288	0.98439693
275	480	0.9805707
275	1275	0.9704839
276	858	0.9993492
276	1250	0.9913525
276	1299	0.9625821
276	1272	0.8233127
276	1673	0.5278849
276	1960	0.44503474
276	110	0.3431568
276	2524	0.23365515
276	1617	0.22474399
276	1245	0.19475403
277	318	0.9967748
277	527	0.4566337
277	432	0.4277476
277	50	0.42311424
277	608	0.19289851
277	296	0.16054538
277	2336	0.10634115
277	587	0.099544466
277	920	0.09206
277	1266	0.08792752
278	2519	0.99808884
278	2366	0.99787307
278	2653	0.997603
278	2531	0.99404967
278	2976	0.96448267
278	2787	0.955764
278	1320	0.9460063
278	724	0.8832752
278	1407	0.79703784
278	2782	0.69665027
279	1299	0.9999896
279	1183	0.99979365
279	151	0.99978936
279	1094	0.9976812
279	3196	0.98828834
279	1250	0.9821359
279	417	0.9767786
279	647	0.96356535
279	1944	0.85403323
279	838	0.7989995
280	3022	0.99998677
280	1304	0.9992914
280	3396	0.9674028
280	909	0.966604
280	3072	0.90785444
280	1276	0.8017005
280	1233	0.790657
280	2396	0.68182737
280	858	0.6348099
280	1148	0.5422348
281	36	0.9935534
281	2858	0.9881942
281	2997	0.9870805
281	1635	0.96131957
281	3148	0.9441501
281	1535	0.93209404
281	318	0.8164733
281	1046	0.7905291
281	1354	0.7507824
281	265	0.7389684
282	457	0.9889652
282	2353	0.9456438
282	2997	0.9204432
282	474	0.88049173
282	589	0.8777119
282	1343	0.7951572
282	1921	0.67769325
282	10	0.4548216
282	1727	0.45056129
282	3256	0.32798952
283	1210	0.97508097
283	3114	0.95832753
283	273	0.9523028
283	1	0.9328488
283	1726	0.8557004
283	1193	0.7549466
283	2338	0.70572853
283	222	0.66163296
283	924	0.5972186
283	1196	0.5463146
284	500	0.99834394
284	2640	0.9960791
284	2710	0.9885571
284	2699	0.96424687
284	1198	0.9583446
284	852	0.9527882
284	2278	0.9315728
284	2700	0.928421
284	2367	0.92662
284	2788	0.8922109
285	3090	0.99909437
285	2750	0.99718213
285	2871	0.99656105
285	2352	0.99187124
285	608	0.9893184
285	3210	0.9534346
285	1050	0.9437981
285	1960	0.9388627
285	1827	0.9120815
285	2341	0.91185355
286	1213	0.99997485
286	50	0.9999203
286	2396	0.99079454
286	1221	0.9886794
286	2028	0.98787415
286	1089	0.974686
286	1219	0.95364106
286	2599	0.9438863
286	3044	0.9259952
286	1060	0.87580854
287	2683	0.99998564
287	2908	0.9990808
287	2959	0.9989267
287	2329	0.99689174
287	3114	0.99456555
287	1179	0.99065125
287	3157	0.98806
287	2771	0.9809412
287	968	0.97426504
287	150	0.9703745
288	1610	0.99999666
288	457	0.9999846
288	2028	0.9995457
288	592	0.999312
288	1954	0.995168
288	589	0.9932271
288	480	0.99051666
288	497	0.9899
288	920	0.98774177
288	377	0.9875295
289	1240	0.99940956
289	1617	0.99638474
289	903	0.9921057
289	541	0.9893307
289	2819	0.98653066
289	260	0.98533815
289	2797	0.8765732
289	1214	0.83402646
289	3000	0.83239496
289	1997	0.8202789
290	1680	0.9961228
290	1617	0.9441352
290	2396	0.84425414
290	2122	0.70405525
290	1043	0.5313123
290	1639	0.47440308
290	276	0.2411848
290	2762	0.18302846
290	2028	0.06606954
290	524	0.051040202
291	902	0.9999474
291	1204	0.9998391
291	17	0.9992728
291	900	0.9991344
291	1094	0.97518504
291	58	0.9421916
291	1265	0.9365761
291	236	0.9013505
291	3144	0.89363503
291	3198	0.6137601
292	1277	0.99988914
292	2028	0.9992871
292	1176	0.9948274
292	480	0.9708204
292	2427	0.95831877
292	2006	0.94309425
292	1527	0.9134274
292	318	0.87296355
292	1676	0.8677561
292	1882	0.8432747
293	3030	0.9993764
293	2716	0.9981773
293	2289	0.9937918
293	1959	0.9636538
293	110	0.95826674
293	1094	0.95757407
293	529	0.95489395
293	337	0.9444104
293	21	0.9438318
293	2248	0.9310422
294	1641	0.9999013
294	1537	0.9993664
294	1111	0.9974115
294	52	0.99732137
294	2064	0.9946204
294	3129	0.9887811
294	3412	0.97308517
294	2747	0.9722528
294	1730	0.96134174
294	2550	0.9545396
295	2546	0.9998524
295	2861	0.99641967
295	2806	0.99343693
295	2147	0.98251045
295	407	0.9627991
295	3004	0.7958662
295	3408	0.7114513
295	2188	0.5780375
295	2041	0.5227405
295	2107	0.38660586
296	1032	0.99963355
296	277	0.99132586
296	2423	0.9907034
296	2617	0.98510814
296	3005	0.9679433
296	780	0.96059537
296	2761	0.9522736
296	1287	0.947532
296	951	0.94384193
296	2366	0.94127506
297	1387	0.9997868
297	500	0.98766017
297	1394	0.95981365
297	1234	0.92543054
297	1228	0.8957993
297	110	0.89249444
297	1079	0.88232666
297	1073	0.8164105
297	750	0.76854044
297	912	0.75867325
298	593	0.43541354
298	3159	0.3129856
298	3052	0.2241641
298	1035	0.21761134
298	2997	0.12465045
298	223	0.10857189
298	2501	0.063963145
298	2028	0.0483267
298	70	0.037191123
298	1997	0.034577012
299	549	0.999135
299	1617	0.9987929
299	1942	0.99780977
299	541	0.99691546
299	344	0.99554294
299	1084	0.99094135
299	919	0.9888244
299	110	0.9751717
299	480	0.9697833
299	1213	0.9456501
300	2100	0.99961084
300	527	0.9974011
300	1982	0.997108
300	2915	0.9947101
300	2144	0.9924395
300	1252	0.99120164
300	260	0.9893415
300	3418	0.988945
300	1086	0.9870173
300	3210	0.982264
301	1259	0.9999199
301	3173	0.9967089
301	2797	0.990611
301	2723	0.98004365
301	2995	0.969195
301	2329	0.9474633
301	1589	0.947164
301	163	0.9456343
301	10	0.9349959
301	161	0.90467024
302	1722	0.96620166
302	1772	0.95320594
302	3267	0.93708634
302	1297	0.9240185
302	2858	0.9014131
302	2248	0.8627532
302	16	0.8580456
302	2336	0.8356475
302	50	0.83249426
302	3108	0.83215153
303	199	0.9995467
303	523	0.9987937
303	3100	0.99851453
303	45	0.99841857
303	1885	0.99779874
303	2379	0.995334
303	1897	0.9933511
303	1466	0.98488337
303	1213	0.98337233
303	1293	0.9768095
304	2186	1.0
304	922	0.9998528
304	1267	0.9996091
304	930	0.9995925
304	2726	0.99910843
304	2727	0.9968531
304	2203	0.9948715
304	541	0.9762815
304	1154	0.9398024
304	1176	0.891357
305	724	1.0
305	2867	0.9999311
305	2459	0.9997433
305	2902	0.9995073
305	1334	0.99443424
305	2279	0.98617065
305	2369	0.9711827
305	1342	0.9458915
305	2789	0.9315994
305	2389	0.8641895
306	1047	0.99891144
306	785	0.9754246
306	1257	0.94527906
306	2391	0.9443061
306	1265	0.94328237
306	1722	0.9429759
306	3210	0.9331556
306	3253	0.93119156
306	3114	0.8792763
306	608	0.8499509
307	1	0.9951268
307	922	0.9671562
307	900	0.9438757
307	2997	0.9295929
307	3006	0.8877836
307	593	0.84283376
307	260	0.7533972
307	720	0.7498936
307	2064	0.7434615
307	3201	0.69338083
308	594	0.996016
308	2529	0.9900928
308	910	0.9856571
308	1641	0.97931767
308	2078	0.95849144
308	3396	0.9527937
308	1584	0.93324435
308	1283	0.9083533
308	3210	0.8908956
308	954	0.8871024
309	377	0.9983685
309	2138	0.98398656
309	296	0.9775551
309	1422	0.9601474
309	25	0.9354308
309	593	0.9338613
309	1012	0.91627073
309	432	0.9098152
309	2059	0.8962406
309	541	0.8855256
310	1831	0.9990181
310	1097	0.9979539
310	150	0.99696577
310	2028	0.9927771
310	2501	0.9918972
310	318	0.99163455
310	736	0.99133366
310	34	0.98039997
310	586	0.9759126
310	912	0.96265423
311	1198	0.9990226
311	1196	0.9984803
311	2996	0.99828863
311	2959	0.9872694
311	1961	0.9060346
311	62	0.87763417
311	1242	0.84161043
311	3101	0.80430216
311	3147	0.72511435
311	3081	0.7184453
312	527	0.999331
312	1233	0.9898777
312	1952	0.9698845
312	2289	0.96935475
312	1207	0.9524227
312	1259	0.9067949
312	1358	0.86629856
312	3083	0.8367969
312	1293	0.7922311
312	2	0.76244646
313	2706	0.9958805
313	260	0.95764005
313	1198	0.82464004
313	1270	0.5888086
313	1196	0.5380604
313	3423	0.47142863
313	900	0.23641023
313	905	0.1583986
313	2996	0.13514423
313	2119	0.12818557
314	17	0.99599993
314	1949	0.9899472
314	1340	0.9699106
314	1704	0.95237905
314	2352	0.9397229
314	357	0.93939966
314	2671	0.938563
314	2313	0.85249674
314	3148	0.8479804
314	3361	0.7868803
315	906	0.5519361
315	1086	0.45602065
315	1247	0.42232418
315	912	0.2238918
315	750	0.10950491
315	1210	0.09158856
315	1203	0.07151213
315	2160	0.057411462
315	913	0.05339551
315	1219	0.04614967
316	2105	0.9999981
316	1129	0.9999689
316	1653	0.9999578
316	2287	0.9999034
316	1240	0.9995784
316	1206	0.9994042
316	2985	0.9991889
316	2529	0.999098
316	1374	0.9958559
316	316	0.9952251
317	1302	0.9468851
317	1246	0.89336663
317	588	0.8639901
317	3098	0.8504502
317	364	0.52667946
317	1186	0.43971205
317	3361	0.37165514
317	1198	0.32957286
317	1124	0.31320244
317	34	0.31241405
318	2686	0.9922273
318	1197	0.7735455
318	2683	0.695086
318	2987	0.6711924
318	1230	0.48325473
318	2433	0.34403974
318	2770	0.3354422
318	34	0.33333334
318	2333	0.3125774
318	919	0.31044236
319	1805	0.9991001
319	2333	0.99716735
319	1307	0.9967841
319	3060	0.992597
319	3147	0.983751
319	1569	0.9796306
319	1513	0.97546875
319	448	0.9542718
319	1408	0.91919017
319	2801	0.90695405
320	912	0.9915926
320	1949	0.985073
320	1210	0.9765537
320	110	0.48601344
320	2324	0.43507844
320	2997	0.30520087
320	1222	0.29090232
320	1193	0.23839796
320	2427	0.14354837
320	2241	0.13426149
321	2439	0.9973412
321	2028	0.9799073
321	2959	0.97519577
321	2120	0.9620203
321	1834	0.9329636
321	1562	0.9131231
321	593	0.9045177
321	2162	0.8969513
321	235	0.89186776
321	3147	0.888736
322	1197	0.99995065
322	1947	0.99922556
322	2020	0.9987605
322	1094	0.97493005
322	2497	0.7630116
322	1296	0.66531885
322	899	0.6279176
322	1959	0.56011313
322	1210	0.48862845
322	1265	0.436323
323	2138	0.9999113
323	1580	0.9997375
323	2916	0.99934876
323	198	0.9982364
323	1645	0.9928795
323	60	0.990033
323	1610	0.989348
323	2622	0.98221445
323	223	0.981852
323	1590	0.9804158
324	1608	0.99951935
324	2490	0.9835771
324	3301	0.9810109
324	2006	0.9565005
324	2916	0.9559146
324	745	0.9372215
324	110	0.9180086
324	1573	0.88792586
324	593	0.8471095
324	2170	0.7137209
325	344	1.0
325	852	0.9999973
325	2581	0.99999577
325	2125	0.99995345
325	356	0.99994284
325	532	0.9998579
325	585	0.9998427
325	351	0.9997746
325	2410	0.9997145
325	2052	0.9995725
326	2423	0.99776685
326	2671	0.99566275
326	3068	0.99459314
326	1396	0.98774624
326	1580	0.9861953
326	1214	0.982816
326	1485	0.9820568
326	1225	0.9809483
326	1957	0.9795189
326	2000	0.97432125
327	3095	0.99704206
327	912	0.9960863
327	923	0.9947394
327	930	0.99025846
327	994	0.98165
327	296	0.98150384
327	290	0.95857507
327	2932	0.9173875
327	907	0.8891778
327	541	0.86292565
328	1573	0.99998826
328	2058	0.99971247
328	2353	0.99481815
328	2427	0.9821564
328	733	0.98019946
328	2985	0.9549017
328	780	0.9513495
328	3267	0.9232962
328	1385	0.9059145
328	1210	0.89203805
329	2289	0.9954815
329	39	0.9916196
329	1959	0.9113613
329	36	0.8626317
329	1358	0.86175764
329	3255	0.84855974
329	25	0.8482888
329	2891	0.84779084
329	1219	0.8309189
329	1441	0.82856274
330	2858	0.99476683
330	3169	0.98105705
330	1231	0.863998
330	318	0.79545105
330	3196	0.7509111
330	2997	0.62909675
330	1084	0.56469136
330	1294	0.5061563
330	1217	0.3211699
330	923	0.2787319
331	2571	0.99481523
331	2020	0.96354055
331	780	0.9412429
331	1228	0.8619518
331	1396	0.7960324
331	2324	0.79168934
331	1569	0.77539456
331	1556	0.74098814
331	110	0.7070317
331	1541	0.7056757
332	1704	0.9999565
332	2351	0.9992598
332	678	0.9933098
332	3006	0.99301547
332	3163	0.98674047
332	2948	0.9816048
332	745	0.9417673
332	898	0.9084619
332	260	0.87028146
332	940	0.85107064
333	1955	0.999923
333	902	0.9997679
333	2243	0.9996649
333	590	0.9974023
333	1088	0.9964801
333	1032	0.9943302
333	1230	0.9942422
333	1203	0.9863282
333	1084	0.9831498
333	2020	0.96300834
334	912	0.9999999
334	1946	0.9991889
334	2324	0.9983341
334	858	0.99776375
334	969	0.9953773
334	509	0.9681958
334	446	0.9599737
334	1247	0.95804214
334	2565	0.9486486
334	497	0.92191756
335	329	0.9998697
335	2414	0.9970658
335	2115	0.99169505
335	1356	0.9714174
335	858	0.96148145
335	736	0.937934
335	21	0.9344224
335	172	0.92328143
335	260	0.8208598
335	204	0.82022953
336	1375	0.99995124
336	2140	0.9993454
336	2393	0.9981658
336	2311	0.9971589
336	1214	0.99035275
336	2661	0.98947996
336	1876	0.9888075
336	172	0.9765314
336	1270	0.97273123
336	1356	0.9719629
337	2394	0.9481296
337	2153	0.93617225
337	2288	0.8788218
337	553	0.70063543
337	611	0.62065345
337	588	0.6107566
337	2328	0.5950411
337	223	0.55532247
337	1196	0.5376166
337	34	0.42303312
338	1188	0.9999584
338	1042	0.99933237
338	1597	0.99431056
338	1616	0.99084496
338	252	0.9838294
338	432	0.9807277
338	47	0.9778688
338	2150	0.96914434
338	2683	0.96692586
338	1907	0.9614648
339	2313	0.9999721
339	265	0.999627
339	1296	0.99681675
339	593	0.99105215
339	920	0.9885829
339	3198	0.9840845
339	1207	0.98058355
339	1096	0.9773679
339	1090	0.97472066
339	3418	0.9716675
340	946	0.9838994
340	549	0.98054886
340	2662	0.96230686
340	2080	0.9250809
340	1	0.5922232
340	2645	0.46698144
340	1278	0.42898634
340	1198	0.42036918
340	1258	0.4025019
340	2355	0.39492387
341	2571	0.9486334
341	2624	0.93632615
341	1203	0.8245366
341	589	0.7831855
341	32	0.6924275
341	260	0.6676699
341	2628	0.592702
341	1196	0.5793268
341	608	0.485072
341	1673	0.4837266
342	590	0.9999951
342	2706	0.9999051
342	2046	0.9980334
342	1033	0.99559355
342	2422	0.9950731
342	2987	0.9944877
342	316	0.9925842
342	104	0.96511966
342	1408	0.9633224
342	2122	0.95977294
343	327	0.99767315
343	2450	0.9933575
343	2080	0.97819006
343	2746	0.9599055
343	1584	0.9523386
343	1333	0.9407897
343	2390	0.9209821
343	1225	0.9077544
343	2997	0.90569663
343	2710	0.9015871
344	3062	0.99867845
344	2476	0.97302103
344	1208	0.96725225
344	157	0.91671824
344	2944	0.79594815
344	329	0.54695445
344	1197	0.4626214
344	1265	0.42957395
344	2985	0.36388803
344	2427	0.31255925
345	1230	0.9992104
345	1961	0.98466223
345	1225	0.97339827
345	1186	0.972471
345	123	0.93312067
345	4	0.92393434
345	2386	0.90612024
345	1952	0.9022318
345	2194	0.901266
345	1193	0.89614505
346	1821	0.99299705
346	1297	0.97321796
346	539	0.9535233
346	802	0.8954828
346	1542	0.8052763
346	252	0.7941828
346	1148	0.7844668
346	34	0.7832312
346	543	0.7813592
346	2470	0.77062047
347	1094	0.99517405
347	2206	0.99451435
347	1610	0.990942
347	2677	0.9906485
347	2396	0.9888388
347	902	0.9719155
347	1197	0.95076084
347	1247	0.9475877
347	1722	0.90174323
347	1259	0.8967348
348	938	0.9995682
348	2922	0.9993142
348	902	0.99544775
348	2099	0.99442077
348	899	0.9924906
348	2088	0.9835496
348	914	0.98245084
348	1028	0.9784273
348	952	0.975966
348	594	0.96997976
349	2716	0.9818761
349	2706	0.98182756
349	1729	0.96363354
349	2694	0.9497003
349	2580	0.9350308
349	2476	0.91985285
349	2713	0.9148497
349	1387	0.912965
349	2683	0.8667903
349	1263	0.8395388
350	1610	0.99897635
350	1641	0.9967676
350	1617	0.99384534
350	454	0.990425
350	2997	0.96687245
350	1356	0.9511663
350	34	0.9307431
350	1625	0.86650205
350	235	0.7131716
350	1598	0.5633846
351	2947	0.9999218
351	2700	0.9953717
351	899	0.9874207
351	185	0.9600576
351	1221	0.89885056
351	509	0.88816035
351	1073	0.8623309
351	73	0.85973626
351	3253	0.84741014
351	2321	0.82021683
352	2313	0.99880964
352	1265	0.991137
352	1704	0.9749069
352	2302	0.9660961
352	1183	0.9338642
352	2025	0.92568463
352	1994	0.9226328
352	2028	0.89800394
352	2352	0.85427785
352	356	0.842108
353	2023	0.9148004
353	2858	0.91311073
353	858	0.7682687
353	1213	0.6666079
353	2712	0.5298212
353	1244	0.5230166
353	1465	0.43021357
353	2028	0.42767337
353	1617	0.3027758
353	1259	0.298272
354	3298	0.9789601
354	2712	0.97239697
354	2762	0.86378527
354	3159	0.82254523
354	2336	0.8155066
354	2770	0.736504
354	1215	0.6698812
354	3115	0.6105229
354	2622	0.47639987
354	2683	0.4492852
355	1639	0.99614406
355	3252	0.99105465
355	543	0.99078584
355	2571	0.9824784
355	2294	0.9388832
355	1513	0.9376179
355	170	0.93027115
355	3175	0.9276772
355	11	0.92110485
355	208	0.898414
356	2826	0.9996544
356	2167	0.99768615
356	879	0.9951676
356	653	0.9676622
356	1327	0.95455515
356	1258	0.95059836
356	2	0.8720849
356	1339	0.73681676
356	1756	0.6796313
356	1214	0.6106451
357	1270	0.99970776
357	1348	0.9800526
357	2502	0.9574087
357	1619	0.9474226
357	1196	0.92104363
357	307	0.91132116
357	1282	0.8974934
357	2301	0.89465296
357	2025	0.83077955
357	247	0.81826425
358	1396	0.99903786
358	2941	0.9989372
358	1959	0.99274063
358	1204	0.99039084
358	590	0.9828222
358	2988	0.966361
358	900	0.94151187
358	199	0.9347306
358	2366	0.93190694
358	1094	0.92839503
359	2529	0.99649984
359	924	0.99514616
359	356	0.9950286
359	480	0.9745859
359	780	0.9702118
359	1240	0.9670066
359	2011	0.7935343
359	2288	0.48430368
359	1214	0.43436915
359	1073	0.36326677
360	1303	0.99852014
360	2470	0.98818946
360	1204	0.92336416
360	2723	0.8167357
360	260	0.7982412
360	2097	0.64992297
360	2617	0.57705396
360	1580	0.5437881
360	3114	0.54288083
360	2429	0.52305543
361	635	0.7480868
361	996	0.5904522
361	3211	0.57616186
361	3101	0.40484673
361	1197	0.1456387
361	331	0.10408494
361	480	0.09211522
361	2863	0.08066741
361	2425	0.0747695
361	1346	0.06598401
362	3357	0.9863553
362	891	0.91580623
362	2599	0.8593999
362	861	0.84212005
362	2427	0.841849
362	3418	0.8291501
362	1673	0.7191612
362	1544	0.6767466
362	356	0.5395371
362	3159	0.48637542
363	3300	0.9987503
363	441	0.9987303
363	223	0.9984728
363	2010	0.9905732
363	928	0.9842266
363	1243	0.9804952
363	1089	0.970186
363	293	0.96335196
363	1213	0.95954555
363	3159	0.9483757
364	2433	0.9951471
364	2686	0.9949468
364	2329	0.9925883
364	2706	0.9797115
364	356	0.9733332
364	1176	0.9682807
364	1193	0.9448739
364	2580	0.8317136
364	144	0.7838948
364	2159	0.7066452
365	802	0.99996614
365	605	0.9991722
365	2571	0.9973981
365	356	0.9887079
365	2291	0.9700311
365	11	0.96225166
365	2490	0.9418694
365	353	0.8434591
365	2316	0.8160354
365	1265	0.7936584
366	2947	0.9973718
366	480	0.99188614
366	2132	0.98539007
366	947	0.97365344
366	2857	0.9717901
366	913	0.960065
366	1225	0.93915254
366	3363	0.9138115
366	1234	0.9083917
366	1196	0.9034649
367	915	0.99976724
367	1307	0.9996365
367	357	0.999373
367	899	0.9975152
367	2243	0.9740801
367	1571	0.9563089
367	898	0.9278792
367	1380	0.92537713
367	3067	0.9197097
367	912	0.8108177
368	47	0.99758434
368	3253	0.9948936
368	1735	0.99219906
368	1883	0.9689845
368	1476	0.95944613
368	707	0.9553281
368	608	0.94596064
368	1095	0.9194048
368	2763	0.919163
368	3107	0.90801334
369	1394	0.9756156
369	2716	0.964069
369	1663	0.94607985
369	2001	0.94257253
369	1747	0.93639135
369	1380	0.91177756
369	1230	0.9056023
369	356	0.90446454
369	2100	0.84132427
369	2518	0.80697143
370	3113	0.99801826
370	2028	0.98871064
370	356	0.9288826
370	1127	0.922348
370	480	0.86743605
370	2572	0.85237896
370	2688	0.836359
370	608	0.6976442
370	2700	0.43897069
370	1213	0.336677
371	1080	0.9966129
371	2628	0.9870136
371	348	0.98537123
371	2571	0.9844957
371	2300	0.9728303
371	1244	0.9422009
371	2890	0.9316074
371	1257	0.8535187
371	125	0.8162745
371	2599	0.7384898
372	2617	0.99941206
372	1831	0.9987546
372	3256	0.99435866
372	2671	0.9862038
372	2916	0.96896815
372	3247	0.9655206
372	2335	0.9600518
372	3248	0.94067967
372	339	0.9315763
372	1592	0.86563647
373	1196	0.97040105
373	1197	0.9427936
373	480	0.8886719
373	1291	0.68300474
373	1580	0.67859215
373	1200	0.2471703
373	2087	0.19017017
373	1374	0.16423106
373	1073	0.15972069
373	1240	0.13910836
374	1262	0.99999744
374	2987	0.99876994
374	2871	0.9934326
374	457	0.9688157
374	2944	0.948097
374	1240	0.9335848
374	1220	0.9318125
374	3418	0.84924734
374	1641	0.81775093
374	733	0.7768105
375	2852	0.99973416
375	858	0.9993508
375	1193	0.9979743
375	1097	0.99717677
375	3160	0.9891298
375	1288	0.9508143
375	318	0.88687587
375	111	0.8025949
375	1672	0.6642521
375	1259	0.6258536
376	1617	0.9999658
376	3203	0.9991832
376	296	0.98185754
376	2094	0.9744045
376	2028	0.93784297
376	1513	0.93294567
376	3409	0.9145723
376	480	0.8455434
376	3173	0.81052905
376	2959	0.79424083
377	2947	0.9998943
377	1610	0.99925405
377	608	0.9990567
377	3104	0.9973816
377	47	0.99711
377	457	0.9968857
377	1	0.99673164
377	1221	0.99563974
377	1276	0.9826319
377	6	0.98039
378	2396	0.99960196
378	1196	0.9931166
378	608	0.9866824
378	34	0.9376538
378	296	0.79984283
378	58	0.76352024
378	1619	0.6179768
378	1357	0.5197615
378	1704	0.42198357
378	318	0.3224066
379	915	0.999052
379	916	0.99803895
379	2497	0.99767387
379	1680	0.9060327
379	3299	0.6859516
379	1721	0.6661835
379	2396	0.66440743
379	1035	0.5027407
379	908	0.35426253
379	110	0.30568087
380	1270	0.99837935
380	1127	0.99534106
380	1914	0.9944786
380	1641	0.9940684
380	2686	0.9749452
380	2762	0.9743144
380	2384	0.95402575
380	2028	0.93909085
380	2282	0.9367552
380	2672	0.9045286
381	1253	0.9999635
381	541	0.99778366
381	1206	0.99136615
381	2628	0.8196287
381	1944	0.70524377
381	260	0.6873763
381	858	0.6367794
381	1097	0.58704996
381	2664	0.55127615
381	2287	0.51902694
382	539	0.99997216
382	597	0.9990787
382	2396	0.99757344
382	587	0.9974666
382	1357	0.9966768
382	1678	0.9952818
382	446	0.99480677
382	1393	0.9896996
382	1639	0.98837245
382	2100	0.9852106
383	1391	0.9950269
383	2337	0.5678173
383	110	0.4841338
383	3260	0.46568212
383	1696	0.39791015
383	527	0.16769478
383	2533	0.12304032
383	480	0.112372726
383	2318	0.08430049
383	2532	0.07676974
384	2016	0.9993787
384	2038	0.8395306
384	558	0.6521573
384	2080	0.6408819
384	1287	0.4744825
384	1097	0.37044162
384	1032	0.35496008
384	3268	0.17989361
384	432	0.108879864
384	1198	0.09124097
385	1610	1.0
385	1527	0.99976575
385	318	0.999668
385	2916	0.99962586
385	593	0.9992229
385	1197	0.99874496
385	1358	0.998332
385	527	0.9976259
385	589	0.99567115
385	2006	0.9856806
386	574	0.9985354
386	1414	0.94775224
386	1916	0.93455654
386	25	0.9045744
386	380	0.8844923
386	833	0.87126005
386	3255	0.85715806
386	21	0.81317055
386	1677	0.81148267
386	3252	0.7939025
387	1294	0.99492127
387	2171	0.98806
387	1211	0.95133424
387	2108	0.9328457
387	1230	0.917433
387	1197	0.85039425
387	1721	0.8140043
387	1963	0.7616788
387	25	0.6944417
387	2023	0.67657113
388	3068	0.998997
388	1231	0.99769783
388	1238	0.9960918
388	2348	0.962587
388	2804	0.9573736
388	1962	0.87685466
388	1242	0.83775187
388	3104	0.6406951
388	1960	0.60857147
388	2020	0.57334864
389	527	0.99991155
389	2028	0.9995836
389	589	0.9947594
389	1183	0.98318243
389	3114	0.9773631
389	1428	0.94860905
389	61	0.8971841
389	3147	0.8927601
389	2276	0.8616227
389	1250	0.8573915
390	2713	0.9879118
390	70	0.91298825
390	2787	0.7974814
390	2700	0.67993784
390	1200	0.34633595
390	1961	0.24025911
390	247	0.21453536
390	1968	0.20675507
390	1324	0.17603025
390	2514	0.12819365
391	1252	0.999986
391	911	0.9998703
391	3217	0.99798137
391	1627	0.9940692
391	1267	0.980856
391	2583	0.979128
391	480	0.97904396
391	1721	0.93694794
391	1918	0.9354217
391	1086	0.9085225
392	141	0.9936367
392	164	0.99015796
392	474	0.9740416
392	1252	0.93861884
392	1343	0.9344963
392	2973	0.9001415
392	2492	0.8987486
392	2915	0.8700681
392	2028	0.8364761
392	2694	0.83152914
393	1247	0.9996691
393	3072	0.99753916
393	608	0.99596727
393	2303	0.9953854
393	1344	0.9952054
393	1207	0.99037
393	1179	0.98488045
393	25	0.970775
393	1950	0.94208354
393	2596	0.9403274
394	50	0.99846506
394	2278	0.8756987
394	1089	0.7506367
394	2334	0.5771312
394	2763	0.48747927
394	1061	0.47561845
394	1201	0.26605496
394	1214	0.22187775
394	3418	0.17417943
394	2490	0.15517524
395	104	0.9999702
395	2028	0.9919504
395	441	0.9699096
395	1	0.96980095
395	2335	0.95205235
395	3114	0.83435535
395	1569	0.7391901
395	2324	0.67959005
395	110	0.65873456
395	1265	0.5559205
396	348	0.999984
396	1193	0.9997647
396	2918	0.9992367
396	1704	0.9988929
396	3072	0.9937613
396	912	0.9932934
396	892	0.98420227
396	1177	0.974725
396	1183	0.9675543
396	2303	0.96567225
397	2916	0.9999937
397	1210	0.99946654
397	2000	0.9987923
397	1127	0.99601406
397	593	0.9915705
397	1275	0.99091065
397	1610	0.9898366
397	2762	0.9674978
397	318	0.95895845
397	3300	0.91295934
398	555	0.99941254
398	349	0.99812806
398	2194	0.9969139
398	1610	0.996807
398	2000	0.9938847
398	474	0.9925598
398	1294	0.98654115
398	1912	0.9707116
398	3301	0.9634769
398	457	0.9612912
399	1127	0.97757435
399	2826	0.6872578
399	3114	0.67067397
399	1197	0.56551677
399	2599	0.51957333
399	3298	0.5159908
399	2759	0.47183156
399	2707	0.44545257
399	1036	0.23370415
399	2883	0.14786547
400	1222	0.99982953
400	3210	0.9951047
400	2915	0.8265945
400	2804	0.81814426
400	1302	0.7917501
400	1285	0.7458106
400	2791	0.7429415
400	1968	0.62970114
400	110	0.2277228
400	2194	0.19702488
401	2124	0.99999917
401	588	0.9999937
401	2599	0.99772704
401	1225	0.996888
401	1784	0.99632376
401	1688	0.98509705
401	1544	0.8817096
401	2384	0.81537485
401	2770	0.8073478
401	2302	0.7617439
402	3108	0.9999484
402	3247	0.99985176
402	2000	0.9993906
402	367	0.99573016
402	2268	0.9956613
402	2289	0.9930155
402	910	0.99153423
402	858	0.97904634
402	3261	0.9756613
402	1542	0.9396268
403	1097	0.99974734
403	110	0.99802864
403	858	0.9969152
403	1385	0.9827361
403	2421	0.98130155
403	2804	0.9755757
403	3408	0.97035176
403	1777	0.96727586
403	517	0.96422887
403	2273	0.92752856
404	1394	0.9989189
404	356	0.99257785
404	296	0.98926485
404	2076	0.98461264
404	2396	0.98095155
404	1968	0.9782755
404	1196	0.97752446
404	1961	0.97264206
404	21	0.9653628
404	1265	0.95061004
405	1079	0.9971044
405	1721	0.99653685
405	1784	0.99228895
405	597	0.9885272
405	1294	0.98558176
405	356	0.9768874
405	2724	0.97661805
405	3028	0.9490406
405	2791	0.8805647
405	252	0.8707392
406	3253	0.9999574
406	1396	0.99964255
406	1784	0.9982418
406	908	0.998057
406	1792	0.9883216
406	2125	0.9830631
406	1358	0.9809351
406	1270	0.9797282
406	448	0.9712701
406	1956	0.9526352
407	1265	0.98813367
407	1270	0.97277975
407	2858	0.85553396
407	1617	0.7839415
407	1468	0.7508602
407	1230	0.70316637
407	11	0.50779736
407	2863	0.4697448
407	1784	0.30740702
407	2385	0.30382133
408	3265	0.999997
408	3365	0.99902993
408	1086	0.9957377
408	260	0.99411774
408	1734	0.9812287
408	1200	0.97151065
408	47	0.9682192
408	1916	0.9615276
408	1856	0.9569076
408	1827	0.94572586
409	2599	0.9988588
409	919	0.99332625
409	1580	0.99266696
409	1805	0.98998207
409	2706	0.97594976
409	2628	0.9559318
409	1333	0.9302027
409	1194	0.9255759
409	440	0.9101213
409	47	0.89796615
410	1294	0.9999884
410	1270	0.99996936
410	934	0.9976959
410	1285	0.9952955
410	3108	0.99190545
410	1747	0.99094045
410	440	0.97375345
410	2918	0.9550028
410	3255	0.830215
410	1885	0.7570081
411	7	0.99947333
411	2915	0.9928005
411	168	0.9753666
411	2942	0.9740619
411	39	0.9699726
411	969	0.9685911
411	1580	0.96000826
411	3155	0.9398149
411	592	0.932953
411	934	0.9074744
412	1210	0.99918604
412	1206	0.99727964
412	2567	0.9872706
412	380	0.98475194
412	356	0.9801019
412	1641	0.973918
412	1129	0.9658545
412	1240	0.9657143
412	593	0.96365464
412	1562	0.9632175
413	1653	0.9995973
413	678	0.99879694
413	1396	0.9941111
413	593	0.97808063
413	1104	0.9631134
413	1393	0.9569028
413	1704	0.95249856
413	1270	0.94920623
413	3386	0.9145762
413	953	0.9086143
414	1197	0.99483526
414	527	0.98685575
414	110	0.9792844
414	2922	0.97542924
414	2944	0.90439105
414	1283	0.7623677
414	1265	0.59870034
414	969	0.4054915
414	3250	0.21662846
414	2921	0.19320852
415	1968	0.99945813
415	1094	0.99945533
415	2571	0.98972183
415	1542	0.9798381
415	1	0.940851
415	440	0.937917
415	2282	0.9316858
415	2946	0.9158718
415	2291	0.9041914
415	527	0.8697233
416	2683	0.9999715
416	2770	0.99993265
416	2694	0.99930143
416	2706	0.99735534
416	1513	0.9969505
416	3176	0.9964913
416	3160	0.9929825
416	2502	0.99282825
416	3113	0.9872706
416	2762	0.9868616
417	1223	0.9985327
417	745	0.9963105
417	2018	0.98570406
417	1028	0.8990547
417	1097	0.8928983
417	34	0.8209802
417	1210	0.80135095
417	2355	0.7558837
417	2716	0.7246285
417	364	0.71431756
418	110	0.99709994
418	434	0.9926206
418	1954	0.9882073
418	3210	0.9847272
418	1610	0.9763021
418	2028	0.96841276
418	2571	0.9674982
418	3256	0.9259785
418	1210	0.92087615
418	2405	0.80182165
419	952	0.9991066
419	1011	0.9978417
419	1722	0.9969156
419	420	0.97402
419	912	0.97291446
419	3354	0.96380866
419	1086	0.96240836
419	2355	0.96228147
419	1210	0.94022083
419	1221	0.9197074
420	720	0.9989774
420	1449	0.9979644
420	1954	0.9957999
420	2366	0.9897937
420	1036	0.9729065
420	2648	0.9663236
420	2872	0.96338856
420	1303	0.9470153
420	3074	0.9430333
420	892	0.93716085
421	1608	0.9855229
421	10	0.9701477
421	1722	0.8709999
421	2763	0.8096876
421	1393	0.7271488
421	736	0.5937877
421	318	0.5107688
421	2916	0.39521745
421	377	0.30614573
421	60	0.2776767
422	1653	0.9999858
422	3354	0.99998343
422	1584	0.9999398
422	2553	0.9968247
422	1376	0.99456257
422	2455	0.9894396
422	1199	0.98839813
422	1097	0.98535764
422	2287	0.9454984
422	2665	0.89708364
423	2759	0.99988186
423	3005	0.98939145
423	3148	0.9700807
423	923	0.9438642
423	2908	0.33415917
423	2700	0.22323632
423	490	0.10498065
423	2761	0.08827904
423	785	0.07253939
423	2762	0.060091287
424	1240	0.999916
424	1220	0.99029577
424	3247	0.9834746
424	2324	0.97790563
424	1566	0.97231704
424	2735	0.9326029
424	2571	0.92065305
424	551	0.8968342
424	2203	0.846908
424	3354	0.82092196
425	2795	0.9999255
425	1210	0.99985874
425	1196	0.99910235
425	180	0.99653363
425	1208	0.9835963
425	2194	0.96236694
425	1240	0.9442919
425	1213	0.93077135
425	2858	0.92278814
425	39	0.9204315
426	2912	0.9999943
426	1120	0.99995506
426	3298	0.99994063
426	3005	0.9971833
426	2690	0.9862296
426	2194	0.9847703
426	1513	0.95178676
426	36	0.93532676
426	3418	0.90048754
426	923	0.89840907
427	2716	0.44237682
427	2997	0.3590572
427	1035	0.29524368
427	1544	0.08726585
427	370	0.077160746
427	1707	0.032610327
427	2028	0.029085904
427	1270	0.026226342
427	3421	0.013785034
427	586	0.010223597
428	180	0.99984574
428	2282	0.997782
428	1270	0.951036
428	1784	0.9376491
428	356	0.93505174
428	2402	0.896742
428	2171	0.89111567
428	923	0.816427
428	111	0.78212273
428	2712	0.71545357
429	29	0.9922731
429	2987	0.9762673
429	1610	0.9700717
429	1625	0.9636723
429	2707	0.958743
429	2194	0.9109702
429	2013	0.9072668
429	555	0.9064636
429	2542	0.88881963
429	2918	0.8780195
430	3244	0.9984832
430	951	0.99283767
430	1721	0.9873914
430	3349	0.9789747
430	892	0.96950305
430	1680	0.93398595
430	2080	0.9215144
430	3157	0.87184167
430	932	0.8602958
430	3421	0.7648599
431	318	0.99815667
431	1997	0.9952856
431	593	0.99493164
431	1240	0.96695155
431	1274	0.96632373
431	541	0.96356845
431	589	0.96251667
431	34	0.96054673
431	2916	0.94029987
431	2797	0.9181998
432	1393	0.9999994
432	339	0.99885094
432	2801	0.9952809
432	362	0.9468357
432	539	0.91032237
432	1835	0.8907916
432	3261	0.85638285
432	1629	0.83578897
432	302	0.81302214
432	1404	0.7412596
433	1395	0.99999356
433	745	0.999931
433	2791	0.9995747
433	2248	0.9992957
433	1235	0.9972602
433	440	0.98957086
433	1	0.98770034
433	1968	0.9860754
433	1611	0.9846145
433	111	0.9819964
434	2423	0.9999958
434	2132	0.998554
434	1193	0.9957839
434	934	0.9387522
434	3341	0.9373087
434	954	0.93369925
434	2732	0.8938389
434	3088	0.8179871
434	2454	0.7907152
434	2661	0.7545671
435	1616	0.9971777
435	377	0.99671614
435	1092	0.9856896
435	1944	0.9444475
435	376	0.9305389
435	1617	0.88438416
435	527	0.8484832
435	1586	0.8212558
435	2871	0.7052078
435	463	0.6023518
436	2762	0.99867165
436	671	0.9983097
436	2797	0.9981707
436	2138	0.9942621
436	2501	0.9908741
436	2571	0.98649496
436	2077	0.9758012
436	2162	0.9643135
436	940	0.9528034
436	2100	0.9446378
437	2096	0.9999957
437	2922	0.9998965
437	2087	0.9991555
437	595	0.99871373
437	3074	0.99180657
437	383	0.99011165
437	1022	0.98113644
437	480	0.968644
437	914	0.913678
437	616	0.90424514
438	1035	0.9539283
438	351	0.9124546
438	2581	0.85286486
438	788	0.8519362
438	410	0.8510971
438	1784	0.8346527
438	52	0.83162737
438	2	0.8277625
438	1036	0.82114905
438	2324	0.79902434
439	3173	0.99982715
439	2174	0.9995972
439	1225	0.99932456
439	593	0.99866194
439	1291	0.99838185
439	920	0.9934547
439	1997	0.99322826
439	2822	0.99243164
439	590	0.99179953
439	2000	0.99158376
440	480	0.99449575
440	3107	0.99165136
440	1097	0.97380805
440	2628	0.9071161
440	589	0.6889376
440	1370	0.5027017
440	2916	0.4387039
440	1784	0.3224824
440	474	0.27849883
440	3175	0.17541903
441	1248	0.9747422
441	2455	0.9691429
441	1210	0.8904414
441	2657	0.82337403
441	110	0.45767632
441	2916	0.4208952
441	2529	0.22042254
441	1101	0.20292401
441	2948	0.17215073
441	2287	0.15513983
442	1210	0.999403
442	1259	0.99822927
442	1378	0.9976484
442	527	0.99756265
442	356	0.99359286
442	543	0.9711372
442	3072	0.95454395
442	1641	0.9114193
442	3386	0.8989651
442	2772	0.88492775
443	1466	0.99878883
443	1084	0.9987032
443	1227	0.92315614
443	2023	0.34261787
443	2280	0.14087984
443	2042	0.13104409
443	1912	0.086691916
443	431	0.050407976
443	2000	0.048178315
443	2012	0.04056719
444	1225	0.99993515
444	2085	0.999727
444	1207	0.9964609
444	1279	0.9922881
444	1250	0.9920908
444	1395	0.9867767
444	951	0.9855372
444	1228	0.9801448
444	2716	0.97716963
444	892	0.96868145
445	924	0.9999722
445	3354	0.99856037
445	1676	0.96782494
445	2533	0.9453448
445	2455	0.87145907
445	2640	0.64501417
445	1215	0.62859493
445	2657	0.6040662
445	1953	0.5342872
445	2628	0.48848075
446	745	0.9999957
446	2943	0.9996341
446	1029	0.99950707
446	1204	0.99705267
446	899	0.99457157
446	2067	0.9894128
446	923	0.9877411
446	2065	0.98649627
446	920	0.984957
446	1188	0.98432577
447	2852	0.97969043
447	3296	0.906998
447	3169	0.8425403
447	2352	0.6843989
447	1238	0.65572685
447	1217	0.6530286
447	2313	0.46099386
447	3098	0.35741788
447	1193	0.35497034
447	2929	0.3444528
448	2976	0.9983121
448	2628	0.68835187
448	527	0.59765977
448	2762	0.5446818
448	1094	0.34875026
448	587	0.2916602
448	2336	0.25349587
448	3147	0.20828074
448	2712	0.13533708
448	2858	0.12554303
449	1702	0.99626386
449	673	0.98012614
449	653	0.9758167
449	2987	0.808037
449	788	0.54256785
449	480	0.40057963
449	1009	0.35714927
449	1175	0.2809061
449	1210	0.21813318
449	1198	0.14557827
450	1230	0.993739
450	2858	0.97462463
450	1204	0.9628166
450	480	0.96129274
450	593	0.9477358
450	1213	0.9388257
450	2054	0.9286105
450	1196	0.9277358
450	34	0.90298223
450	750	0.89468277
451	1254	0.999545
451	1247	0.9995384
451	1262	0.99918306
451	1674	0.99797297
451	3194	0.99268425
451	1389	0.99065435
451	1208	0.98972726
451	1617	0.9894709
451	515	0.98193604
451	1080	0.9768256
452	110	0.9999205
452	1215	0.99236065
452	920	0.9885653
452	2699	0.9864464
452	266	0.9786309
452	648	0.9395969
452	1909	0.88752854
452	2710	0.84049666
452	1266	0.7759733
452	924	0.66904485
453	1291	0.99970186
453	111	0.9988371
453	593	0.9983883
453	380	0.99507225
453	2797	0.98720825
453	1294	0.98643905
453	36	0.97074044
453	3114	0.95143735
453	1240	0.9420727
453	1894	0.9393463
454	348	0.9999356
454	595	0.9979493
454	39	0.9978626
454	2302	0.9951284
454	2120	0.9925531
454	1270	0.99091
454	318	0.9883244
454	2706	0.9765432
454	2966	0.96378326
454	2137	0.94022626
455	940	0.9996897
455	1210	0.42376184
455	2858	0.15369198
455	1304	0.12046561
455	1259	0.07014644
455	750	0.03993979
455	1291	0.037691742
455	1197	0.030412644
455	898	0.022630543
455	1221	0.016906947
456	527	0.99838555
456	1231	0.9964322
456	3175	0.99625456
456	2140	0.9947965
456	2947	0.9936272
456	2009	0.99292123
456	1372	0.99233663
456	1293	0.9899479
456	1233	0.98636544
456	329	0.96445274
457	1222	0.9999018
457	2023	0.9934995
457	3104	0.99115765
457	1393	0.9727131
457	474	0.9532803
457	832	0.9504274
457	3176	0.9489844
457	353	0.8763299
457	1176	0.87631994
457	1250	0.87248677
458	110	0.9999343
458	2241	0.9997163
458	2792	0.999681
458	1965	0.93731713
458	2076	0.9223051
458	608	0.78251886
458	589	0.7041782
458	2427	0.6696415
458	431	0.6633711
458	2160	0.59068716
459	3005	0.9999291
459	2718	0.9996996
459	3408	0.99960667
459	2908	0.99837005
459	2712	0.9936948
459	1101	0.99348116
459	1944	0.96834874
459	969	0.9466202
459	2881	0.873471
459	934	0.84146166
460	1965	0.999689
460	3421	0.9993776
460	1278	0.99803233
460	1641	0.9919131
460	2657	0.9913415
460	1580	0.961995
460	1288	0.9356308
460	1294	0.9264798
460	908	0.92502046
460	2371	0.86240715
461	1968	0.99998915
461	380	0.9983564
461	1961	0.9980717
461	454	0.99432504
461	539	0.97956115
461	2470	0.95908105
461	2058	0.9551462
461	1097	0.9527796
461	150	0.9527529
461	1394	0.9522489
462	2657	0.99994886
462	2366	0.99970794
462	1035	0.998383
462	1261	0.99038637
462	2003	0.9890441
462	356	0.9724539
462	327	0.97127056
462	39	0.936967
462	1747	0.9334278
462	1215	0.9249445
463	2915	0.9992543
463	2174	0.99909973
463	2396	0.9693324
463	2000	0.9562911
463	39	0.9255749
463	2321	0.9138743
463	1276	0.8762705
463	441	0.86962104
463	2750	0.8404478
463	2390	0.75437653
464	111	0.999748
464	1217	0.99459195
464	1280	0.9911573
464	1090	0.9619063
464	1247	0.9458556
464	2289	0.8863528
464	1206	0.8300085
464	211	0.79161084
464	1233	0.75016737
464	1219	0.7434252
465	616	0.9986526
465	1214	0.9975773
465	910	0.99469817
465	296	0.98762715
465	1136	0.98482776
465	2858	0.96984804
465	750	0.9674542
465	1196	0.9589977
465	1912	0.9271176
465	2997	0.90047145
466	1256	0.9984002
466	908	0.99749553
466	2108	0.9951166
466	919	0.993955
466	2395	0.9927757
466	1875	0.98923093
466	1080	0.9817687
466	1288	0.9774008
466	915	0.9506873
466	1279	0.9466189
467	539	0.9977088
467	1286	0.9974561
467	1097	0.9952365
467	2497	0.99496275
467	339	0.9645729
467	2987	0.9542613
467	1835	0.9016987
467	2125	0.89389044
467	1344	0.8906549
467	2804	0.8812053
468	2801	0.97912073
468	2125	0.976318
468	497	0.93026495
468	933	0.8393326
468	838	0.74746484
468	3406	0.743188
468	3088	0.72187674
468	3108	0.6672475
468	2297	0.6638633
468	1417	0.65428305
469	1953	0.9998607
469	923	0.99955463
469	1234	0.9994597
469	1957	0.9982877
469	1252	0.99569625
469	541	0.9882393
469	1964	0.9852866
469	608	0.9850572
469	1949	0.9776761
469	150	0.9257027
470	2080	0.9995028
470	2081	0.99894804
470	2863	0.9974723
470	3396	0.9942355
470	1	0.9812134
470	2102	0.9794974
470	1226	0.96953267
470	2171	0.96774817
470	1265	0.9623109
470	2423	0.9374477
471	1218	0.9997747
471	326	0.9985947
471	898	0.9941513
471	1196	0.97713065
471	2628	0.9754536
471	3114	0.96333265
471	1939	0.96215236
471	519	0.95509577
471	750	0.9465618
471	2937	0.8840046
472	1270	0.99999464
472	858	0.99316347
472	1653	0.98856205
472	1210	0.9780808
472	480	0.9775844
472	1275	0.9708886
472	2916	0.96361566
472	2657	0.9560746
472	1387	0.9543005
472	2968	0.8074064
473	2565	0.9795147
473	2202	0.76099896
473	1032	0.5854577
473	271	0.58337474
473	351	0.5041184
473	916	0.26947412
473	1269	0.17846444
473	3095	0.15158981
473	954	0.07798141
473	951	0.07248101
474	1466	0.9997949
474	45	0.9796386
474	2395	0.9661142
474	1183	0.96410435
474	1476	0.9627847
474	2759	0.9468505
474	2396	0.90525603
474	3160	0.885391
474	2355	0.86549747
474	222	0.8578671
475	438	0.99906754
475	688	0.9927223
475	442	0.98802435
475	2011	0.9859152
475	2193	0.9813062
475	2405	0.97534406
475	1250	0.963426
475	1101	0.95813763
475	2094	0.95668626
475	527	0.95642805
476	2012	0.9982499
476	2011	0.9029968
476	2182	0.8787688
476	1127	0.85017055
476	2174	0.8176966
476	1	0.80327725
476	590	0.627872
476	2700	0.6248773
476	3101	0.60932636
476	3044	0.57062244
477	1722	0.9993728
477	1304	0.9980583
477	2985	0.9922831
477	377	0.98869884
477	198	0.9720598
477	316	0.9718332
477	653	0.9615284
477	3082	0.9558431
477	861	0.944318
477	1214	0.9437393
478	1223	0.99110436
478	745	0.98304015
478	858	0.8203427
478	527	0.804445
478	1219	0.65341157
478	247	0.5112875
478	2023	0.40653414
478	2762	0.34736288
478	898	0.22423431
478	722	0.1755628
479	590	0.9999537
479	380	0.9986589
479	2915	0.998186
479	1259	0.99796104
479	10	0.9949044
479	2011	0.99213463
479	2804	0.9915901
479	2406	0.98228335
479	1073	0.92214346
479	2407	0.90322226
480	2916	0.9990177
480	1573	0.99768674
480	1214	0.99446905
480	2278	0.9845793
480	673	0.9799525
480	2827	0.97684056
480	2997	0.9693929
480	1499	0.9456794
480	1207	0.91470826
480	1676	0.9132833
481	2762	0.9999262
481	1064	0.99290717
481	3257	0.98938715
481	1377	0.9840435
481	2145	0.98369336
481	908	0.9828756
481	969	0.9795254
481	1968	0.9782289
481	2774	0.97619355
481	3157	0.9726762
482	16	0.99803746
482	2146	0.9950603
482	2706	0.9322441
482	2291	0.91558516
482	435	0.91517097
482	3173	0.858825
482	1391	0.8554488
482	527	0.8491106
482	2746	0.8403044
482	3247	0.79111385
483	2236	0.9998759
483	608	0.99983203
483	1193	0.99710494
483	2712	0.992286
483	50	0.97633296
483	36	0.9714986
483	2762	0.94569504
483	3147	0.8960426
483	1213	0.8822762
483	1678	0.6341888
484	3005	0.9900726
484	1911	0.85437036
484	785	0.79531586
484	1035	0.47605553
484	223	0.18825817
484	1203	0.1473327
484	2428	0.12533551
484	2858	0.111079425
484	2723	0.09849855
484	1993	0.08441949
485	3174	0.999984
485	3421	0.99958926
485	2946	0.9991149
485	2710	0.9965265
485	2688	0.9898786
485	2805	0.98214585
485	2683	0.9049939
485	2997	0.87312984
485	2736	0.7948128
485	901	0.71504056
486	593	0.99891675
486	17	0.9930513
486	2858	0.9671979
486	2396	0.9486734
486	1951	0.87845224
486	2997	0.874218
486	1721	0.85388374
486	2321	0.78034824
486	3250	0.72580004
486	150	0.71713823
487	902	0.99941486
487	950	0.9981117
487	17	0.9592689
487	915	0.9022876
487	3101	0.84537065
487	1198	0.8114614
487	2657	0.74628794
487	904	0.5752769
487	539	0.57166135
487	1304	0.5068604
488	810	0.88495755
488	1967	0.87942326
488	2167	0.7983694
488	2560	0.72462016
488	2162	0.65697324
488	1931	0.6064011
488	2143	0.58962643
488	588	0.3796869
488	2161	0.33231628
488	653	0.19764075
489	1259	0.99630105
489	1196	0.9090266
489	1265	0.85000277
489	2125	0.4202518
489	2028	0.34418213
489	608	0.12968197
489	318	0.043821514
489	2858	0.040448546
489	260	0.031962633
489	1255	0.02937302
490	2078	0.99936455
490	2139	0.998441
490	1372	0.97779596
490	1097	0.92753685
490	1023	0.8536042
490	3033	0.33224612
490	1022	0.3107553
490	3269	0.29353422
490	3175	0.1601344
490	1367	0.13129047
491	527	0.9889333
491	2990	0.9323157
491	356	0.66171193
491	1921	0.633688
491	457	0.63253653
491	1037	0.36323878
491	1198	0.34209484
491	62	0.27034286
491	2944	0.19999209
491	161	0.18749529
492	2683	0.34387285
492	3160	0.24164006
492	3203	0.1945062
492	2599	0.12825754
492	1127	0.10962191
492	2836	0.08477995
492	3004	0.076159924
492	2976	0.06615031
492	2712	0.038214862
492	2134	0.027208209
493	2858	0.9976818
493	2966	0.99713755
493	215	0.99673676
493	1704	0.99556804
493	337	0.9923777
493	2336	0.9911853
493	36	0.98986316
493	232	0.96917266
493	47	0.95825183
493	354	0.9539647
494	1367	0.999862
494	2470	0.99927986
494	552	0.99884605
494	3175	0.99786055
494	2355	0.9898722
494	380	0.98980457
494	3210	0.9874312
494	420	0.98414385
494	2124	0.96920544
494	2423	0.96898997
495	329	0.99637014
495	1204	0.95849407
495	1682	0.77812326
495	1270	0.7142142
495	780	0.6709274
495	1097	0.66480297
495	3175	0.63985276
495	1373	0.5365193
495	1610	0.46881172
495	2641	0.34705704
496	2571	0.99982333
496	1784	0.99918115
496	260	0.9989282
496	1210	0.99282694
496	356	0.9899312
496	1036	0.9590914
496	924	0.9051012
496	1265	0.8367224
496	1206	0.6818551
496	3081	0.65453905
497	1968	0.9994962
497	432	0.96852577
497	2628	0.5872152
497	2352	0.52284634
497	356	0.45188326
497	2858	0.42462665
497	11	0.418145
497	2950	0.39099655
497	431	0.37078798
497	1093	0.19003507
498	111	0.9982172
498	923	0.9929757
498	2303	0.98731875
498	2186	0.9809493
498	3011	0.980291
498	800	0.97323155
498	1284	0.9711072
498	2019	0.96863294
498	1304	0.96752304
498	900	0.9579059
499	2100	0.99998975
499	2077	0.9977625
499	2918	0.9960748
499	2082	0.9913953
499	1291	0.9894688
499	915	0.98309404
499	2160	0.98280525
499	3359	0.9823179
499	708	0.95906293
499	1777	0.9561254
500	2080	0.99999666
500	1416	0.99947
500	1947	0.99029684
500	2096	0.84601736
500	608	0.78360415
500	1093	0.76094
500	1292	0.7447206
500	223	0.6437778
500	3072	0.4403927
500	2300	0.41477367
501	1264	0.99607265
501	2792	0.91490674
501	2028	0.9041717
501	1923	0.8806778
501	661	0.87976587
501	2700	0.8715781
501	2574	0.8680167
501	223	0.7003864
501	804	0.6681136
501	3409	0.65859246
502	2396	0.9997854
502	2791	0.9967655
502	1265	0.9934659
502	3361	0.9914045
502	1294	0.98221636
502	3363	0.93780357
502	2858	0.82197756
502	1304	0.7688315
502	356	0.5630092
502	2997	0.44059983
503	1721	0.99690616
503	318	0.990698
503	2858	0.98861545
503	2186	0.9256928
503	296	0.83641315
503	930	0.80213785
503	1961	0.7334956
503	2987	0.61767936
503	2396	0.61432683
503	866	0.4572357
504	2791	0.99928236
504	1971	0.99777305
504	344	0.9969207
504	1875	0.9925324
504	2456	0.9853512
504	648	0.977402
504	19	0.70462584
504	969	0.6610568
504	2858	0.61668164
504	1035	0.5364028
505	208	0.9998777
505	316	0.994709
505	377	0.97211355
505	457	0.9674641
505	590	0.9615454
505	1918	0.9536555
505	2094	0.9500146
505	1214	0.9402023
505	1094	0.91438663
505	924	0.89903903
506	2759	0.9989598
506	3176	0.99685305
506	2572	0.96022904
506	2023	0.8501667
506	2318	0.7617603
506	1569	0.73140997
506	2701	0.70916283
506	24	0.5977279
506	95	0.4968371
506	1586	0.442201
507	3307	0.9996029
507	3089	0.9993659
507	1228	0.99928045
507	1348	0.9960885
507	3083	0.99561167
507	190	0.9860959
507	3022	0.98565996
507	1230	0.9669201
507	2908	0.9570211
507	1225	0.9531634
508	2193	0.99995303
508	1375	0.9913341
508	2403	0.9738382
508	2641	0.9626477
508	2402	0.94506514
508	1610	0.90794194
508	2628	0.8841833
508	2414	0.8268129
508	2194	0.78997463
508	2421	0.6539192
509	162	0.9985173
509	780	0.996047
509	1457	0.9958524
509	1500	0.989099
509	3006	0.9834817
509	480	0.9729127
509	370	0.97124577
509	356	0.97082067
509	2318	0.9673878
509	588	0.9594834
510	2140	0.98288745
510	2791	0.9679619
510	1285	0.96589124
510	588	0.95260835
510	3033	0.9408286
510	610	0.9219539
510	1527	0.91501117
510	527	0.84557176
510	741	0.72043604
510	2858	0.69383717
511	3016	0.9999982
511	2369	0.9990703
511	233	0.9062444
511	1513	0.6998095
511	2598	0.5117391
511	2599	0.30732816
511	2686	0.26255733
511	1230	0.18725514
511	2395	0.15038058
511	2858	0.14504719
512	1732	0.9988525
512	2263	0.9761141
512	2762	0.9757504
512	1092	0.9633622
512	1252	0.9551612
512	695	0.94523466
512	1248	0.9287076
512	356	0.92581856
512	1913	0.91666937
512	950	0.9073981
513	590	0.9996537
513	231	0.9986628
513	3363	0.99804056
513	1214	0.993741
513	410	0.975887
513	1287	0.96668124
513	3424	0.93463695
513	3083	0.8929357
513	2531	0.8847026
513	159	0.88057256
514	3160	0.9999684
514	2713	0.9999647
514	2763	0.9999491
514	2694	0.9998903
514	2702	0.99801755
514	2485	0.9948195
514	2414	0.9715275
514	2761	0.9646696
514	1240	0.9607872
514	2502	0.9600463
515	2858	0.99994594
515	3342	0.98467445
515	1225	0.94972944
515	1276	0.9413885
515	58	0.9322815
515	1189	0.9030156
515	334	0.8856503
515	321	0.87215537
515	1	0.82030356
515	1240	0.80009663
516	3244	0.9999762
516	73	0.99624807
516	2011	0.99616677
516	1721	0.97644717
516	2918	0.9732641
516	39	0.97040784
516	1230	0.9591199
516	3185	0.9570865
516	2302	0.92778635
516	1196	0.925763
517	2707	0.999367
517	1028	0.99751854
517	828	0.99270594
517	2294	0.988878
517	2018	0.98376274
517	2539	0.9701293
517	11	0.9634434
517	1321	0.96061575
517	3206	0.95341575
517	1197	0.9287077
518	1393	0.99983287
518	1247	0.9992819
518	1946	0.9974215
518	926	0.9955136
518	1214	0.9950805
518	1203	0.9948181
518	1188	0.9891063
518	2369	0.9851678
518	2997	0.9786769
518	2870	0.97403765
519	2072	0.9999913
519	2846	0.9997575
519	1203	0.99955446
519	2792	0.99597174
519	48	0.9840473
519	3420	0.9654304
519	2036	0.91620785
519	1917	0.8854464
519	2860	0.873429
519	858	0.87014353
520	1088	0.9995244
520	2025	0.9983975
520	1367	0.9960799
520	3044	0.99477667
520	2355	0.99258184
520	1358	0.9770483
520	1199	0.9553833
520	2971	0.95361364
520	111	0.94795704
520	3148	0.9463128
521	2478	0.9996294
521	383	0.99768555
521	1617	0.99573576
521	2424	0.97846085
521	1608	0.95424855
521	3	0.9257314
521	432	0.8658532
521	2762	0.33414704
521	210	0.3107559
521	903	0.13308093
522	589	0.9998572
522	1127	0.9987437
522	1580	0.98941016
522	673	0.98474795
522	2468	0.8193141
522	558	0.73952186
522	2054	0.66181207
522	32	0.53933764
522	1831	0.34228933
522	48	0.2501892
523	921	0.97774935
523	2000	0.9670014
523	2918	0.9224255
523	1077	0.86408544
523	1197	0.8505708
523	1237	0.73813224
523	1265	0.73637986
523	1256	0.70101583
523	2804	0.57527983
523	922	0.5736189
524	176	0.9912672
524	2324	0.967997
524	353	0.94544995
524	1264	0.9282727
524	750	0.90578115
524	1136	0.88219666
524	2359	0.8816534
524	3421	0.86079925
524	1589	0.8552669
524	3173	0.84271103
525	111	0.9989652
525	1954	0.98320556
525	1233	0.8261069
525	1189	0.8227549
525	940	0.6948975
525	162	0.65717804
525	1953	0.5761634
525	780	0.52128905
525	3072	0.46188676
525	1185	0.4258163
526	1210	0.325377
526	1214	0.20860198
526	2924	0.045125753
526	1954	0.03166154
526	2872	0.030674547
526	2351	0.02882561
526	1261	0.023310602
526	47	0.019218445
526	2944	0.012598723
526	1387	0.0113482475
527	1079	0.9980196
527	2858	0.997609
527	3424	0.9971731
527	1230	0.9960886
527	3361	0.98758006
527	1136	0.928355
527	2706	0.8402403
527	2064	0.8146385
527	3355	0.80569303
527	1225	0.7536189
528	480	0.99953717
528	405	0.9926965
528	1801	0.9808403
528	239	0.97135067
528	515	0.94680786
528	920	0.9044348
528	1259	0.8959299
528	2385	0.8942816
528	1307	0.8866699
528	1257	0.87557495
529	940	0.99858487
529	318	0.99848735
529	678	0.99792135
529	1036	0.9971847
529	1250	0.9930882
529	1304	0.9901567
529	1252	0.9864176
529	1945	0.9856888
529	1952	0.98336244
529	1224	0.97791904
530	2407	0.9999886
530	2091	0.9981985
530	2288	0.9966221
530	2011	0.99599814
530	316	0.9487637
530	2553	0.93360674
530	2867	0.9321461
530	924	0.9289685
530	1242	0.88849354
530	2533	0.8607353
531	344	0.99282116
531	350	0.9925926
531	1917	0.9758102
531	1694	0.95112073
531	3052	0.88794094
531	802	0.8738532
531	1405	0.8603201
531	2321	0.8419777
531	1476	0.8385066
531	1358	0.8258486
532	29	0.9987149
532	32	0.99709535
532	1215	0.9882073
532	3408	0.98375434
532	3175	0.972816
532	1206	0.9677419
532	3300	0.9157565
532	2692	0.8596777
532	1673	0.83786136
532	2687	0.8303498
533	1246	0.9998816
533	1407	0.998077
533	1259	0.9958357
533	3210	0.99522406
533	380	0.9927006
533	2736	0.99126375
533	3271	0.98730195
533	2628	0.98212653
533	2797	0.98130786
533	2424	0.9809731
534	1393	0.9999058
534	293	0.9998021
534	17	0.98860633
534	2171	0.9827994
534	915	0.9355583
534	2168	0.8954822
534	956	0.881238
534	2802	0.84056735
534	969	0.72806203
534	58	0.71531373
535	1284	0.9943328
535	1580	0.98594844
535	1259	0.94652116
535	2987	0.88127
535	1081	0.79220176
535	181	0.7706839
535	2405	0.7366712
535	3159	0.46823436
535	2762	0.35842094
535	3334	0.32837784
536	2003	0.9983202
536	2288	0.99607503
536	2529	0.9896089
536	799	0.9822129
536	2018	0.976176
536	2791	0.97342336
536	110	0.92320716
536	1960	0.9214363
536	2403	0.82816476
536	2987	0.8086824
537	965	0.99989176
537	1230	0.99953777
537	1256	0.99949735
537	2858	0.9991806
537	969	0.999045
537	2467	0.99894166
537	111	0.9970796
537	1207	0.9950034
537	1949	0.9901908
537	50	0.9721216
538	1193	0.99999976
538	21	0.99871147
538	2728	0.99846584
538	2028	0.96245486
538	2858	0.9502274
538	1196	0.9363365
538	1287	0.91617894
538	1265	0.907189
538	3238	0.89834267
538	1704	0.7421009
539	1036	0.9992981
539	1127	0.9970521
539	2949	0.99199283
539	2528	0.9903654
539	2376	0.98234445
539	2951	0.9778553
539	1220	0.97314996
539	1527	0.96322984
539	1261	0.95813537
539	2405	0.95461863
540	1721	0.9975538
540	2700	0.9234406
540	1466	0.8718035
540	3246	0.73080134
540	2858	0.7239398
540	318	0.62476134
540	1061	0.5392402
540	2599	0.5229027
540	2628	0.41881675
540	1196	0.36778533
541	2571	0.9995648
541	924	0.9989305
541	596	0.99478424
541	2083	0.9687452
541	2393	0.9624334
541	2142	0.9520683
541	788	0.9299871
541	610	0.9198148
541	2532	0.7761853
541	2080	0.7717352
542	2427	0.97646064
542	3328	0.9341618
542	2997	0.6311988
542	2028	0.58760697
542	480	0.4347643
542	2657	0.4262388
542	1580	0.3515725
542	1527	0.34666288
542	2571	0.27539593
542	1222	0.23770204
543	160	0.998686
543	1527	0.998037
543	543	0.9972414
543	1687	0.99639916
543	2009	0.9922315
543	1240	0.9886701
543	1266	0.9867773
543	1258	0.98460793
543	1101	0.97626495
543	1909	0.97572905
544	1028	1.0
544	1266	0.9997734
544	3074	0.9943372
544	1945	0.9588829
544	900	0.8476457
544	2096	0.843769
544	107	0.7052408
544	260	0.65720856
544	1944	0.6170366
544	2067	0.61586094
545	2959	0.99738234
545	3175	0.9950346
545	3176	0.9635671
545	3005	0.9543452
545	1230	0.92466295
545	2706	0.91409653
545	2694	0.8314053
545	223	0.74295884
545	2716	0.7216039
545	2710	0.6550344
546	441	0.9876884
546	492	0.977872
546	3254	0.9617553
546	2384	0.94806087
546	1171	0.94331807
546	1265	0.93337595
546	574	0.8885199
546	1184	0.80481136
546	164	0.7962179
546	3083	0.793281
547	1196	0.99890983
547	1674	0.99635804
547	329	0.9934808
547	593	0.9899208
547	3418	0.9878782
547	2858	0.98380065
547	1259	0.9710276
547	3308	0.96321845
547	1093	0.9576877
547	1617	0.95471525
548	2160	0.9999964
548	1219	0.9951986
548	1649	0.9790522
548	2657	0.97496045
548	1327	0.9550284
548	2285	0.85157716
548	1130	0.7405327
548	2664	0.5974452
548	1213	0.5202604
548	1240	0.47666517
549	587	0.99228716
549	2858	0.95344675
549	2542	0.9155762
549	1653	0.9030255
549	1171	0.90223163
549	161	0.88302505
549	1965	0.7243239
549	2987	0.70860386
549	3173	0.7059129
549	2406	0.6901375
550	2700	0.9886959
550	1036	0.9776865
550	349	0.9766408
550	2396	0.9265773
550	2333	0.9004226
550	1017	0.89003456
550	2291	0.8874198
550	1405	0.8682412
550	1201	0.8185531
550	3210	0.81618446
551	1094	0.9998111
551	1957	0.9983616
551	1185	0.99699926
551	111	0.99656224
551	1704	0.9963447
551	1296	0.9941091
551	2336	0.9858638
551	1643	0.9830383
551	36	0.98171866
551	3408	0.9785998
552	737	0.9988774
552	1367	0.9779119
552	1320	0.96853364
552	2408	0.96422905
552	19	0.9267001
552	1961	0.90711427
552	413	0.87221575
552	2817	0.8663293
552	348	0.8656204
552	3250	0.80327976
553	3067	0.9997072
553	1641	0.9984648
553	2321	0.9936806
553	3253	0.97846913
553	2124	0.9640659
553	2243	0.9382216
553	1537	0.93634236
553	1296	0.8694856
553	2302	0.8558525
553	34	0.8549973
554	2100	0.98860264
554	481	0.96820366
554	17	0.96288776
554	2355	0.93605596
554	2541	0.71713823
554	2888	0.7061511
554	3238	0.69583464
554	902	0.6443777
554	2333	0.3923967
554	2694	0.29127637
555	3247	0.9555907
555	1562	0.8976866
555	720	0.8882686
555	1377	0.4192199
555	3287	0.37320125
555	1223	0.32299906
555	1748	0.317574
555	648	0.099901676
555	913	0.0988732
555	1917	0.09665042
556	2137	0.9996005
556	1073	0.9995118
556	2396	0.9804473
556	908	0.9781158
556	471	0.95581645
556	1077	0.9334549
556	902	0.91779256
556	1304	0.84501225
556	892	0.7895432
556	1230	0.68730533
557	2571	0.9999842
557	1653	0.9980868
557	2968	0.99750876
557	3153	0.9965819
557	1206	0.9875642
557	2529	0.98511916
557	2105	0.91356313
557	2662	0.8724332
557	2010	0.79645014
557	1253	0.777838
558	2908	0.9861069
558	508	0.97457516
558	1250	0.9485429
558	3194	0.9273051
558	3160	0.9262975
558	249	0.7845613
558	357	0.76231986
558	3217	0.7044608
558	2501	0.67313224
558	1217	0.64948833
559	3101	0.999998
559	319	0.9766807
559	2571	0.9752438
559	904	0.91996944
559	50	0.7697692
559	2891	0.75406694
559	32	0.6729046
559	1198	0.652897
559	454	0.5918311
559	608	0.58302647
560	2947	0.9999989
560	969	0.9997376
560	2993	0.999712
560	2312	0.99770015
560	1097	0.9975637
560	2527	0.9917172
560	1762	0.98972213
560	2288	0.9762343
560	3070	0.97322494
560	2278	0.9674945
561	3300	0.9999975
561	3409	0.99999654
561	3160	0.99963784
561	2959	0.99960685
561	296	0.99921536
561	3354	0.9902576
561	3298	0.98699844
561	673	0.98509264
561	2501	0.9828484
561	3176	0.98153824
562	1036	0.99942744
562	1197	0.968403
562	589	0.89452165
562	2288	0.781273
562	1946	0.7434276
562	1210	0.51726687
562	1953	0.5018595
562	1242	0.48127937
562	2476	0.3614053
562	2193	0.31066024
563	674	0.9252428
563	551	0.8675998
563	2498	0.84479433
563	1617	0.82476366
563	317	0.6738682
563	1694	0.65452635
563	913	0.62374383
563	1059	0.48156857
563	2858	0.46682668
563	107	0.44488582
564	1250	0.9993532
564	1097	0.9972397
564	920	0.9885975
564	1945	0.98413587
564	1247	0.9816208
564	858	0.9794458
564	1949	0.95304227
564	2454	0.9364237
564	2057	0.9275586
564	2728	0.82898605
565	110	0.9982942
565	608	0.9973471
565	2804	0.9505349
565	480	0.91324484
565	2628	0.8716526
565	296	0.8017465
565	1210	0.6393283
565	70	0.5860641
565	318	0.52126896
565	2028	0.37631896
566	3070	0.99996614
566	1641	0.99402565
566	367	0.989696
566	1918	0.9849925
566	1394	0.9799187
566	2321	0.96638036
566	671	0.95798707
566	2926	0.95152605
566	2144	0.9487674
566	788	0.9344343
567	2115	0.9998734
567	1721	0.99494684
567	303	0.99076384
567	940	0.9836496
567	2236	0.88495266
567	353	0.8836361
567	1552	0.8610953
567	2640	0.8037462
567	1831	0.7997219
567	2527	0.78436637
568	2028	0.99448323
568	2521	0.99198043
568	1193	0.97318435
568	903	0.9708853
568	589	0.93649983
568	296	0.92098725
568	2762	0.9169409
568	1221	0.8588145
568	2186	0.8292267
568	2000	0.7722481
569	2436	0.99476564
569	2572	0.9931094
569	2617	0.9898382
569	344	0.9728877
569	216	0.9693457
569	3243	0.9624975
569	420	0.9570037
569	357	0.91878974
569	1918	0.90019596
569	3254	0.897941
570	802	0.9940642
570	48	0.98878586
570	695	0.9680543
570	2167	0.96080387
570	2253	0.9235437
570	432	0.92109025
570	2090	0.9133549
570	2497	0.87520695
570	450	0.86381114
570	3325	0.8416285
571	1372	0.9986824
571	2672	0.9894326
571	2193	0.9870608
571	2622	0.9804871
571	1967	0.97868323
571	2968	0.970514
571	258	0.8791791
571	2797	0.7754859
571	1097	0.68289346
571	1215	0.67418146
572	258	0.85514295
572	1210	0.2202433
572	2059	0.15392059
572	126	0.04947859
572	1356	0.0063287914
572	2383	0.005720407
572	1985	0.005073786
572	2513	0.0038602352
572	2031	0.0033785999
572	1373	0.00282228
573	47	0.99999857
573	3147	0.9748944
573	164	0.9546846
573	318	0.9122027
573	2997	0.753667
573	1748	0.7528217
573	50	0.6722435
573	353	0.5292494
573	1249	0.51110166
573	1089	0.3640498
574	296	0.9998501
574	2735	0.94231606
574	1198	0.8208045
574	1280	0.73923516
574	1213	0.62818766
574	25	0.55863947
574	1614	0.44181406
574	1196	0.42828172
574	1704	0.3949248
574	3046	0.3747775
575	1376	0.99781394
575	2124	0.9963544
575	1784	0.98133814
575	2542	0.9803157
575	2986	0.9502429
575	2028	0.9497024
575	2094	0.93668795
575	172	0.89152133
575	1370	0.8773949
575	1035	0.72235125
576	1584	0.9970719
576	2858	0.9858873
576	750	0.80459464
576	3308	0.60729605
576	527	0.5445027
576	1035	0.52627575
576	2997	0.48133853
576	1704	0.36389977
576	3067	0.361014
576	1079	0.3552997
577	180	0.99917644
577	2028	0.9960964
577	3256	0.9960586
577	3298	0.9858023
577	1721	0.9759215
577	454	0.95409536
577	589	0.9512443
577	34	0.8968181
577	223	0.88411736
577	1569	0.8823064
578	50	0.9999356
578	1221	0.99091655
578	1704	0.97791934
578	246	0.95624167
578	110	0.87503946
578	2023	0.864127
578	3006	0.7802154
578	2997	0.50369334
578	2396	0.44629446
578	1358	0.43281856
579	608	0.9998735
579	1196	0.99965954
579	50	0.9986285
579	296	0.99677
579	441	0.96675396
579	1036	0.95074236
579	2762	0.94156975
579	2396	0.9060652
579	2174	0.8814721
579	3421	0.88000774
580	1952	0.999989
580	2022	0.9984592
580	1222	0.99478006
580	2313	0.97467375
580	1293	0.9614042
580	110	0.8813672
580	2628	0.83233565
580	1305	0.7907556
580	2745	0.7790259
580	1228	0.7697741
581	587	0.9999665
581	2617	0.99969673
581	2355	0.9994241
581	380	0.9993305
581	2881	0.9910022
581	2671	0.9812852
581	2605	0.9730621
581	2396	0.9634254
581	2763	0.94844645
581	1777	0.9228801
582	2605	0.99975014
582	2712	0.999665
582	2828	0.9971224
582	2840	0.9920213
582	3285	0.9893609
582	1623	0.98224306
582	2770	0.9794394
582	2572	0.97239786
582	2119	0.9496206
582	2861	0.91581064
583	524	0.99999917
583	110	0.9991379
583	3418	0.9976841
583	1395	0.99429387
583	480	0.99332696
583	2401	0.98790026
583	1179	0.9871106
583	3252	0.98470545
583	3308	0.9782162
583	2146	0.9729867
584	1704	0.9972855
584	2858	0.989321
584	608	0.9037756
584	2406	0.8729815
584	2445	0.8427783
584	2028	0.6621096
584	1225	0.6159359
584	3189	0.4955396
584	3418	0.45614627
584	592	0.45156807
585	480	0.9943229
585	2542	0.9878414
585	1617	0.9858808
585	1573	0.98418725
585	1265	0.9439368
585	1653	0.8305986
585	2012	0.77893806
585	3298	0.7307069
585	1358	0.6652651
585	849	0.6280897
586	1291	0.99702287
586	924	0.99540263
586	2401	0.9953989
586	1233	0.94068706
586	1250	0.86818933
586	480	0.8162064
586	1036	0.7902875
586	356	0.7807386
586	1198	0.6292902
586	2916	0.6185107
587	785	0.9999219
587	3160	0.99757075
587	344	0.96525085
587	2599	0.959108
587	417	0.92004967
587	1378	0.9199586
587	2476	0.8815745
587	543	0.8724566
587	2694	0.8630698
587	555	0.8576338
588	1641	0.99463725
588	2926	0.9832125
588	1247	0.9828807
588	1172	0.98070836
588	2313	0.9574472
588	1240	0.9508845
588	2206	0.94054353
588	2763	0.92706954
588	356	0.8746679
588	1095	0.86024714
589	34	0.9810842
589	745	0.9710323
589	1210	0.9522989
589	1	0.8773997
589	2396	0.8507787
589	2248	0.50643367
589	1197	0.29436702
589	2791	0.12288469
589	588	0.07553989
589	527	0.060263544
590	2599	0.9999901
590	2997	0.9992083
590	1639	0.9985961
590	1089	0.99622726
590	1719	0.99339336
590	318	0.9931349
590	1361	0.98768693
590	290	0.9852873
590	242	0.97488177
590	2282	0.93873733
591	2997	0.9999125
591	928	0.99984944
591	1625	0.99890155
591	2100	0.9942789
591	296	0.97894156
591	2396	0.9677001
591	47	0.9674009
591	1095	0.950148
591	3147	0.94671065
591	2716	0.9322426
592	1888	0.9971922
592	5	0.9833027
592	608	0.9321842
592	1647	0.92517364
592	1627	0.90769434
592	1380	0.791015
592	1704	0.6922074
592	1210	0.6191926
592	1061	0.5377778
592	1196	0.1899246
593	3160	0.99997234
593	2908	0.99989676
593	1678	0.99977684
593	2231	0.999735
593	194	0.9987452
593	508	0.9965139
593	1719	0.99462795
593	1213	0.99078226
593	2427	0.98066914
593	1594	0.9697733
594	2724	0.99999905
594	1265	0.9999939
594	3257	0.9940373
594	46	0.9912665
594	3358	0.9904548
594	1276	0.9843986
594	905	0.9545704
594	1513	0.9494882
594	1393	0.92429304
594	2935	0.9238134
595	520	0.99982154
595	150	0.9997516
595	1747	0.9995366
595	500	0.9993444
595	1485	0.9944742
595	296	0.9931264
595	141	0.9828137
595	896	0.97278726
595	2321	0.9667058
595	1923	0.95006853
596	2160	0.98120797
596	1965	0.97882307
596	2455	0.8889328
596	356	0.7987131
596	2657	0.7177643
596	2456	0.666746
596	1215	0.60005885
596	1673	0.5848305
596	2571	0.46508467
596	2664	0.45700094
597	2770	0.9999397
597	2392	0.9916309
597	2355	0.9882233
597	2702	0.9759377
597	1097	0.9391333
597	2605	0.87397486
597	1215	0.84264183
597	1093	0.8007978
597	2828	0.72291577
597	2975	0.60614246
598	3005	0.99999964
598	2840	0.986433
598	2734	0.97372115
598	3355	0.95345825
598	2433	0.8505885
598	2881	0.84682
598	3179	0.76882756
598	2336	0.76686037
598	1093	0.7007215
598	2712	0.60533303
599	1221	0.9992516
599	1228	0.9972144
599	1084	0.98362905
599	1617	0.9706763
599	1233	0.78581977
599	1259	0.7427168
599	1953	0.6066949
599	3011	0.3090467
599	2023	0.30282044
599	1945	0.27478302
600	2908	0.9739013
600	3005	0.97374237
600	2770	0.63256085
600	2881	0.3304528
600	471	0.19900596
600	1513	0.18518308
600	2762	0.16248521
600	3072	0.1452952
600	1950	0.13518313
600	3051	0.114721894
601	587	0.99088645
601	2105	0.9876305
601	1414	0.9790193
601	1091	0.9734146
601	2706	0.95264816
601	293	0.94153583
601	588	0.9361677
601	21	0.9334582
601	265	0.9208776
601	1391	0.8875793
602	2009	0.9993292
602	1240	0.98955834
602	2968	0.9652349
602	512	0.9583291
602	2364	0.63610506
602	24	0.5081553
602	2665	0.50647676
602	3417	0.4579181
602	316	0.45333263
602	2533	0.43289793
603	1042	0.99973786
603	597	0.9996827
603	1569	0.9940673
603	524	0.96232796
603	2671	0.95940137
603	1	0.90533745
603	110	0.8639683
603	3100	0.8551358
603	292	0.8475286
603	339	0.8334981
604	24	0.99997956
604	3174	0.9971861
604	1748	0.98714757
604	2710	0.97930956
604	785	0.9577079
604	2012	0.89142823
604	2723	0.85627985
604	3160	0.75315726
604	2572	0.6464894
604	1220	0.62617576
605	2353	0.99996233
605	350	0.99992657
605	231	0.99983
605	376	0.99975157
605	3176	0.999408
605	500	0.99851954
605	1645	0.998273
605	2706	0.99760526
605	3189	0.99748063
605	595	0.9973649
606	588	0.9967858
606	3397	0.99431705
606	2918	0.9918883
606	1261	0.9801522
606	2687	0.96401227
606	1080	0.92558235
606	2355	0.90596616
606	2302	0.86027324
606	2761	0.8155508
606	1278	0.7410444
607	527	0.99795103
607	1213	0.99770546
607	2501	0.99336123
607	2997	0.97581005
607	3246	0.9593276
607	345	0.9164134
607	1203	0.90446854
607	1617	0.81365466
607	50	0.7724924
607	3418	0.741575
608	2890	0.9998894
608	69	0.99920005
608	1343	0.9801165
608	2513	0.9715867
608	36	0.94158614
608	1408	0.94000703
608	497	0.9115387
608	101	0.9113095
608	891	0.855827
608	1895	0.8398389
609	2916	0.958334
609	260	0.94654644
609	1721	0.85282075
609	318	0.70739293
609	3079	0.29803032
609	2858	0.24280974
609	2959	0.18009815
609	1625	0.17666444
609	1653	0.14447838
609	329	0.09253898
610	1199	0.999997
610	318	0.9997046
610	1288	0.9994987
610	924	0.9993743
610	1208	0.99865246
610	3072	0.9960513
610	296	0.9956784
610	1265	0.9949807
610	1965	0.9937442
610	1299	0.9923141
611	912	0.99937415
611	1	0.9877508
611	2881	0.9862834
611	2581	0.98431313
611	223	0.97724307
611	2699	0.96186817
611	1663	0.9518374
611	2454	0.9457197
611	345	0.93642604
611	1253	0.9358604
612	1965	0.9999654
612	551	0.9999324
612	908	0.9995029
612	661	0.98149693
612	1035	0.8815914
612	893	0.8814727
612	144	0.87114227
612	70	0.49459627
612	1912	0.39218044
612	2160	0.2856904
613	1968	0.99940467
613	2150	0.9828037
613	3104	0.972155
613	3210	0.968622
613	1090	0.95712644
613	1242	0.9419483
613	2020	0.941741
613	1307	0.9149363
613	2352	0.89607763
613	1079	0.8350627
614	588	0.9999992
614	1	0.9999925
614	1033	0.9997964
614	1024	0.99839175
614	60	0.99677575
614	594	0.89988613
614	1848	0.8266705
614	1299	0.47336224
614	596	0.43418646
614	2096	0.4108466
615	849	0.99950695
615	1079	0.99757314
615	1250	0.9902102
615	1207	0.9831368
615	1	0.96777475
615	3037	0.91172326
615	1387	0.82387125
615	2028	0.71634036
615	923	0.59893733
615	318	0.5887649
616	2241	0.99918425
616	2948	0.99723375
616	175	0.9962369
616	524	0.9915091
616	480	0.972669
616	1977	0.9639361
616	551	0.9372512
616	608	0.91319686
616	45	0.85847294
616	3083	0.7000791
617	3160	0.9998964
617	480	0.998965
617	2355	0.9810406
617	1270	0.92681897
617	1269	0.89401096
617	2997	0.88188887
617	2961	0.8200961
617	3114	0.75397134
617	2571	0.60097957
617	1221	0.55066323
618	3	0.9996085
618	144	0.99862194
618	661	0.99861974
618	2455	0.99839777
618	2792	0.99616045
618	1327	0.9874108
618	2033	0.97371006
618	2241	0.9655155
618	2003	0.96536434
618	1210	0.93016905
619	1270	0.99999666
619	1288	0.9966316
619	2918	0.9734741
619	2174	0.968516
619	1784	0.9254879
619	3363	0.8827857
619	919	0.84951174
619	1097	0.67171574
619	110	0.60953826
619	1968	0.48775804
620	1500	0.99999464
620	999	0.99968535
620	2268	0.998062
620	1377	0.9951047
620	1747	0.994861
620	6	0.9944296
620	1171	0.98612356
620	1210	0.9754443
620	293	0.97177577
620	1542	0.9713731
621	2719	0.99924564
621	922	0.99322855
621	177	0.9825747
621	273	0.9686945
621	2617	0.9552367
621	1566	0.94528925
621	3179	0.9213224
621	3157	0.920347
621	2694	0.90644854
621	2908	0.89220107
622	923	0.9999988
622	1198	0.99934554
622	1230	0.9773481
622	908	0.934652
622	1939	0.9300819
622	537	0.9185893
622	1208	0.89084154
622	2732	0.8766542
622	1704	0.8619249
622	1250	0.8564582
623	1288	0.99978316
623	1544	0.99917996
623	3178	0.99904215
623	849	0.99620414
623	1580	0.9951005
623	1261	0.99359316
623	247	0.99262166
623	1197	0.9875879
623	95	0.9817661
623	1215	0.9798255
624	1302	0.9937509
624	1285	0.99009883
624	2918	0.98824334
624	349	0.96945536
624	2739	0.89232874
624	2371	0.7825733
624	1095	0.7633457
624	377	0.71242285
624	3255	0.7062921
624	1407	0.6734437
625	300	0.99999833
625	2324	0.9999864
625	1678	0.9994178
625	1213	0.99677235
625	3418	0.9958927
625	527	0.993618
625	778	0.99274695
625	232	0.9910445
625	1358	0.9857457
625	3160	0.9827293
626	616	0.9999436
626	594	0.9999368
626	595	0.99889237
626	2096	0.9982301
626	2087	0.99404
626	1197	0.982266
626	1967	0.9648742
626	1953	0.94503677
626	2987	0.91743356
626	608	0.7472405
627	2791	0.99980456
627	480	0.98940027
627	1197	0.9869114
627	1210	0.9392967
627	2043	0.78763664
627	2161	0.56942755
627	266	0.55172366
627	1196	0.5315221
627	2453	0.52492285
627	2028	0.5212971
628	39	0.9997518
628	2599	0.9965004
628	1485	0.99299634
628	2108	0.98147845
628	2321	0.9769095
628	2390	0.94515467
628	1784	0.89609873
628	11	0.8361294
628	1210	0.8342886
628	1961	0.54015553
629	1654	0.99979925
629	673	0.99574673
629	1215	0.9949858
629	1848	0.9696882
629	609	0.87527287
629	2048	0.86535805
629	2059	0.85121274
629	2152	0.8096918
629	2143	0.80953103
629	2253	0.79213357
630	2396	0.99644834
630	1277	0.9858667
630	1680	0.97839284
630	2065	0.9455468
630	265	0.9300581
630	2858	0.85191745
630	3359	0.78107095
630	497	0.6305934
630	3067	0.5928326
630	1094	0.49122107
631	1081	0.99962556
631	2797	0.9993354
631	1617	0.99921083
631	1196	0.99849063
631	3068	0.99577117
631	910	0.98993814
631	1262	0.9897992
631	36	0.98718685
631	608	0.9871174
631	1213	0.9853966
632	2094	0.99999
632	1396	0.99833673
632	2393	0.9975214
632	1676	0.9535526
632	1747	0.9315282
632	1653	0.6066189
632	1748	0.5769123
632	2628	0.4149062
632	1921	0.30514285
632	21	0.26082796
633	3160	0.9996859
633	3176	0.9792645
633	2337	0.9713473
633	2686	0.9630364
633	3051	0.958711
633	2702	0.89863974
633	260	0.87926644
633	2023	0.7114811
633	2762	0.7077328
633	2427	0.6357093
634	2096	0.9999988
634	2018	0.9999946
634	2087	0.99963766
634	362	0.9994408
634	2082	0.9994097
634	661	0.9964624
634	60	0.97852606
634	2078	0.9771031
634	2138	0.96097076
634	1031	0.9292752
635	924	0.99523056
635	246	0.9905999
635	971	0.9867606
635	527	0.9838277
635	912	0.97609043
635	1237	0.94945526
635	3071	0.9368578
635	1244	0.926963
635	80	0.89161605
635	265	0.88595605
636	1200	0.9999424
636	2747	0.9984881
636	2717	0.993065
636	2867	0.9878253
636	2119	0.97993815
636	1984	0.97468156
636	1214	0.8882908
636	1218	0.7994816
636	1192	0.7505389
636	724	0.7473852
637	1953	0.99613124
637	1968	0.99432945
637	1020	0.986146
637	2011	0.9815067
637	1282	0.96834934
637	2416	0.95967495
637	529	0.9592248
637	357	0.9550717
637	2793	0.9380115
637	1270	0.88544536
638	2797	0.99978137
638	2248	0.9993743
638	3104	0.9989196
638	1307	0.9977933
638	610	0.9939143
638	2115	0.9903012
638	1246	0.98794484
638	1258	0.98220646
638	3424	0.9786464
638	1321	0.9491087
639	920	0.99535656
639	1127	0.9778328
639	1250	0.9660355
639	1291	0.95211184
639	3028	0.94346344
639	440	0.9372787
639	2527	0.9182267
639	2396	0.9106586
639	3037	0.88786167
639	1193	0.82299733
640	1923	0.98832476
640	1586	0.9808037
640	2912	0.9584725
640	1358	0.9045867
640	1584	0.84800524
640	1006	0.8103831
640	2028	0.801339
640	1120	0.80124867
640	804	0.6948187
640	589	0.63383126
641	919	0.9999869
641	953	0.99915874
641	1299	0.9937155
641	1196	0.9936576
641	480	0.9761962
641	1278	0.96549654
641	541	0.96298856
641	745	0.952976
641	34	0.94608337
641	3067	0.93907726
642	2451	0.9913856
642	954	0.92899656
642	3101	0.65977085
642	2500	0.51446205
642	2420	0.4808576
642	150	0.47916195
642	2121	0.4787294
642	1350	0.44361177
642	1997	0.44044113
642	2712	0.41854346
643	2683	0.999975
643	2805	0.9994272
643	3238	0.9983636
643	2492	0.99517095
643	2718	0.9578284
643	3113	0.82990146
643	2908	0.78500754
643	1513	0.7371151
643	1804	0.70168614
643	3285	0.7000026
644	2841	0.9999413
644	2683	0.9988304
644	2716	0.9984903
644	2605	0.9983398
644	2959	0.9977981
644	1214	0.9947243
644	2433	0.99084693
644	3175	0.9899667
644	3176	0.98979294
644	2858	0.9797382
645	858	0.9999822
645	1189	0.99995714
645	527	0.9926845
645	1213	0.98063135
645	246	0.9795157
645	924	0.9678395
645	908	0.9647217
645	1	0.9400317
645	1202	0.91493154
645	3421	0.8822913
646	1608	0.995701
646	1939	0.9888666
646	1253	0.9862398
646	1283	0.9623432
646	954	0.9561993
646	3418	0.93327695
646	2126	0.92945814
646	1287	0.87721854
646	3421	0.8446349
646	553	0.79899895
647	533	0.9999791
647	836	0.99358296
647	3358	0.9796177
647	377	0.97867566
647	1372	0.96514773
647	288	0.9444811
647	2124	0.93304837
647	2371	0.93090725
647	2770	0.9259932
647	2706	0.92061
648	17	0.99718344
648	3354	0.99166
648	2761	0.9852422
648	1499	0.98407876
648	2028	0.97161055
648	3409	0.86363006
648	296	0.85989916
648	1223	0.8465549
648	25	0.8372023
648	3362	0.81516576
649	2010	0.99998426
649	1387	0.99996626
649	1350	0.99987787
649	858	0.9996902
649	2717	0.999621
649	2034	0.99808776
649	1097	0.995463
649	3113	0.9873049
649	593	0.96787524
649	1221	0.9600241
650	3418	0.9994633
650	1527	0.9953882
650	377	0.98657525
650	2353	0.9787557
650	2915	0.97007847
650	1370	0.8825294
650	2470	0.8301101
650	3210	0.817389
650	2100	0.73713136
650	2804	0.7367623
651	920	0.9996027
651	2105	0.99946666
651	2657	0.9989705
651	2087	0.98016304
651	1968	0.96769387
651	1233	0.9653932
651	1206	0.96206796
651	2454	0.96112543
651	750	0.90739626
651	3088	0.88594943
652	3273	0.9999691
652	3178	0.9925144
652	2327	0.97092414
652	589	0.9320272
652	1343	0.8588798
652	2710	0.8519094
652	2023	0.824499
652	454	0.7097595
652	22	0.6333716
652	1358	0.5516886
653	3005	0.4885855
653	2355	0.4790526
653	3160	0.46469262
653	3114	0.1408296
653	3317	0.05787319
653	2269	0.030823052
653	454	0.019804329
653	2827	0.013513774
653	2707	0.0083991885
653	1784	0.0051659346
654	50	0.9990274
654	1674	0.9944147
654	73	0.99432325
654	1704	0.9885143
654	1805	0.95997345
654	2359	0.9575695
654	3107	0.8946743
654	380	0.8887955
654	145	0.8477974
654	1320	0.7978672
655	1968	0.99839914
655	2324	0.9959464
655	253	0.9932482
655	3246	0.99005127
655	2336	0.98957473
655	923	0.9660252
655	2001	0.90516365
655	2300	0.8982984
655	1294	0.85560286
655	541	0.8144991
656	1267	0.99213374
656	1228	0.99144185
656	318	0.9697267
656	2762	0.9303701
656	1284	0.92251366
656	2858	0.90966904
656	111	0.7578499
656	3088	0.68378985
656	3359	0.65257305
656	1084	0.6303817
657	2369	0.999959
657	2686	0.9995813
657	2724	0.9940017
657	299	0.9687497
657	2688	0.9475237
657	3163	0.90272593
657	3004	0.83479893
657	1911	0.81596375
657	2706	0.7330626
657	2581	0.6248116
658	2311	0.999137
658	924	0.99810106
658	95	0.9938754
658	1196	0.8637775
658	2918	0.8340173
658	2748	0.6855086
658	2174	0.6549665
658	296	0.6306789
658	1093	0.61820346
658	150	0.5520089
659	1246	0.99999326
659	3308	0.99988735
659	1299	0.999303
659	2348	0.9988533
659	1225	0.9970998
659	1228	0.9967757
659	1293	0.9953798
659	1956	0.9946364
659	1957	0.99309015
659	628	0.9930257
660	1171	0.9995472
660	2126	0.97743803
660	1271	0.9735567
660	7	0.93987054
660	593	0.92747235
660	1673	0.92598116
660	1542	0.9107171
660	3105	0.8819244
660	2723	0.8769647
660	25	0.8529256
661	1036	0.99710065
661	1210	0.97576547
661	1291	0.9366119
661	70	0.92990243
661	1212	0.8046663
661	1270	0.80156004
661	2160	0.7957709
661	2010	0.7503286
661	1264	0.7329018
661	2916	0.7212947
662	783	1.0
662	2162	0.9998975
662	2687	0.9966968
662	2399	0.9053236
662	60	0.84257627
662	1028	0.81027293
662	616	0.7912858
662	239	0.77997625
662	2657	0.73888093
662	70	0.7218137
663	1580	0.999991
663	1552	0.99929035
663	2393	0.99358547
663	70	0.9544822
663	1240	0.9198696
663	3267	0.9057364
663	1608	0.75088775
663	349	0.7069924
663	2288	0.6805678
663	1327	0.64667034
664	1250	0.9919139
664	1282	0.98889947
664	608	0.98684454
664	2662	0.9855581
664	950	0.97926784
664	541	0.976616
664	750	0.9690217
664	441	0.96290463
664	1641	0.8645651
664	1957	0.8411422
665	1214	0.99122864
665	1215	0.9873489
665	2366	0.89129996
665	553	0.8334087
665	1291	0.78639483
665	3081	0.73875153
665	1266	0.7045936
665	1278	0.6775406
665	1573	0.6610852
665	2288	0.62839264
666	1916	0.999962
666	593	0.98942256
666	2539	0.98728
666	21	0.98327184
666	1784	0.97260654
666	1885	0.9476073
666	1446	0.926244
666	1408	0.8805754
666	678	0.84685946
666	151	0.8398895
667	366	1.0
667	2455	0.99982005
667	2867	0.9936577
667	2160	0.99215984
667	1261	0.9909607
667	1979	0.9584809
667	1388	0.9561617
667	25	0.8565452
667	1333	0.820112
667	1978	0.799474
668	1580	0.9994079
668	2916	0.99889463
668	1527	0.99880743
668	589	0.9958984
668	2263	0.832857
668	1183	0.7173965
668	377	0.70227814
668	2701	0.69618666
668	39	0.6615029
668	519	0.5023784
669	1396	0.99678963
669	1784	0.99156016
669	11	0.9678649
669	3060	0.95632243
669	2028	0.89700913
669	2145	0.86441386
669	1200	0.8548919
669	1589	0.85331154
669	1566	0.83438206
669	1210	0.82819504
670	745	0.99999595
670	1223	0.9999151
670	3114	0.9998683
670	156	0.99965805
670	3416	0.99940455
670	1254	0.9991145
670	750	0.9974544
670	668	0.9973583
670	65	0.996678
670	1471	0.9927782
671	2725	0.9968679
671	2883	0.98037136
671	1248	0.97666913
671	1278	0.97643137
671	1945	0.9691348
671	1206	0.96309495
671	3201	0.9608568
671	1358	0.9537966
671	2689	0.89069355
671	246	0.8838905
672	1284	0.9981167
672	480	0.992044
672	2160	0.9815957
672	908	0.68477184
672	2455	0.6551986
672	2792	0.4557389
672	1094	0.4001459
672	1248	0.3313895
672	1286	0.28507417
672	329	0.24817446
673	461	0.99733126
673	17	0.9704062
673	1873	0.9451213
673	1408	0.9386045
673	3078	0.9225967
673	1625	0.89357936
673	1196	0.85762775
673	3268	0.8172153
673	3129	0.7672504
673	1446	0.73597616
674	1215	0.9996197
674	2359	0.9815083
674	368	0.9694203
674	1175	0.9662605
674	1527	0.87441874
674	2763	0.797045
674	1358	0.7725075
674	2268	0.7572999
674	1673	0.66171634
674	1278	0.57319725
675	3113	0.99863684
675	1440	0.99821013
675	2706	0.99725646
675	2901	0.8068973
675	1093	0.76737785
675	2722	0.67677695
675	2699	0.56464434
675	110	0.27160516
675	1965	0.17315733
675	2028	0.13270122
676	420	0.9915179
676	1884	0.9821978
676	2321	0.95359755
676	500	0.92602754
676	21	0.9078895
676	2012	0.89259946
676	1090	0.78464335
676	42	0.7086056
676	2329	0.70442665
676	1727	0.6917974
677	1957	0.999337
677	2019	0.9992942
677	908	0.9956602
677	3363	0.9866075
677	910	0.98187554
677	3006	0.9783757
677	1721	0.95797324
677	111	0.95255834
677	1213	0.94797206
677	2985	0.9464564
678	62	0.8929266
678	11	0.76438636
678	235	0.7237671
678	1917	0.70047235
678	1079	0.69420826
678	2245	0.6814707
678	344	0.67398334
678	2240	0.65811026
678	2297	0.6465432
678	1206	0.64132404
679	1278	0.99688065
679	318	0.98694867
679	1207	0.95984936
679	608	0.9514166
679	858	0.9419706
679	2700	0.8969591
679	1952	0.86503386
679	673	0.83881444
679	2524	0.7511044
679	1617	0.72775346
680	1198	0.99994516
680	1036	0.991161
680	1240	0.9813458
680	2020	0.951602
680	3203	0.8351716
680	3175	0.8012658
680	2710	0.6225878
680	1513	0.6070354
680	2700	0.57500505
680	2617	0.47295845
681	2096	0.9876791
681	745	0.9742878
681	1282	0.9563093
681	2089	0.9024347
681	673	0.8741051
681	364	0.80705905
681	2294	0.800257
681	2354	0.69951606
681	2700	0.20456278
681	596	0.20054945
682	1204	0.9999494
682	1136	0.9998883
682	2762	0.9996637
682	904	0.9995477
682	111	0.99912196
682	1219	0.99900794
682	1213	0.9975467
682	923	0.9931977
682	1254	0.9863212
682	1617	0.9481188
683	1270	0.9975984
683	2353	0.994484
683	480	0.9911464
683	377	0.96836996
683	1806	0.9615556
683	589	0.8170146
683	474	0.8152312
683	3206	0.6834439
683	438	0.67088914
683	3418	0.5783415
684	2318	0.99999607
684	2997	0.9999956
684	2959	0.99998814
684	2712	0.9999285
684	2336	0.9999041
684	2762	0.9988427
684	2395	0.9988171
684	3160	0.998332
684	2841	0.9962716
684	2805	0.9960575
685	2396	0.99435925
685	1304	0.9891546
685	2916	0.9890717
685	440	0.94362664
685	3255	0.91381043
685	1394	0.90971637
685	1127	0.8539533
685	2321	0.7845423
685	1393	0.7680878
685	2457	0.6896223
686	2762	0.9970934
686	1821	0.9750633
686	2571	0.91977096
686	1270	0.82901496
686	2791	0.7057682
686	608	0.6304571
686	2443	0.5476038
686	2371	0.39498758
686	2329	0.27612334
686	2439	0.27466148
687	2409	0.99999785
687	1480	0.99866545
687	3355	0.99862313
687	1	0.99507976
687	1616	0.99021655
687	356	0.9855267
687	3107	0.96617186
687	1391	0.9633595
687	1483	0.9291307
687	224	0.92833686
688	3196	0.99994725
688	1222	0.99752724
688	1294	0.996338
688	3066	0.9791624
688	3366	0.92258
688	527	0.9108491
688	1237	0.8004481
688	2427	0.78084505
688	2890	0.7232169
688	1233	0.6352521
689	1680	0.9972619
689	1306	0.9947375
689	357	0.9772154
689	838	0.9734191
689	2976	0.93200934
689	1307	0.9237587
689	2496	0.87106663
689	1777	0.85114217
689	708	0.8085524
689	3257	0.7945
690	1285	0.9995774
690	1200	0.99789727
690	1094	0.9965481
690	1089	0.9958019
690	1124	0.99528426
690	2000	0.9920155
690	1214	0.98938864
690	1270	0.98324347
690	1288	0.9808864
690	2648	0.97704816
691	1080	0.99777704
691	1210	0.9884318
691	589	0.9778886
691	1748	0.9583523
691	1845	0.8944676
691	3036	0.882377
691	296	0.8560896
691	1277	0.80240715
691	1610	0.7418351
691	2858	0.71237713
692	590	0.9995233
692	3104	0.99437034
692	1968	0.99343705
692	1387	0.97663355
692	919	0.9671131
692	1276	0.9604282
692	2712	0.9578765
692	1589	0.94815826
692	25	0.9420237
692	1961	0.9399111
693	2020	0.9999973
693	1957	0.9999763
693	1096	0.9995352
693	3424	0.9942457
693	1960	0.98576
693	1394	0.984733
693	2467	0.98026013
693	1270	0.95767283
693	1259	0.95195293
693	1217	0.9354977
694	2572	0.9984178
694	1590	0.9738796
694	2395	0.9150046
694	2571	0.90986514
694	2706	0.86887085
694	3174	0.83103347
694	1884	0.81556726
694	1921	0.6197951
694	671	0.61617583
694	1449	0.5935205
695	1962	0.9998802
695	2918	0.998888
695	736	0.99668646
695	3361	0.9966737
695	3189	0.99035865
695	165	0.98052305
695	2616	0.9739796
695	1562	0.967752
695	592	0.95264184
695	1616	0.9510751
696	910	0.99546504
696	1172	0.97924495
696	1188	0.9605593
696	535	0.9497759
696	3104	0.93777364
696	1527	0.9325718
696	2640	0.92625976
696	3067	0.91980743
696	2019	0.9165927
696	2947	0.89342195
697	1186	0.9999109
697	1968	0.9997052
697	2243	0.9984237
697	1173	0.9856657
697	1131	0.9781595
697	2000	0.9657309
697	3203	0.9243345
697	1264	0.8745667
697	804	0.8452196
697	1036	0.7859784
698	2804	0.9994522
698	1205	0.99930537
698	608	0.99930274
698	58	0.99653125
698	2959	0.9955151
698	611	0.99345076
698	1210	0.9764411
698	1225	0.9724593
698	2746	0.9674531
698	1220	0.9658361
699	1911	0.982033
699	3147	0.97772634
699	2058	0.97260326
699	507	0.93033755
699	1777	0.9231509
699	1831	0.91410595
699	2883	0.90182334
699	2	0.88863486
699	474	0.87398183
699	2321	0.8286369
700	260	0.99718654
700	1748	0.9961218
700	338	0.9859482
700	866	0.9668294
700	1206	0.95651424
700	1617	0.87167007
700	2570	0.7789787
700	480	0.7259456
700	1676	0.6092838
700	47	0.51964515
701	2906	0.99992096
701	3147	0.99984574
701	2028	0.9979647
701	1747	0.99770427
701	2336	0.9958676
701	524	0.9923352
701	2231	0.9903541
701	198	0.98621905
701	2580	0.9815739
701	2396	0.97014815
702	2065	0.99984646
702	318	0.9949559
702	1077	0.9865992
702	2312	0.97783756
702	3197	0.9693656
702	2248	0.9681335
702	3420	0.92329466
702	2352	0.91428995
702	2130	0.8770188
702	2147	0.857584
703	902	0.9860995
703	1035	0.98354757
703	1219	0.978985
703	1673	0.97502375
703	2024	0.81074226
703	1580	0.6452782
703	1250	0.5170362
703	265	0.4637825
703	2160	0.41918403
703	17	0.37790462
704	2701	0.9999821
704	2976	0.9994247
704	3175	0.99920774
704	3408	0.99876547
704	2598	0.99749494
704	2694	0.9940443
704	2712	0.9881235
704	2188	0.9821324
704	1961	0.96907073
704	3159	0.96006906
705	2634	0.99898696
705	2995	0.9941218
705	2028	0.97387934
705	3054	0.9531945
705	2716	0.927341
705	1918	0.882599
705	1253	0.79886067
705	32	0.794176
705	527	0.7695026
705	1978	0.6934285
706	1719	0.9999405
706	2501	0.9998303
706	299	0.9993405
706	345	0.9986048
706	25	0.9979967
706	1733	0.98630047
706	1721	0.9743422
706	1358	0.97393906
706	527	0.9712571
706	446	0.94181824
707	608	0.99948645
707	3147	0.9989307
707	2012	0.99254644
707	1358	0.9889484
707	260	0.97516274
707	1339	0.9669566
707	527	0.9567816
707	1569	0.94973916
707	356	0.94048154
707	1240	0.9284357
708	2028	0.9889984
708	2951	0.8249689
708	2791	0.8207973
708	1382	0.7400627
708	288	0.6355104
708	480	0.5998246
708	858	0.32282537
708	804	0.09859556
708	1385	0.06680426
708	1965	0.06520411
709	2120	0.99143255
709	1982	0.98791623
709	330	0.9591687
709	1991	0.9537308
709	1214	0.9142666
709	509	0.91085505
709	842	0.8723973
709	21	0.83006966
709	1653	0.8123648
709	1987	0.79940444
710	1704	0.9992249
710	954	0.98117244
710	2699	0.9696712
710	780	0.9415077
710	3081	0.9310187
710	2174	0.9242377
710	329	0.8786485
710	1649	0.85861003
710	1961	0.83689606
710	678	0.8011757
711	1269	0.99997187
711	3334	0.99934673
711	2788	0.995341
711	2384	0.9901602
711	2160	0.98604953
711	2132	0.9824884
711	373	0.9790766
711	608	0.9713181
711	1252	0.96586514
711	1968	0.96016467
712	919	0.9997773
712	1240	0.9996941
712	1197	0.9901762
712	595	0.9859929
712	1911	0.983143
712	380	0.95352876
712	1722	0.9325913
712	1587	0.91783583
712	2490	0.8940972
712	1610	0.884604
713	1077	0.9999327
713	1371	0.99982935
713	1291	0.9991132
713	2046	0.9987818
713	21	0.9974577
713	316	0.9896066
713	736	0.9864507
713	3408	0.9858526
713	1257	0.9818343
713	3361	0.9810022
714	1198	0.99887776
714	2504	0.9930506
714	2763	0.9885577
714	1625	0.9818338
714	1378	0.96837544
714	2622	0.9585272
714	3	0.95465446
714	429	0.9487431
714	122	0.94685096
714	805	0.94468164
715	1259	0.9999999
715	2692	0.99880373
715	2791	0.9970668
715	3	0.9962776
715	1210	0.9962398
715	2968	0.97631186
715	432	0.97535515
715	1965	0.9725312
715	3072	0.96738005
715	208	0.9255765
716	1909	0.99995196
716	1275	0.98724353
716	2968	0.9723618
716	22	0.96641755
716	541	0.9541897
716	349	0.946875
716	1608	0.9435317
716	1584	0.9415987
716	2406	0.9338188
716	1408	0.91426075
717	3160	0.99995893
717	1284	0.9998173
717	3354	0.99975616
717	70	0.9951646
717	163	0.99443555
717	111	0.9916898
717	3300	0.99123645
717	3357	0.9902557
717	1909	0.9861214
717	110	0.97908956
718	1895	0.99997616
718	356	0.99942183
718	1517	0.9982517
718	50	0.9964765
718	454	0.99036884
718	1617	0.9849137
718	163	0.98465776
718	1797	0.9844658
718	2762	0.9745685
718	145	0.97392094
719	3362	0.9848316
719	1234	0.9334425
719	858	0.93212974
719	1230	0.48383293
719	1080	0.28466004
719	1292	0.22251782
719	3421	0.14625052
719	1953	0.10586563
719	260	0.10239878
719	1294	0.07613981
720	24	0.9994451
720	260	0.9990103
720	1198	0.9759841
720	1527	0.95432603
720	969	0.9502423
720	1961	0.904848
720	589	0.88956714
720	2023	0.8849925
720	780	0.8760622
720	316	0.83586943
721	165	0.9704659
721	327	0.9566586
721	21	0.9344945
721	1179	0.89170885
721	1619	0.8785705
721	1196	0.87587255
721	168	0.8083006
721	1704	0.76942974
721	2272	0.76051456
721	3044	0.75470185
722	3408	0.9999455
722	1840	0.9982896
722	3255	0.99553376
722	3173	0.9811597
722	508	0.9604169
722	161	0.95361865
722	1094	0.920112
722	2725	0.9188838
722	21	0.8758574
722	2006	0.8229512
723	1210	0.98808503
723	2028	0.9857646
723	260	0.98358774
723	2571	0.86104715
723	1060	0.7280098
723	2683	0.6843655
723	2759	0.5855919
723	2712	0.49570817
723	1197	0.39764172
723	780	0.24938595
724	11	0.9921135
724	994	0.97172046
724	1339	0.9713205
724	2025	0.9600791
724	2491	0.9563025
724	1888	0.9550953
724	1683	0.95483816
724	1541	0.9083979
724	289	0.80390906
724	247	0.7845955
725	3263	0.99964863
725	1885	0.997424
725	608	0.99663985
725	818	0.9843677
725	2762	0.9828836
725	3060	0.9646083
725	334	0.9564715
725	3246	0.9503044
725	2890	0.92934775
725	1446	0.9258487
726	3114	0.99937785
726	588	0.9990444
726	551	0.99892235
726	362	0.99869144
726	3052	0.99851775
726	3255	0.996645
726	2125	0.9914087
726	1923	0.99074745
726	587	0.98953843
726	1895	0.9777886
727	539	0.9999998
727	1888	0.99935126
727	1259	0.9967203
727	1242	0.9946033
727	1957	0.9928158
727	3255	0.9850326
727	587	0.9805681
727	2424	0.9778322
727	920	0.96367836
727	1198	0.9553354
728	3252	0.9980861
728	1358	0.96133554
728	781	0.9411033
728	222	0.9358597
728	16	0.9307649
728	1171	0.8933751
728	232	0.8618046
728	2262	0.83810186
728	2291	0.7831156
728	1584	0.7768476
729	198	0.9963531
729	21	0.981462
729	849	0.95403624
729	1544	0.95111537
729	741	0.94874954
729	277	0.937087
729	1200	0.9189074
729	2912	0.9022975
729	2657	0.9020381
729	110	0.8750614
730	1278	0.99147105
730	1285	0.99081135
730	2716	0.97581863
730	1079	0.96153235
730	1230	0.94552696
730	1200	0.8965877
730	1214	0.8255233
730	1194	0.7545458
730	902	0.7431994
730	3160	0.68841016
731	3358	0.9912975
731	2108	0.96568394
731	2890	0.9481416
731	673	0.9404249
731	1188	0.91106164
731	2759	0.8768217
731	317	0.86573637
731	3087	0.7048083
731	2725	0.6843735
731	1721	0.6818797
732	1221	0.99974716
732	628	0.999707
732	47	0.99935496
732	1196	0.9986417
732	2804	0.99831235
732	608	0.9967848
732	1620	0.98932993
732	1729	0.9848123
732	1258	0.97412
732	2248	0.9662257
733	2059	0.9999751
733	2355	0.99994445
733	2311	0.98670375
733	1654	0.98372495
733	150	0.96800184
733	608	0.92664015
733	1907	0.9145075
733	383	0.9137589
733	1079	0.891534
733	1573	0.8841654
734	2770	0.996467
734	2023	0.91102666
734	303	0.78746605
734	2605	0.52352023
734	1379	0.26788434
734	2000	0.19367811
734	3175	0.188701
734	1136	0.1817232
734	587	0.12950295
734	2016	0.12520668
735	2959	0.99999774
735	2762	0.998965
735	2795	0.9986074
735	1748	0.99607146
735	1968	0.9955665
735	2321	0.9933623
735	2572	0.9733935
735	1704	0.96576166
735	471	0.9583812
735	3147	0.909469
736	1673	0.99998605
736	2329	0.99507034
736	2712	0.99153525
736	2997	0.9861971
736	480	0.96320707
736	1210	0.9506867
736	1265	0.93580616
736	1923	0.9197527
736	2268	0.9139593
736	3005	0.84860134
737	913	0.99678665
737	1527	0.9967183
737	2997	0.99452996
737	2076	0.9896722
737	908	0.98139906
737	1968	0.97985804
737	780	0.97687984
737	1089	0.97664165
737	1302	0.9599767
737	2641	0.9408669
738	1721	0.9788686
738	2815	0.93341714
738	110	0.88453496
738	1210	0.8543359
738	458	0.76418537
738	2082	0.6104448
738	2965	0.5846467
738	382	0.57952875
738	1339	0.41514596
738	688	0.39460695
739	3257	0.9978775
739	2987	0.9952451
739	593	0.99435455
739	2858	0.9720733
739	2797	0.95893943
739	1265	0.9420037
739	2871	0.90282327
739	95	0.8900635
739	3396	0.8736434
739	1370	0.85541487
740	480	0.53018516
740	1270	0.5294029
740	412	0.34133536
740	1617	0.3248632
740	551	0.20735571
740	3160	0.19122428
740	1259	0.13851768
740	2571	0.120711744
740	1721	0.07659817
740	2028	0.047429234
741	2118	0.99983895
741	724	0.9989407
741	2517	0.99738395
741	1215	0.9954888
741	2723	0.9943524
741	1321	0.99068516
741	1350	0.9866862
741	188	0.9684299
741	3081	0.94887894
741	1345	0.94203633
742	1214	0.99983954
742	1240	0.9976685
742	1200	0.98592174
742	1584	0.9461253
742	65	0.9209636
742	3250	0.8569242
742	1617	0.8460125
742	480	0.5668586
742	1599	0.55047596
742	2125	0.3840866
743	2355	0.99967647
743	1188	0.9994322
743	2094	0.9973389
743	911	0.99565756
743	3175	0.99057364
743	2171	0.9846326
743	1288	0.9790192
743	3114	0.9748846
743	1077	0.96715045
743	345	0.96510917
744	1222	0.99940467
744	1831	0.9980074
744	1378	0.9958384
744	380	0.98948485
744	1965	0.98583686
744	1379	0.9436705
744	1220	0.86965513
744	2701	0.81268096
744	227	0.81267244
744	2524	0.77547616
745	1961	0.9973928
745	247	0.06479287
745	1653	0.025300592
745	2712	0.010449737
745	1088	0.008018225
745	1246	0.007405728
745	1270	0.0073392987
745	1097	0.0070771277
745	593	0.006577879
745	1527	0.0064326823
746	1968	0.99928945
746	3006	0.9984752
746	1997	0.91443616
746	628	0.91103065
746	2396	0.8865391
746	1608	0.8740724
746	2428	0.87043643
746	517	0.79076713
746	2763	0.7384218
746	3175	0.7224988
747	3300	0.999995
747	1214	0.9994863
747	589	0.9973389
747	1036	0.9972242
747	110	0.9858384
747	3325	0.9809164
747	3316	0.9641828
747	780	0.85463643
747	1210	0.7946831
747	1127	0.78829706
748	923	0.99987376
748	908	0.99980575
748	1206	0.999018
748	750	0.9980154
748	497	0.9958915
748	3022	0.97929096
748	223	0.92807865
748	2788	0.91678643
748	3264	0.91410154
748	1941	0.80152035
749	1278	0.9997362
749	1358	0.99811727
749	920	0.9913975
749	2085	0.9880229
749	1645	0.98587275
749	1994	0.96665096
749	235	0.96542037
749	2470	0.9620609
749	3104	0.95539653
749	2137	0.9442712
750	527	0.9998755
750	1193	0.9987825
750	3067	0.99865603
750	1293	0.9983146
750	1207	0.99550426
750	3362	0.9867785
750	448	0.97815114
750	318	0.96066934
750	3196	0.95588243
750	111	0.91730106
751	1196	0.99814594
751	2750	0.98875505
751	2858	0.9846828
751	1580	0.9658488
751	47	0.90928817
751	1297	0.88165
751	1617	0.7052203
751	2700	0.6594151
751	1240	0.6122947
751	2457	0.5335606
752	457	0.9944612
752	858	0.98169243
752	2133	0.9716902
752	1198	0.95447814
752	1956	0.9407393
752	2599	0.93669
752	2253	0.9179603
752	2424	0.87912333
752	280	0.87122524
752	799	0.8669009
753	1920	0.9911542
753	2081	0.9852463
753	1416	0.96947896
753	1011	0.9598606
753	2747	0.95123446
753	3253	0.90813416
753	2137	0.8718556
753	788	0.8023208
753	107	0.7437016
753	2617	0.7435816
754	3148	0.9998781
754	3176	0.9997146
754	2858	0.9981564
754	431	0.99671066
754	2329	0.9931351
754	2000	0.9249885
754	3255	0.9236263
754	2006	0.90914214
754	1954	0.8923353
754	1019	0.88900805
755	1036	0.99975884
755	1617	0.9997091
755	1643	0.99967116
755	2858	0.9977741
755	3097	0.99468666
755	3148	0.9944527
755	2689	0.9938004
755	1247	0.9935692
755	2396	0.9921247
755	1950	0.986975
756	1210	0.9416845
756	1278	0.9411623
756	2357	0.42653927
756	2384	0.4220894
756	1291	0.3913349
756	2288	0.3613843
756	3089	0.24321061
756	2427	0.18071601
756	421	0.17784435
756	2363	0.1656684
757	370	0.9999535
757	367	0.9995048
757	2572	0.99933004
757	1377	0.99759316
757	500	0.99398935
757	3396	0.98920417
757	1500	0.98183864
757	1732	0.9700967
757	1967	0.9623512
757	6	0.89542866
758	2791	0.999788
758	1197	0.9845661
758	2918	0.97581553
758	2028	0.9697652
758	1196	0.9432652
758	1259	0.8575702
758	2795	0.41633952
758	1265	0.3828979
758	260	0.23502031
758	1080	0.18627998
759	915	0.99948525
759	900	0.99764836
759	1247	0.9967485
759	1307	0.996619
759	2108	0.9965471
759	1441	0.9895022
759	7	0.98534554
759	1269	0.9780546
759	356	0.9553496
759	1580	0.9480605
760	3083	0.9922131
760	2455	0.98884046
760	2284	0.98151076
760	1094	0.9684278
760	1544	0.9598683
760	3354	0.9546062
760	750	0.9489248
760	593	0.922135
760	2160	0.8876289
760	1225	0.76172245
761	2628	0.954794
761	1240	0.94284904
761	1876	0.9400376
761	1580	0.9100206
761	260	0.8641679
761	2985	0.7214636
761	480	0.7191158
761	1214	0.57804686
761	589	0.5612167
761	1200	0.398552
762	1097	0.999058
762	1371	0.9982233
762	1375	0.97901344
762	3156	0.9647435
762	1302	0.86168844
762	329	0.84180474
762	2021	0.7449554
762	1544	0.43711856
762	671	0.3824028
762	2105	0.3438501
763	1210	0.9992995
763	2804	0.9989269
763	1394	0.981637
763	380	0.98128414
763	1079	0.97398716
763	1291	0.8797941
763	858	0.85544133
763	592	0.81009305
763	1387	0.7573401
763	1206	0.7237656
764	2078	0.99993575
764	3037	0.99980646
764	2087	0.9993675
764	1278	0.9986315
764	968	0.9931462
764	1196	0.98859096
764	2657	0.9663234
764	3198	0.9644362
764	2641	0.95671093
764	1097	0.95606804
765	3033	0.9991617
765	1653	0.9979824
765	2918	0.9978117
765	150	0.99541414
765	1965	0.98485106
765	2804	0.98357254
765	1584	0.9811001
765	919	0.97356886
765	1500	0.8785678
765	2762	0.8228904
766	3039	0.999994
766	2915	0.9999834
766	2918	0.9997399
766	2150	0.9995172
766	2174	0.9988237
766	1394	0.99023527
766	1958	0.957667
766	3361	0.9495769
766	2247	0.8078367
766	1285	0.7759552
767	924	0.9996191
767	1831	0.9994306
767	593	0.9992807
767	1518	0.97830176
767	1019	0.95146155
767	2018	0.9303387
767	914	0.8573876
767	1597	0.84268767
767	2622	0.8361902
767	934	0.7726775
768	1527	0.9999757
768	3253	0.9999641
768	2561	0.9995092
768	2427	0.9992389
768	2297	0.9964624
768	1799	0.9901433
768	1682	0.9888683
768	2761	0.98590326
768	1356	0.9800692
768	1262	0.9695331
769	1233	0.9996496
769	1256	0.99806255
769	1259	0.99755347
769	1304	0.9959792
769	969	0.9957301
769	1252	0.98587084
769	608	0.977619
769	1617	0.9613627
769	940	0.9554441
769	1193	0.93893266
770	3253	0.9993239
770	2136	0.9982158
770	2918	0.9974428
770	2003	0.95923
770	377	0.95163715
770	2085	0.9473119
770	1711	0.9463488
770	2788	0.9239721
770	1895	0.9202831
770	924	0.9173426
771	2791	0.78002
771	1270	0.68848974
771	2455	0.3186388
771	1965	0.231994
771	1077	0.07498494
771	1957	0.06789565
771	3015	0.06770995
771	2173	0.05208212
771	971	0.04268208
771	1248	0.041765124
772	3175	0.9999712
772	1909	0.99685585
772	2598	0.99595934
772	3113	0.9957112
772	3053	0.97946477
772	2976	0.97209024
772	2599	0.9362755
772	2491	0.91858286
772	1089	0.83259475
772	2763	0.8275987
773	2694	0.9999958
773	2683	0.99974906
773	2355	0.99538565
773	3004	0.9886246
773	3016	0.9712196
773	2706	0.96840835
773	3113	0.942736
773	2541	0.860672
773	2714	0.78204405
773	2997	0.63863146
774	551	0.9920551
774	783	0.98624986
774	1377	0.97859776
774	2126	0.97752845
774	2353	0.9753391
774	1639	0.9426711
774	1240	0.9315647
774	1064	0.91519666
774	903	0.9117166
774	3328	0.89877295
775	2092	0.9993631
775	2700	0.9984951
775	588	0.99049926
775	2959	0.98717064
775	595	0.984952
775	2995	0.9817216
775	3160	0.9463269
775	527	0.9419066
775	2324	0.9215953
775	3006	0.8977803
776	951	0.99999917
776	931	0.9999769
776	913	0.99994624
776	2396	0.9999317
776	2147	0.9977341
776	914	0.9822339
776	900	0.9790871
776	2917	0.9638356
776	2024	0.9610653
776	2797	0.95987177
777	110	0.99998236
777	62	0.98876524
777	2355	0.98316574
777	3033	0.97157097
777	587	0.92483884
777	2672	0.9219374
777	593	0.9041027
777	2706	0.80005693
777	2797	0.79724574
777	104	0.78321505
778	1197	0.9999641
778	2527	0.9993378
778	2115	0.9992149
778	70	0.9970467
778	2699	0.97769845
778	2194	0.97604275
778	1375	0.9706015
778	552	0.96938264
778	208	0.96527356
778	1676	0.9255545
779	2734	0.8865104
779	2394	0.7669473
779	1911	0.63463324
779	2762	0.34758186
779	1959	0.27610528
779	1513	0.25505567
779	2908	0.25413716
779	953	0.20666769
779	2701	0.13783506
779	122	0.11915189
780	2524	0.88053125
780	1408	0.840159
780	1073	0.8078079
780	849	0.79252106
780	2399	0.75899386
780	1253	0.74386287
780	420	0.72615147
780	2478	0.6770041
780	3398	0.64293903
780	1205	0.6174816
781	3208	0.99908805
781	344	0.9988841
781	1485	0.99870574
781	2412	0.98544645
781	434	0.97654164
781	1518	0.9734862
781	2053	0.90605676
781	1320	0.89453924
781	457	0.8866168
781	368	0.8841709
782	3083	0.99505633
782	1200	0.8376216
782	661	0.5546534
782	3150	0.4150185
782	3328	0.33209956
782	3354	0.21524048
782	58	0.18579605
782	3224	0.16639057
782	924	0.075734824
782	162	0.07425046
783	2812	0.999823
783	1676	0.99635315
783	2879	0.97747546
783	1769	0.97148514
783	507	0.95989037
783	368	0.9549762
783	198	0.873973
783	2542	0.8251958
783	919	0.81358516
783	196	0.748521
784	2694	0.9999268
784	2541	0.96719897
784	2712	0.94759303
784	785	0.7879131
784	1093	0.6519669
784	2428	0.649186
784	2771	0.46020368
784	2772	0.44571972
784	1127	0.36338726
784	431	0.36332458
785	1218	0.9997257
785	1240	0.99963784
785	1196	0.99894774
785	1210	0.9988537
785	2167	0.99478626
785	1222	0.99357295
785	592	0.9888636
785	70	0.98866415
785	1587	0.9717082
785	480	0.8898151
786	1097	0.9999981
786	1214	0.99966115
786	2140	0.99818945
786	2640	0.99724907
786	1270	0.9907544
786	1748	0.9196214
786	1200	0.86271095
786	2193	0.8314246
786	1073	0.7167629
786	673	0.32541394
787	2599	0.9998559
787	2840	0.9983758
787	2581	0.9913819
787	2699	0.96981364
787	1513	0.9430866
787	3298	0.89209306
787	2580	0.8443928
787	2572	0.8227742
787	3265	0.7887771
787	1127	0.74564373
788	2622	0.9977466
788	788	0.9964292
788	1197	0.9948698
788	1831	0.9875695
788	1544	0.98532975
788	924	0.9735762
788	2	0.97258675
788	1835	0.9629797
788	1676	0.950477
788	2701	0.93125784
789	3051	0.9994787
789	2701	0.99314755
789	1513	0.97900814
789	2995	0.9481545
789	2842	0.91051024
789	2976	0.8062405
789	3421	0.680943
789	2093	0.63102144
789	2841	0.5430129
789	2392	0.383555
790	1210	0.9449408
790	1214	0.3680392
790	1997	0.21519226
790	2115	0.1516416
790	2380	0.08195752
790	266	0.07091254
790	2383	0.06662512
790	2381	0.05147198
790	380	0.047501624
790	1485	0.04285732
791	2294	0.9971093
791	1645	0.9870449
791	3020	0.98639214
791	1252	0.9829893
791	589	0.97722083
791	902	0.97213686
791	3362	0.97081065
791	780	0.9707333
791	2762	0.9695382
791	2918	0.96693766
792	370	0.9994873
792	2716	0.99444205
792	1544	0.99405897
792	3160	0.99260676
792	480	0.9892395
792	144	0.98070693
792	2606	0.97990215
792	490	0.9783323
792	3175	0.97727215
792	661	0.9723699
793	110	0.9970515
793	1674	0.99353915
793	1253	0.98287344
793	596	0.9471886
793	2087	0.93502414
793	919	0.9232334
793	1252	0.91662693
793	1396	0.90853345
793	1084	0.8943963
793	2640	0.88800234
794	1079	0.99996984
794	2746	0.99974406
794	1186	0.9976313
794	2352	0.99368
794	2248	0.9884597
794	1270	0.9566945
794	1288	0.9533103
794	858	0.9442695
794	1285	0.8264741
794	920	0.7084399
795	2671	0.9995135
795	236	0.99891675
795	11	0.998199
795	1885	0.9842189
795	1593	0.9811044
795	2321	0.9755322
795	1084	0.9495232
795	141	0.9351816
795	1193	0.9341173
795	3101	0.9301777
796	21	0.9994594
796	3361	0.9990628
796	517	0.999018
796	1079	0.99526477
796	474	0.9920441
796	434	0.93834054
796	1544	0.9176738
796	2081	0.915156
796	292	0.9134458
796	2716	0.9046392
797	357	0.9999954
797	2171	0.9934981
797	3072	0.9903226
797	2125	0.964555
797	2950	0.9318743
797	914	0.9114227
797	1088	0.8844921
797	2108	0.8829842
797	1197	0.86905193
797	1136	0.8401692
798	2717	0.9999997
798	2470	0.99985135
798	1970	0.9997884
798	2797	0.9992129
798	2378	0.99510616
798	110	0.9832442
798	1920	0.97789955
798	2657	0.9766996
798	2804	0.9756906
798	2613	0.89754546
799	858	0.99862874
799	1845	0.9969059
799	1598	0.9949908
799	457	0.9880545
799	3249	0.9865087
799	2622	0.9795996
799	480	0.96923125
799	908	0.94078624
799	733	0.927132
799	2571	0.85214674
800	2054	0.98117816
800	3063	0.9684359
800	368	0.9159044
800	1214	0.9139569
800	2720	0.9139379
800	2035	0.8902278
800	933	0.85161185
800	2137	0.8284323
800	1	0.8114794
800	2138	0.76271
801	3408	0.991166
801	916	0.9906789
801	2352	0.9893068
801	39	0.9781468
801	3072	0.9755205
801	17	0.9690707
801	1288	0.96873605
801	1304	0.964748
801	2858	0.96071
801	1513	0.95153654
802	2273	0.9999647
802	292	0.9985807
802	2416	0.9979501
802	316	0.99294907
802	1722	0.98852056
802	2478	0.98045015
802	3060	0.9795798
802	2968	0.9783744
802	2394	0.97057986
802	1641	0.9578113
803	2916	0.9997058
803	1220	0.9993481
803	1197	0.998618
803	2987	0.9920724
803	2815	0.9913621
803	1580	0.97482157
803	480	0.95544416
803	2379	0.91463405
803	2163	0.90608764
803	1136	0.86291355
804	128	0.99999934
804	923	0.9940996
804	2779	0.9912311
804	2759	0.9774017
804	3408	0.9763516
804	2692	0.9701544
804	1246	0.96651316
804	1810	0.95385385
804	3081	0.93330383
804	3298	0.91190064
805	1674	0.9996036
805	2906	0.99906397
805	2581	0.9985224
805	1721	0.9978694
805	2987	0.99110377
805	605	0.990794
805	2081	0.98736715
805	2718	0.9822835
805	1197	0.9699391
805	1259	0.95258427
806	1123	0.99986154
806	3097	0.99955267
806	946	0.97588044
806	1191	0.95524716
806	1212	0.94349945
806	1259	0.8671466
806	912	0.84649754
806	1945	0.8252961
806	1303	0.7056028
806	344	0.705035
807	2791	0.9999967
807	1968	0.9999751
807	1907	0.99951166
807	3173	0.9988619
807	2399	0.9978604
807	277	0.99658287
807	3	0.99444544
807	1580	0.9942803
807	1288	0.97164774
807	986	0.9601736
808	1210	0.9877745
808	2868	0.9869544
808	2746	0.97255754
808	2597	0.70405567
808	1291	0.5989576
808	1653	0.51562214
808	2119	0.4954931
808	1178	0.33676606
808	1987	0.32432133
808	2858	0.30177182
809	1269	0.97690964
809	201	0.9725703
809	3285	0.970283
809	2033	0.93806744
809	2793	0.8554708
809	441	0.8167781
809	366	0.7371626
809	1457	0.6828145
809	1028	0.67927015
809	1573	0.6724501
810	552	0.99897736
810	480	0.99790835
810	3175	0.9962716
810	1674	0.9935682
810	2094	0.9928881
810	1391	0.9825489
810	2617	0.9709604
810	2699	0.95294297
810	349	0.951473
810	442	0.86877394
811	1293	0.99973947
811	1224	0.9994986
811	1617	0.9994241
811	1247	0.99771255
811	1244	0.99167514
811	1225	0.9881672
811	1193	0.97585523
811	1927	0.96400326
811	1203	0.93519664
811	1147	0.9288344
812	2434	0.99972093
812	2541	0.99926174
812	2686	0.9989977
812	2770	0.9956645
812	2828	0.9923868
812	2858	0.97261775
812	2842	0.96982914
812	3176	0.9331044
812	3219	0.7346807
812	2881	0.72235185
813	356	0.9996921
813	802	0.99389064
813	2858	0.9913498
813	2628	0.97929615
813	2762	0.91824687
813	3052	0.9022504
813	2997	0.8986311
813	1641	0.85028595
813	1188	0.77727234
813	1883	0.7650529
814	1198	0.9999386
814	589	0.9623033
814	592	0.8772097
814	1200	0.80861807
814	2005	0.78887784
814	1275	0.59139377
814	2103	0.4896201
814	356	0.46092787
814	2804	0.40660712
814	1438	0.34704095
815	3016	0.9998622
815	1972	0.99984723
815	1389	0.9960089
815	2716	0.99561423
815	24	0.99502194
815	3052	0.96747917
815	2580	0.9545945
815	1970	0.953696
815	2599	0.8791243
815	2369	0.8686022
816	1179	0.9982772
816	1947	0.9971795
816	1247	0.995885
816	2648	0.991838
816	39	0.98980427
816	1094	0.98409224
816	1252	0.9838169
816	1079	0.97873104
816	1968	0.9680241
816	2657	0.9461646
817	2100	0.9993884
817	1307	0.99839425
817	589	0.9966761
817	2470	0.99576676
817	293	0.98533344
817	539	0.965832
817	708	0.9629123
817	1408	0.96078247
817	1240	0.95610845
817	2735	0.94719684
818	1544	0.9999385
818	2702	0.99934757
818	3081	0.99858105
818	2699	0.99821216
818	3052	0.9576715
818	180	0.9341426
818	1917	0.9018324
818	2976	0.83542776
818	2581	0.820912
818	1265	0.7853215
819	648	0.98984253
819	1049	0.95784026
819	260	0.8931292
819	3256	0.67731047
819	1833	0.5836443
819	1527	0.48121056
819	1608	0.2769552
819	2006	0.26044345
819	110	0.17621762
819	1370	0.122932404
820	2407	0.9995245
820	1193	0.99655443
820	924	0.9952881
820	750	0.99132895
820	2672	0.990677
820	2311	0.98993134
820	780	0.975414
820	1376	0.9631171
820	2013	0.9323212
820	1748	0.9175802
821	1027	0.5622155
821	2028	0.060496062
821	48	0.04676497
821	2087	0.024529308
821	1196	0.016836137
821	1210	0.01230225
821	356	0.010281563
821	595	0.0089714825
821	2396	0.008657306
821	1721	0.008202046
822	1198	0.99988085
822	2716	0.9818206
822	2059	0.9752797
822	293	0.96435905
822	3247	0.95353186
822	339	0.94964445
822	337	0.93514615
822	74	0.9336101
822	317	0.8934562
822	1894	0.85835534
823	3035	0.99953115
823	2797	0.9974008
823	180	0.99653304
823	1265	0.9958657
823	1466	0.9907075
823	2395	0.9882941
823	125	0.9865459
823	1257	0.9846966
823	1648	0.9822302
823	2423	0.97631025
824	1299	0.99999297
824	908	0.99950016
824	2944	0.9984666
824	1663	0.9960575
824	1262	0.9950416
824	3362	0.98847306
824	2064	0.9809257
824	2919	0.9707751
824	2069	0.966064
824	1387	0.9524135
825	906	0.99874866
825	928	0.99600923
825	1269	0.99581087
825	3307	0.9846208
825	1252	0.97818494
825	1221	0.97435296
825	1029	0.7481226
825	608	0.6978552
825	111	0.62738305
825	1260	0.58871394
826	1965	0.99323714
826	1189	0.99240637
826	2677	0.8535396
826	1041	0.7481555
826	110	0.73705655
826	1931	0.66148955
826	1361	0.64554
826	602	0.61562026
826	858	0.49211824
826	1191	0.33443075
827	1961	0.9997955
827	908	0.94971234
827	1246	0.47225842
827	3098	0.4542521
827	2076	0.38794374
827	2533	0.32242334
827	920	0.2746845
827	904	0.15637594
827	1965	0.15357953
827	1196	0.13843986
828	3004	0.9878284
828	1035	0.98277456
828	2888	0.9761416
828	1513	0.9688741
828	2428	0.96764827
828	2321	0.9237158
828	577	0.9003434
828	3174	0.7473088
828	2959	0.6968907
828	2492	0.6853643
829	1267	0.9999907
829	3334	0.99853194
829	2407	0.9964192
829	1089	0.99549645
829	1244	0.9933034
829	780	0.98919773
829	589	0.9756891
829	2949	0.973384
829	2762	0.972243
829	527	0.96322787
830	1947	0.9840787
830	3286	0.98187345
830	3033	0.9681697
830	2249	0.9448511
830	1487	0.937619
830	2435	0.86900055
830	2324	0.85085964
830	154	0.815384
830	2627	0.75647706
830	608	0.7308586
831	1248	0.99627614
831	3286	0.99205804
831	951	0.92554474
831	1969	0.91574824
831	1089	0.9080484
831	2940	0.8988754
831	2762	0.89873946
831	1961	0.70947427
831	70	0.68862903
831	891	0.6840557
832	514	0.9996294
832	2997	0.9992424
832	2795	0.98289305
832	2692	0.9782065
832	1648	0.9751794
832	205	0.9687458
832	348	0.96697146
832	2407	0.96626663
832	558	0.9377517
832	176	0.9369508
833	1873	0.83142674
833	1784	0.6072085
833	2762	0.29886502
833	1250	0.08987877
833	1270	0.070344746
833	589	0.066853315
833	1693	0.051775992
833	2858	0.039978564
833	608	0.02030024
833	2088	0.016673982
834	1094	0.99812585
834	900	0.9946247
834	356	0.97624695
834	265	0.915594
834	1680	0.9091026
834	1097	0.8699151
834	25	0.420989
834	915	0.34088263
834	11	0.33604392
834	1183	0.3145532
835	260	0.69831187
835	2096	0.64020455
835	1148	0.43617433
835	924	0.18638217
835	1214	0.16436854
835	1707	0.10446414
835	968	0.0841943
835	2665	0.08110833
835	1097	0.077792555
835	2311	0.03297028
836	1380	0.99845797
836	1416	0.6361079
836	2048	0.5130019
836	1580	0.31167263
836	3148	0.2785563
836	3285	0.20860955
836	3078	0.14403135
836	1031	0.13238141
836	1307	0.114144534
836	1760	0.10955638
837	1953	0.9998729
837	608	0.99918425
837	50	0.9962512
837	1284	0.97154033
837	969	0.95652914
837	1219	0.9553102
837	1212	0.92814803
837	1198	0.901191
837	1132	0.85324615
837	1610	0.7237887
838	3174	0.9991053
838	1748	0.99085945
838	2881	0.9848439
838	2683	0.97200173
838	2596	0.96804255
838	2716	0.962669
838	2713	0.9482164
838	2723	0.92991984
838	1253	0.87882215
838	2672	0.8717031
839	1394	0.998501
839	2268	0.9967302
839	2064	0.99194956
839	2770	0.97816265
839	1721	0.9008616
839	2407	0.89145756
839	2302	0.8672594
839	2617	0.8656634
839	1909	0.84147584
839	969	0.8292438
840	2926	0.9998715
840	2987	0.99967456
840	1207	0.9994066
840	1907	0.9983664
840	2081	0.99806154
840	3068	0.987887
840	2706	0.9823035
840	3072	0.95508856
840	1019	0.94848543
840	1148	0.93610835
841	1084	0.07582316
841	2682	0.07011548
841	1186	0.032015324
841	1936	0.029744059
841	1945	0.028972864
841	1953	0.025679886
841	373	0.02074483
841	3211	0.0192056
841	1404	0.018621773
841	1617	0.010773212
842	2686	0.9844337
842	2706	0.9728645
842	2692	0.943038
842	2707	0.62787586
842	3176	0.47294182
842	2966	0.26234776
842	527	0.25329575
842	3159	0.17948616
842	2333	0.16014284
842	1242	0.15747422
843	3087	0.9999595
843	2243	0.9984052
843	2245	0.9875086
843	1091	0.98493314
843	1569	0.97670597
843	2371	0.96841836
843	3255	0.967813
843	2597	0.92019475
843	3039	0.9158788
843	380	0.873199
844	1949	0.99999785
844	903	0.9984835
844	457	0.9964626
844	2571	0.9959879
844	246	0.9763498
844	1304	0.95040536
844	2248	0.9361022
844	1916	0.92841697
844	163	0.8746375
844	1953	0.8404585
845	50	0.99990654
845	593	0.99978197
845	1617	0.9997691
845	1610	0.99733645
845	164	0.9958365
845	1213	0.994277
845	2396	0.99381983
845	2858	0.99354696
845	1245	0.9847489
845	1206	0.9796576
846	1097	0.99675155
846	1729	0.99376005
846	3210	0.97795486
846	2088	0.94917786
846	2947	0.92131424
846	1345	0.9160571
846	2640	0.91121227
846	162	0.89054716
846	2133	0.87303734
846	1562	0.85855764
847	1307	0.99993503
847	2080	0.9998002
847	1230	0.9997994
847	1513	0.9954567
847	3362	0.99285567
847	1	0.9899235
847	2144	0.9812701
847	1136	0.97584236
847	2599	0.94527173
847	3361	0.9033674
848	1923	0.9998492
848	1223	0.9988636
848	2762	0.99864817
848	1641	0.99754286
848	2571	0.9955253
848	34	0.9887084
848	348	0.98763907
848	2278	0.9786614
848	1610	0.97205466
848	1617	0.9687357
849	1784	0.9999223
849	1968	0.99962455
849	3255	0.9992756
849	1378	0.99569917
849	2716	0.99190664
849	1270	0.9907342
849	1101	0.9899133
849	1197	0.984154
849	2706	0.9736213
849	2735	0.94473237
850	1094	0.9993237
850	1248	0.99641985
850	1256	0.99417967
850	1293	0.9146997
850	2797	0.9078953
850	2439	0.8579544
850	2028	0.8577326
850	1307	0.81588537
850	1358	0.799945
850	2390	0.76966155
851	1580	0.99968565
851	589	0.9950448
851	1653	0.97890943
851	196	0.9603975
851	1544	0.9601972
851	1270	0.94791245
851	338	0.946365
851	1590	0.94027424
851	32	0.921258
851	810	0.86697865
852	1	0.99712443
852	2918	0.99606955
852	3253	0.9735794
852	1265	0.9656307
852	2791	0.9362248
852	2302	0.9321887
852	1641	0.91266257
852	2359	0.83755803
852	1198	0.78055245
852	2396	0.7586595
853	2115	0.99999905
853	2641	0.99997866
853	2414	0.9898611
853	1663	0.9747208
853	2409	0.9687053
853	1370	0.96022224
853	2989	0.95317304
853	648	0.95056033
853	1303	0.9319875
853	2985	0.82867527
854	708	0.9989302
854	372	0.9188576
854	224	0.9073462
854	3148	0.88433003
854	555	0.83576393
854	1982	0.83536875
854	2706	0.81411374
854	2436	0.7898805
854	164	0.78885674
854	3052	0.78826046
855	1594	0.9998052
855	36	0.9897655
855	2046	0.9438511
855	1968	0.9435701
855	1517	0.93144786
855	3253	0.92555296
855	2890	0.91619563
855	538	0.90958154
855	2759	0.9051337
855	2580	0.90153193
856	3160	0.4627741
856	36	0.42567432
856	144	0.40893131
856	17	0.3034314
856	1544	0.13841012
856	240	0.09247568
856	2624	0.053389013
856	1094	0.045306116
856	1961	0.04287967
856	524	0.03824693
857	913	0.9692848
857	3097	0.94752824
857	1303	0.9378655
857	1294	0.88426256
857	1235	0.8696616
857	1254	0.8541937
857	2689	0.8414059
857	1252	0.7926978
857	590	0.765641
857	508	0.6589385
858	2321	0.999944
858	1278	0.99986374
858	915	0.9984001
858	3067	0.9975573
858	2013	0.994482
858	903	0.9931202
858	788	0.98923564
858	2428	0.98198545
858	24	0.97636735
858	3273	0.97282016
859	2606	0.99957824
859	1756	0.9993695
859	2107	0.99918187
859	512	0.98490775
859	328	0.97086656
859	2322	0.96598756
859	1590	0.96498567
859	2600	0.9166665
859	435	0.90766656
859	1653	0.8724201
860	1215	0.9971676
860	1330	0.93031234
860	2826	0.9155731
860	2550	0.6275898
860	3275	0.38187832
860	1278	0.30909544
860	3177	0.2431418
860	1345	0.2364457
860	2706	0.17976403
860	957	0.102393985
861	1259	0.9999381
861	2001	0.9993746
861	2301	0.99873865
861	788	0.99652505
861	3087	0.99648845
861	2371	0.99628556
861	2796	0.99122536
861	2100	0.9800881
861	2405	0.93893236
861	2746	0.92078125
862	919	0.9998492
862	1252	0.9996145
862	1719	0.9988054
862	2289	0.9986596
862	608	0.9827684
862	1649	0.97991806
862	1214	0.97742236
862	920	0.97645736
862	2357	0.9748793
862	562	0.9570281
863	1649	0.9999349
863	589	0.99956167
863	1953	0.99837756
863	3104	0.99788046
863	3384	0.9966122
863	2677	0.9960562
863	2000	0.97014076
863	1200	0.96101403
863	417	0.9500631
863	1046	0.94947267
864	260	0.9999927
864	1219	0.9993327
864	2662	0.999326
864	2300	0.99610347
864	930	0.98695326
864	2936	0.9728627
864	946	0.9726234
864	919	0.96941566
864	1333	0.9687251
864	916	0.95953155
865	1214	0.96994376
865	1626	0.8617877
865	2628	0.84306794
865	1032	0.83969474
865	1270	0.68663967
865	356	0.67885244
865	1264	0.5224042
865	1036	0.48657304
865	1200	0.45693028
865	2115	0.40835896
866	48	0.98434657
866	2687	0.9754118
866	260	0.7964789
866	2912	0.65962017
866	318	0.61381286
866	3409	0.57084966
866	1270	0.5147191
866	2033	0.39401883
866	2424	0.39327517
866	595	0.319615
867	1952	0.99883175
867	3363	0.99714327
867	1954	0.9723522
867	2396	0.9597287
867	1721	0.90712607
867	3108	0.8740168
867	2078	0.792323
867	924	0.76388204
867	1214	0.74844754
867	1380	0.633595
868	1999	0.9991803
868	2710	0.9927428
868	1717	0.9711385
868	2976	0.93306905
868	2513	0.9317045
868	1347	0.9090231
868	1348	0.84952664
868	328	0.8376881
868	968	0.8109474
868	2279	0.7680565
869	3418	0.99709904
869	1408	0.9878117
869	2406	0.9335295
869	1967	0.8746241
869	2640	0.8340553
869	1385	0.7935996
869	292	0.7220018
869	1876	0.6545917
869	2405	0.6320014
869	438	0.6273664
870	2072	0.987497
870	2908	0.8663547
870	1259	0.8312795
870	34	0.7413955
870	2137	0.70400643
870	3160	0.64592457
870	1231	0.56756127
870	281	0.55586886
870	1442	0.5149147
870	3206	0.49967533
871	2599	0.9909157
871	3257	0.9345492
871	1490	0.85355574
871	3016	0.732399
871	2858	0.6142175
871	3203	0.5212071
871	2688	0.5166328
871	609	0.4299922
871	2392	0.3923683
871	2828	0.38951507
872	2762	0.9997114
872	3404	0.9981421
872	1175	0.9930941
872	1219	0.99060655
872	1214	0.98330224
872	1036	0.98159707
872	2628	0.9799209
872	750	0.97509074
872	332	0.9719871
872	1653	0.9571564
873	926	0.9999851
873	2068	0.9981086
873	3347	0.9919945
873	1354	0.989619
873	1562	0.9391129
873	1193	0.92948425
873	2950	0.9186554
873	1945	0.91707957
873	246	0.88821936
873	1952	0.8878214
874	1654	0.99829686
874	1198	0.9732541
874	532	0.96914613
874	2162	0.9588499
874	940	0.95003355
874	1835	0.9196393
874	2554	0.91702944
874	1253	0.90773726
874	906	0.8180587
874	111	0.7239411
875	2997	0.999328
875	1148	0.99816686
875	1371	0.98846096
875	3081	0.9258777
875	1222	0.89978784
875	2879	0.88978064
875	2858	0.8812463
875	2028	0.7942976
875	3408	0.6716311
875	780	0.64986914
876	474	0.99957323
876	2947	0.9972358
876	2763	0.99370646
876	1953	0.99109805
876	112	0.97009075
876	1356	0.95559096
876	608	0.95259124
876	2761	0.94535613
876	2115	0.8969307
876	2949	0.8883137
877	1883	0.9999052
877	610	0.9866493
877	196	0.94202733
877	1042	0.92851555
877	1220	0.90622175
877	2792	0.9026983
877	34	0.8789952
877	1278	0.8362298
877	1722	0.82709503
877	3264	0.82622147
878	1270	0.9247219
878	589	0.88132226
878	2858	0.8675798
878	1527	0.78727186
878	312	0.64230597
878	2046	0.58030057
878	1566	0.5622478
878	1544	0.50831187
878	3354	0.46874484
878	2012	0.4398958
879	1303	0.9958004
879	2396	0.994455
879	2688	0.85787946
879	539	0.85608304
879	2690	0.7867253
879	260	0.7867242
879	1209	0.7285406
879	1172	0.7204127
879	356	0.64611363
879	45	0.6083096
880	405	0.99927664
880	1762	0.9967336
880	435	0.98476744
880	2628	0.98060346
880	1882	0.6997025
880	293	0.64068663
880	11	0.61518085
880	3114	0.5238978
880	2153	0.39859053
880	2808	0.39305854
881	3358	0.95051575
881	1769	0.88912165
881	1004	0.8640411
881	2883	0.8443024
881	350	0.8352181
881	1020	0.80544746
881	2567	0.790535
881	2282	0.7652706
881	3	0.735335
881	720	0.7331519
882	1301	0.99902415
882	3354	0.9817058
882	2232	0.97942114
882	2968	0.9767709
882	1968	0.97623885
882	2160	0.97414315
882	2692	0.961048
882	2791	0.9327097
882	2527	0.9292421
882	2454	0.8898053
883	480	0.9962301
883	260	0.9956492
883	924	0.9933826
883	3363	0.98745614
883	1580	0.96237266
883	1196	0.8475045
883	1276	0.7840475
883	2396	0.75721747
883	608	0.71151435
883	3421	0.6835959
884	914	0.99989825
884	1645	0.9998789
884	1892	0.9871247
884	589	0.9725212
884	1198	0.96868014
884	150	0.9667834
884	2542	0.9141182
884	1997	0.9106764
884	1278	0.88340247
884	2324	0.8829384
885	2125	0.99976015
885	551	0.9988545
885	262	0.998771
885	232	0.99593234
885	329	0.99580574
885	1639	0.9939393
885	608	0.99158496
885	2683	0.9877129
885	34	0.9586071
885	595	0.94861746
886	3007	0.16451377
886	3083	0.1499305
886	3287	0.12012869
886	1827	0.09831259
886	1197	0.09384817
886	2965	0.0805884
886	1270	0.050033987
886	3157	0.042163104
886	3177	0.03441122
886	1097	0.025064915
887	1641	0.99999714
887	1682	0.9989065
887	21	0.9965031
887	47	0.99588704
887	2396	0.99533457
887	1393	0.995299
887	1834	0.9918015
887	246	0.98868084
887	497	0.9847044
887	2916	0.9779006
888	588	0.996874
888	2321	0.9965768
888	1405	0.98201334
888	457	0.9300525
888	1566	0.9243448
888	2141	0.8789822
888	2359	0.8118712
888	1097	0.8013588
888	2961	0.78960097
888	1198	0.6549285
889	474	0.75969255
889	1199	0.7242363
889	2704	0.69807917
889	733	0.6797367
889	10	0.6648492
889	3379	0.6529338
889	574	0.6334806
889	2001	0.5484648
889	1233	0.52839994
889	1834	0.51603425
890	2431	0.9976241
890	1753	0.9928374
890	1739	0.99066234
890	2002	0.9868794
890	2335	0.9833961
890	2273	0.98306084
890	1911	0.98021513
890	903	0.9419887
890	258	0.91794086
890	899	0.9051642
891	223	0.99480784
891	2671	0.9818826
891	21	0.94283485
891	2943	0.9262314
891	1258	0.9181738
891	1171	0.91401595
891	661	0.8938687
891	2713	0.89190173
891	1374	0.8806902
891	1036	0.8578695
892	1036	0.99899435
892	1210	0.9989151
892	592	0.99845344
892	1376	0.9872763
892	1019	0.9754435
892	1387	0.96095407
892	1203	0.9544963
892	1200	0.945055
892	2015	0.93994904
892	2011	0.9322945
893	70	0.9999256
893	1179	0.9997983
893	1248	0.9996561
893	521	0.9980681
893	1213	0.9956605
893	1259	0.9634864
893	1300	0.95267224
893	367	0.82838297
893	1580	0.8196384
893	1500	0.76003015
894	47	0.9999914
894	1089	0.9999441
894	2126	0.9998216
894	1717	0.99955624
894	2231	0.9994222
894	1617	0.998271
894	329	0.99755925
894	1584	0.9965133
894	1589	0.9962301
894	318	0.9951056
895	2805	0.99999076
895	2716	0.9998523
895	233	0.99984324
895	2147	0.99675274
895	3203	0.98052055
895	1093	0.97532034
895	745	0.9728977
895	235	0.97025704
895	1193	0.967885
895	2580	0.9282778
896	2355	0.99660486
896	2827	0.99351794
896	2712	0.8667687
896	3238	0.80457616
896	223	0.36516035
896	2724	0.3025406
896	2718	0.26321125
896	2720	0.2120688
896	2770	0.20456493
896	2581	0.1819042
897	508	0.99996233
897	2302	0.9934281
897	3108	0.98883855
897	1544	0.97993267
897	2959	0.9778844
897	164	0.9508764
897	16	0.8822909
897	1466	0.88177884
897	2291	0.8584345
897	490	0.8534131
898	2791	0.99827886
898	1233	0.99326074
898	2858	0.9379684
898	1225	0.9338098
898	2792	0.83561933
898	1784	0.70801675
898	2804	0.7040729
898	3156	0.4471318
898	1721	0.441005
898	3101	0.32457972
899	266	0.9952593
899	2011	0.97772205
899	928	0.97585714
899	2906	0.9655583
899	1593	0.9595047
899	351	0.93295443
899	2746	0.92429125
899	1721	0.8839713
899	2100	0.8746729
899	237	0.86841714
900	2686	0.783784
900	1513	0.24234548
900	2333	0.08327904
900	1952	0.035226136
900	2433	0.021422237
900	2575	0.014321357
900	2683	0.013778269
900	1362	0.011189491
900	902	0.009450555
900	2546	0.009156525
901	2352	0.9415128
901	2291	0.8709891
901	1641	0.8587672
901	3072	0.856438
901	1270	0.55381775
901	480	0.38369215
901	830	0.3263991
901	2456	0.29291543
901	2664	0.27126625
901	2529	0.2548542
902	2699	0.9999616
902	2683	0.93330765
902	1093	0.85579944
902	1127	0.8469
902	223	0.83344024
902	1950	0.78744096
902	968	0.6807145
902	2770	0.51175797
902	858	0.45942587
902	34	0.41737613
903	350	0.9999985
903	1092	0.99998975
903	1422	0.9985626
903	1617	0.98284876
903	492	0.9819582
903	942	0.9196906
903	2076	0.90607977
903	1086	0.85644186
903	1459	0.6020758
903	3317	0.44738856
904	1261	0.99761283
904	1130	0.9925802
904	1263	0.98308617
904	1208	0.97669435
904	2028	0.975075
904	1754	0.9405006
904	2628	0.9400691
904	849	0.8922799
904	1276	0.8532821
904	611	0.8499859
905	2021	0.978901
905	1320	0.93551517
905	1690	0.6478207
905	748	0.5828844
905	1590	0.25354722
905	608	0.20744959
905	593	0.1546869
905	1037	0.14754725
905	1909	0.1361328
905	2997	0.12205446
906	2447	0.75921094
906	589	0.6125796
906	1468	0.37977326
906	2706	0.34632716
906	2858	0.081629366
906	1580	0.05487752
906	1912	0.051790982
906	1888	0.041918576
906	1544	0.038359642
906	1682	0.035855055
907	954	0.9982407
907	1198	0.8474052
907	912	0.82590353
907	527	0.8091341
907	2028	0.80376923
907	318	0.6286386
907	1272	0.5877614
907	2858	0.5563305
907	608	0.5501781
907	3350	0.25745088
908	2571	0.9999513
908	1653	0.9998033
908	1921	0.9983405
908	1584	0.9949264
908	3156	0.99020076
908	1625	0.98771787
908	2858	0.9567628
908	1805	0.94288373
908	1639	0.9225081
908	589	0.9143017
909	858	0.9987676
909	593	0.994296
909	1196	0.97146666
909	50	0.97024953
909	615	0.96450967
909	1673	0.9593692
909	1035	0.94227654
909	199	0.9046724
909	924	0.8995815
909	912	0.88916624
910	2067	0.9999778
910	3421	0.9986119
910	2011	0.9934344
910	1488	0.9853092
910	168	0.9716903
910	923	0.9711962
910	344	0.9478203
910	608	0.89181197
910	1542	0.89143443
910	1608	0.8679032
911	145	0.9976498
911	648	0.9805841
911	50	0.97821516
911	3255	0.9618641
911	165	0.95150673
911	3256	0.9426908
911	2712	0.935845
911	2393	0.92092294
911	2411	0.9136525
911	1193	0.90241385
912	3421	0.9945566
912	2858	0.9926293
912	2791	0.98469734
912	1230	0.9761416
912	1090	0.8852613
912	1395	0.8112452
912	2395	0.6465726
912	750	0.50674707
912	2174	0.47962955
912	3408	0.4148358
913	1210	0.9954126
913	1196	0.97959
913	1580	0.9786162
913	1370	0.885957
913	1544	0.8245262
913	2404	0.730561
913	316	0.67687464
913	765	0.6597452
913	2378	0.53572285
913	260	0.47285435
914	50	0.9966582
914	3068	0.9907106
914	1147	0.98866475
914	1674	0.9855932
914	1185	0.9821756
914	1231	0.9650608
914	1267	0.9443939
914	800	0.82221067
914	3318	0.77253413
914	994	0.75719887
915	2858	0.9980813
915	318	0.9837176
915	908	0.9809005
915	1976	0.86643183
915	1240	0.8315785
915	1370	0.81428504
915	1358	0.798923
915	1037	0.6715535
915	597	0.6478746
915	678	0.62943625
916	2858	0.99998844
916	1480	0.9984221
916	1270	0.99791825
916	246	0.9963578
916	2248	0.9962897
916	1265	0.99489605
916	1095	0.9910833
916	593	0.9875877
916	1221	0.9795195
916	260	0.97789025
917	2028	0.99324155
917	589	0.956331
917	648	0.92070633
917	1250	0.8394873
917	2858	0.7839789
917	2019	0.7190535
917	1196	0.6792417
917	2094	0.62665117
917	1293	0.6246481
917	3424	0.6186044
918	1876	1.0
918	292	0.9994644
918	412	0.9982358
918	1573	0.99653184
918	1801	0.99652267
918	2291	0.9964381
918	508	0.99423945
918	529	0.9915347
918	1094	0.98541236
918	1831	0.9656801
919	2571	0.9976319
919	2657	0.9706622
919	224	0.96354705
919	1198	0.95855045
919	3257	0.93822527
919	518	0.9347917
919	2599	0.91601586
919	223	0.9146968
919	509	0.88265204
919	1721	0.8778725
920	3176	0.99993587
920	2976	0.99898845
920	1219	0.9973544
920	2560	0.99590075
920	1959	0.9163856
920	2702	0.91435486
920	2692	0.8974296
920	2676	0.8715813
920	2598	0.64549494
920	2717	0.4199767
921	457	0.99999416
921	1500	0.9990767
921	1210	0.9917554
921	1	0.9903394
921	2804	0.9722872
921	595	0.9246919
921	70	0.92414737
921	1917	0.90391946
921	2399	0.8254835
921	1304	0.82362574
922	2311	0.9983779
922	2722	0.9974061
922	1196	0.9871415
922	1246	0.9850806
922	47	0.9752586
922	3185	0.96119595
922	2699	0.9604995
922	1954	0.93813676
922	1219	0.93511677
922	3071	0.93498856
923	2997	0.9998993
923	441	0.9997121
923	2318	0.99453926
923	2282	0.9893923
923	497	0.9662567
923	2692	0.9161838
923	348	0.85948664
923	2542	0.5996728
923	2321	0.4534615
923	1394	0.27311426
924	25	0.9971326
924	733	0.9951019
924	2987	0.9948331
924	527	0.9941493
924	1834	0.99318415
924	595	0.9883309
924	39	0.98112833
924	2716	0.9807235
924	1234	0.9806139
924	1641	0.9799223
925	2081	0.99974906
925	1367	0.99952686
925	1282	0.9979058
925	1020	0.9962728
925	1032	0.99418825
925	551	0.9829831
925	539	0.9484559
925	1028	0.9148339
925	1907	0.9105129
925	661	0.80422044
926	3300	0.99992335
926	2085	0.99988544
926	3082	0.9995926
926	2078	0.999465
926	457	0.99557674
926	3000	0.9917029
926	2699	0.98212206
926	1356	0.9770097
926	2083	0.9738369
926	1608	0.96981144
927	3175	0.9994443
927	3263	0.99253714
927	380	0.98717755
927	2384	0.98085403
927	235	0.93173397
927	1517	0.9237988
927	2069	0.8803101
927	3173	0.8676238
927	1020	0.8607875
927	543	0.83562076
928	318	0.9997901
928	1947	0.99645793
928	2804	0.9936569
928	2396	0.9711081
928	3160	0.9692663
928	2248	0.9564464
928	1263	0.9533775
928	2599	0.95023775
928	348	0.9478141
928	3201	0.9065974
929	260	0.9999928
929	3039	0.99926984
929	1408	0.9982998
929	1947	0.99326575
929	3082	0.9888938
929	1994	0.97308296
929	2985	0.97143483
929	1717	0.97053653
929	750	0.94584334
929	2917	0.91791445
930	1610	0.9999672
930	358	0.9998436
930	608	0.99887633
930	6	0.99866235
930	555	0.9943918
930	1214	0.98342
930	2353	0.9662849
930	866	0.9604205
930	356	0.85856515
930	260	0.8359722
931	1084	0.999995
931	1267	0.99958825
931	2987	0.99916863
931	596	0.9826994
931	928	0.9712033
931	3088	0.93104196
931	3217	0.90002483
931	2355	0.88988644
931	1291	0.78229904
931	1028	0.77988815
932	2686	0.9999931
932	1280	0.99956274
932	3083	0.9993639
932	232	0.9984694
932	1617	0.9832458
932	17	0.9785218
932	2058	0.96837056
932	3077	0.95767176
932	720	0.95010984
932	1487	0.94500184
933	110	0.9994935
933	2394	0.9993863
933	1250	0.99882257
933	2087	0.9964473
933	511	0.99505544
933	1673	0.99468994
933	3157	0.99391216
933	728	0.9890676
933	1949	0.9851731
933	2628	0.98252785
934	2302	0.9953655
934	2889	0.9802733
934	2321	0.9793466
934	3252	0.9635099
934	1550	0.8887418
934	1556	0.86881
934	376	0.7670445
934	2805	0.7131381
934	2628	0.6685102
934	333	0.65320253
935	349	0.9994048
935	1544	0.9981017
935	3203	0.9927114
935	1968	0.9913423
935	2806	0.94403845
935	1299	0.9201311
935	1610	0.9137553
935	482	0.8513668
935	1343	0.83229154
935	2334	0.79692155
936	258	0.9998992
936	2581	0.95728874
936	3081	0.92957264
936	344	0.9276962
936	1676	0.900918
936	648	0.8738144
936	1617	0.8231299
936	1777	0.81937426
936	780	0.80671173
936	2412	0.76141536
937	595	0.9990599
937	1214	0.9978545
937	1327	0.9941541
937	2412	0.9901903
937	1377	0.97724795
937	2640	0.974767
937	1748	0.96367
937	2023	0.9633523
937	112	0.9583509
937	849	0.9570926
938	1580	0.999503
938	2396	0.9966265
938	1307	0.9956125
938	745	0.99236476
938	1136	0.97730076
938	597	0.8425822
938	1265	0.7002987
938	2791	0.57242393
938	2300	0.5615739
938	1777	0.35932195
939	2160	0.9993975
939	2858	0.99814194
939	1193	0.9938859
939	3409	0.989318
939	1206	0.985278
939	2490	0.9693303
939	1250	0.9467299
939	2713	0.92795265
939	524	0.91101575
939	1625	0.88924503
940	673	0.9989696
940	1089	0.9988614
940	231	0.99659073
940	2706	0.99596184
940	1517	0.990407
940	2761	0.9879236
940	344	0.9865961
940	2683	0.97660005
940	2	0.9724579
940	3263	0.969677
941	2023	0.99994534
941	464	0.99684644
941	2504	0.99637
941	2772	0.99088657
941	965	0.98754084
941	412	0.91861606
941	42	0.887913
941	3160	0.87840384
941	858	0.8638948
941	2764	0.8410237
942	1633	0.99973714
942	593	0.9980434
942	527	0.99136055
942	1704	0.93252766
942	1193	0.91649497
942	1213	0.8820634
942	3147	0.8065372
942	2762	0.792991
942	50	0.7126654
942	1357	0.6076294
943	909	0.99949664
943	1294	0.99833584
943	1633	0.99702907
943	2863	0.98877656
943	1394	0.98736775
943	1210	0.9872958
943	919	0.98461604
943	1542	0.96872556
943	2671	0.96649015
943	1247	0.9593488
944	913	0.99861443
944	2683	0.9958425
944	2395	0.99308026
944	2502	0.9831088
944	2987	0.9639494
944	2702	0.9623277
944	260	0.9121138
944	2706	0.845189
944	2700	0.83889014
944	608	0.7934246
945	1641	0.99969614
945	1294	0.98965573
945	2371	0.98446524
945	380	0.98308825
945	2622	0.97862387
945	2762	0.95469403
945	3082	0.9060755
945	1304	0.8883244
945	2000	0.8744562
945	3363	0.85609233
946	2657	0.9483527
946	2948	0.8485463
946	524	0.74595165
946	1673	0.47604138
946	1367	0.19343159
946	2355	0.19080356
946	277	0.17714393
946	1345	0.13203624
946	952	0.12059906
946	34	0.11106768
947	920	0.9992252
947	613	0.932015
947	915	0.8719177
947	58	0.8712017
947	1674	0.78235984
947	2100	0.7604845
947	1171	0.73057175
947	2797	0.60006815
947	2973	0.42154992
947	912	0.3852471
948	32	0.9981275
948	1580	0.995125
948	1127	0.98409295
948	1266	0.97721225
948	954	0.9642556
948	1293	0.9498481
948	1912	0.93021345
948	3088	0.87713265
948	2985	0.85895306
948	2826	0.8543286
949	2985	0.9999093
949	1762	0.9878726
949	39	0.96740305
949	2808	0.90793765
949	2949	0.8949472
949	3114	0.8419421
949	671	0.799563
949	1500	0.7978012
949	2193	0.7834567
949	1883	0.7832759
950	1584	0.86049056
950	1573	0.8284683
950	442	0.49124122
950	1779	0.46114337
950	2012	0.4032644
950	2722	0.39060187
950	1499	0.32821697
950	1037	0.32306892
950	1320	0.2432811
950	1617	0.20448855
951	1223	1.0
951	494	0.9893421
951	1	0.9590115
951	3249	0.9516922
951	3418	0.48833707
951	1833	0.45679268
951	1722	0.1924183
951	3072	0.10822162
951	910	0.09652004
951	786	0.061187416
952	1	0.99774754
952	3052	0.9930837
952	1184	0.9207694
952	549	0.89719236
952	1094	0.8949734
952	2282	0.8932443
952	1617	0.3854572
952	480	0.38390762
952	1904	0.33106393
952	1060	0.3226117
953	364	0.9995375
953	594	0.9819771
953	3044	0.9774601
953	2278	0.9657856
953	2599	0.9251385
953	2020	0.91678214
953	899	0.90972054
953	293	0.9053429
953	858	0.87752056
953	2527	0.8592998
954	2997	0.999822
954	2321	0.9997702
954	1208	0.9985601
954	2804	0.99722755
954	2858	0.9902622
954	296	0.9850586
954	1197	0.9769356
954	2282	0.9690753
954	466	0.96430737
954	2248	0.9549287
955	1358	0.99332976
955	2890	0.9878796
955	2253	0.926867
955	345	0.8924241
955	3070	0.86960113
955	1682	0.8532977
955	2110	0.8484077
955	1909	0.8326547
955	788	0.8124745
955	1653	0.7651737
956	150	0.99944943
956	1653	0.9993968
956	480	0.9986833
956	3070	0.99492276
956	247	0.99177253
956	2879	0.9863819
956	32	0.9793973
956	1253	0.97784364
956	3114	0.97038805
956	1282	0.959167
957	1693	0.9998566
957	247	0.99886405
957	337	0.99838305
957	2366	0.99804354
957	920	0.9760729
957	1733	0.964308
957	1834	0.9521786
957	608	0.9464952
957	1500	0.8801881
957	1748	0.8696512
958	1248	0.99997556
958	1649	0.9999201
958	1250	0.9982883
958	1189	0.997527
958	2289	0.99705386
958	1845	0.9964469
958	750	0.9961707
958	1240	0.9934495
958	3089	0.9917131
958	926	0.9914743
959	357	0.99994236
959	2125	0.9996086
959	1569	0.9966957
959	3155	0.9964844
959	1393	0.9954397
959	589	0.99476564
959	1674	0.9945777
959	539	0.9873799
959	608	0.97891265
959	2028	0.9761397
960	1	0.9982431
960	1247	0.99704266
960	1673	0.9913857
960	249	0.98746645
960	1584	0.9874468
960	1303	0.97675246
960	1641	0.9702209
960	1387	0.9468114
960	2747	0.9439906
960	223	0.9109845
961	2606	0.9810538
961	1721	0.8794918
961	799	0.81504613
961	1784	0.7968137
961	3173	0.7738068
961	3150	0.7711735
961	1769	0.6078681
961	3325	0.58177865
961	1407	0.40452498
961	2837	0.3289182
962	1213	0.99921834
962	162	0.99692214
962	69	0.9955282
962	2580	0.9845706
962	1265	0.98137
962	2804	0.97504115
962	2599	0.9476253
962	3120	0.9321465
962	246	0.9206567
962	1270	0.9028206
963	2788	0.9999132
963	2985	0.9977559
963	2394	0.99664974
963	3424	0.99652046
963	1220	0.9901116
963	1459	0.9790673
963	339	0.97865456
963	2427	0.9734975
963	45	0.9679878
963	442	0.96787435
964	745	0.9999989
964	3253	0.9991211
964	3108	0.99767184
964	551	0.9915781
964	2542	0.9890395
964	2791	0.98612785
964	1	0.9824047
964	1171	0.9765972
964	1580	0.97074693
964	348	0.9455967
965	1704	0.9986182
965	2324	0.98543453
965	2289	0.9685204
965	593	0.9507698
965	1220	0.930858
965	17	0.9280292
965	608	0.8833413
965	1951	0.7897049
965	1270	0.7694145
965	34	0.70821357
966	1058	0.99463266
966	296	0.99461424
966	162	0.98856235
966	2725	0.97407484
966	1545	0.97271633
966	1358	0.9672615
966	1094	0.95214975
966	570	0.9465987
966	650	0.9183724
966	670	0.90921015
967	3327	0.9556498
967	3114	0.90733576
967	2694	0.6432013
967	70	0.62522924
967	593	0.440994
967	2324	0.3523458
967	2782	0.26690793
967	842	0.18085527
967	2122	0.14358461
967	3174	0.12794563
968	1396	0.9997992
968	2329	0.9960355
968	1270	0.9811355
968	1089	0.97044146
968	1077	0.9622735
968	2599	0.96112716
968	3060	0.91757995
968	2968	0.90315115
968	527	0.84986484
968	1188	0.7494979
969	593	0.99781495
969	2324	0.9977015
969	2028	0.89762586
969	1753	0.84342766
969	1210	0.7937762
969	50	0.7911906
969	1923	0.7255945
969	1268	0.7201607
969	589	0.63785577
969	805	0.5918938
970	1307	0.9985038
970	2805	0.99528444
970	1297	0.9890363
970	288	0.9879198
970	1259	0.9821199
970	2826	0.93134737
970	485	0.8912028
970	2334	0.86472166
970	1513	0.8455736
970	2629	0.835364
971	1994	0.9996207
971	22	0.9993135
971	2450	0.9983326
971	1967	0.99494994
971	2641	0.98834
971	1580	0.9837553
971	29	0.9810662
971	1126	0.9805639
971	66	0.97838926
971	1917	0.97581255
972	2291	0.996315
972	1673	0.96666086
972	3176	0.923141
972	3096	0.8605286
972	2427	0.7252441
972	2243	0.71461666
972	1580	0.55643773
972	1732	0.4842446
972	1544	0.45024425
972	1264	0.31615403
973	2359	0.9981264
973	2371	0.9968009
973	1758	0.9890894
973	2997	0.9839896
973	232	0.98225296
973	3185	0.97372115
973	34	0.9716736
973	3060	0.9661208
973	2750	0.9654087
973	2919	0.95262027
974	2427	0.9995374
974	2344	0.99665743
974	1304	0.99652374
974	2194	0.993595
974	1200	0.9878379
974	1610	0.9327053
974	3114	0.92705536
974	380	0.9117988
974	1408	0.85092676
974	2023	0.83365774
975	3072	0.9928279
975	2100	0.9891088
975	153	0.9875628
975	1888	0.9777749
975	2193	0.9766505
975	266	0.97440004
975	1285	0.96472067
975	945	0.9619919
975	1320	0.95691514
975	2917	0.9311503
976	3113	0.9999746
976	3005	0.9946804
976	2995	0.9707701
976	2541	0.9683931
976	2759	0.96677136
976	1093	0.9271182
976	2901	0.9240428
976	1127	0.87814957
976	1911	0.8460659
976	2568	0.7822077
977	2366	0.9998089
977	2160	0.99940765
977	2867	0.9993298
977	1610	0.99272835
977	1214	0.99262625
977	2065	0.9819106
977	2947	0.9669198
977	3267	0.96407783
977	2174	0.95157874
977	3114	0.9417908
978	1208	0.99563044
978	288	0.9917364
978	22	0.9909765
978	25	0.97356385
978	2599	0.97151196
978	363	0.93983495
978	353	0.93123233
978	32	0.9257121
978	2369	0.92554176
978	266	0.90479743
979	480	0.9985773
979	2724	0.9918069
979	351	0.98658484
979	2763	0.98312163
979	2947	0.977016
979	2028	0.97299945
979	2989	0.97039783
979	2628	0.9646187
979	1036	0.9614694
979	112	0.94161785
980	1097	0.99960357
980	745	0.99925256
980	2761	0.9985547
980	913	0.9984231
980	1276	0.9969425
980	594	0.99686676
980	1022	0.9964971
980	1242	0.99517024
980	2692	0.99484134
980	1617	0.97776204
981	1249	0.9999491
981	2174	0.99830604
981	1178	0.9677671
981	1960	0.9669428
981	2947	0.95988166
981	41	0.9507084
981	910	0.9032911
981	260	0.8503362
981	3266	0.8422472
981	235	0.64090407
982	912	0.99984944
982	1307	0.9997283
982	914	0.98901594
982	2396	0.92099607
982	2080	0.8111739
982	902	0.7354775
982	2171	0.66817105
982	1183	0.3886165
982	1276	0.37941462
982	357	0.3510089
983	1196	0.9999788
983	356	0.99996495
983	2396	0.9996211
983	1210	0.9995534
983	3247	0.9940672
983	1441	0.98785126
983	1346	0.9855726
983	1967	0.9802006
983	550	0.9354645
983	110	0.9147802
984	260	0.9979788
984	2565	0.98806334
984	524	0.9804274
984	1385	0.9587912
984	909	0.95272577
984	3037	0.9503953
984	1387	0.94879913
984	736	0.94449687
984	1616	0.9220915
984	1073	0.9114118
985	592	0.99729526
985	1222	0.99486184
985	2091	0.9793664
985	2038	0.95325065
985	2912	0.9433517
985	2278	0.91257644
985	318	0.9003096
985	2344	0.88432753
985	32	0.85578954
985	1208	0.8050878
986	110	0.0016392767
986	1831	0.0014421642
986	1	0.00055614114
986	1270	0.00025963783
986	480	0.00024208426
986	1690	0.0001226557
986	435	9.1978756e-05
986	2028	8.346615e-05
986	1210	6.784132e-05
986	2628	6.574102e-05
987	440	0.9997631
987	3358	0.9986571
987	587	0.9939641
987	1333	0.98935246
987	2012	0.98886526
987	1172	0.9830778
987	3330	0.9798358
987	597	0.96619785
987	2100	0.9632484
987	2268	0.91401196
988	1079	0.9981922
988	1150	0.9951325
988	3039	0.9936662
988	3101	0.99348617
988	1957	0.99337304
988	1956	0.98796844
988	1231	0.9784155
988	2000	0.97251713
988	1124	0.90298486
988	1961	0.88154036
989	1283	0.99999726
989	938	0.9999875
989	3307	0.998524
989	907	0.9930004
989	232	0.99040973
989	1951	0.97731626
989	1734	0.8657615
989	599	0.8260037
989	260	0.8017143
989	2920	0.7879453
990	2571	0.998851
990	21	0.99421394
990	493	0.9775466
990	2289	0.94175994
990	2058	0.83445054
990	3418	0.6254194
990	377	0.52430874
990	165	0.47467774
990	441	0.20353606
990	2540	0.18608555
991	357	0.99861723
991	2919	0.99542093
991	1265	0.9749461
991	222	0.96612203
991	902	0.78767645
991	2080	0.7634622
991	1226	0.71654207
991	933	0.4848432
991	1307	0.44067383
991	3099	0.433529
992	2269	0.99997133
992	597	0.99996054
992	928	0.9998493
992	3354	0.99949205
992	2424	0.99703836
992	1784	0.9812435
992	934	0.9770409
992	2908	0.97682923
992	902	0.97605217
992	3362	0.9637544
993	2193	0.9760864
993	2028	0.8135566
993	2728	0.592849
993	3198	0.5837086
993	2161	0.43673694
993	1949	0.42555767
993	1193	0.30054516
993	2088	0.28779182
993	527	0.28373054
993	2599	0.25198013
994	3030	0.99988616
994	2019	0.9976036
994	2571	0.98669684
994	112	0.98017615
994	110	0.9429053
994	3178	0.94132495
994	3114	0.91787285
994	969	0.90354717
994	1218	0.9029118
994	1242	0.8960613
995	1535	0.9998282
995	915	0.9997785
995	779	0.9900447
995	1947	0.97087455
995	2171	0.965278
995	2581	0.961241
995	728	0.95337796
995	1733	0.9533067
995	1674	0.9241024
995	1643	0.86557007
996	1297	0.9975995
996	1275	0.9930093
996	2288	0.9614815
996	2642	0.95762366
996	2687	0.9523659
996	587	0.9386201
996	2344	0.9358295
996	2990	0.91298383
996	2968	0.88593715
996	2021	0.875172
997	1210	0.99122554
997	260	0.9472028
997	678	0.94066954
997	1005	0.61549246
997	2042	0.56387985
997	1214	0.4692974
997	356	0.33225822
997	3114	0.32591355
997	1806	0.31211323
997	2858	0.28493518
998	246	0.99989593
998	3006	0.99940956
998	3179	0.9979123
998	1670	0.99273527
998	3077	0.97663033
998	3418	0.9588902
998	3112	0.8951451
998	1210	0.8888276
998	235	0.8732976
998	34	0.7757642
999	377	0.9961494
999	507	0.99284685
999	3107	0.97410285
999	480	0.97247225
999	160	0.9611571
999	208	0.94769746
999	1968	0.9086679
999	1356	0.9009788
999	434	0.8995093
999	1240	0.8879204
1000	474	0.9999957
1000	1408	0.9976877
1000	2028	0.9956416
1000	1215	0.98924816
1000	2167	0.9891193
1000	1580	0.98809683
1000	908	0.9798207
1000	1954	0.9698454
1000	1370	0.95347494
1000	1242	0.94416416
1001	3317	0.99927664
1001	2329	0.9957676
1001	2571	0.9901509
1001	2340	0.98388153
1001	3007	0.7557657
1001	2961	0.6788042
1001	1643	0.62963605
1001	2861	0.6206043
1001	2770	0.5974287
1001	1660	0.57392126
1002	2291	0.9966748
1002	527	0.99297416
1002	1466	0.982471
1002	1120	0.9761618
1002	50	0.9423231
1002	3386	0.9416106
1002	428	0.927956
1002	800	0.8941318
1002	2712	0.84245825
1002	3160	0.8367597
1003	1945	0.8851476
1003	110	0.867998
1003	3107	0.79465
1003	608	0.5113011
1003	1242	0.42144823
1003	529	0.28588653
1003	590	0.1554133
1003	2908	0.1512985
1003	420	0.108692765
1003	1175	0.099098384
1004	1017	0.9335246
1004	1833	0.9218432
1004	1303	0.91005695
1004	1097	0.90665835
1004	1240	0.88629377
1004	1081	0.8734348
1004	1388	0.8459139
1004	2399	0.77972806
1004	3197	0.77649224
1004	2174	0.70373887
1005	785	0.9997964
1005	1968	0.99973446
1005	2772	0.9992317
1005	1513	0.99636644
1005	3363	0.9710951
1005	3421	0.95540464
1005	1	0.95027727
1005	3384	0.9100325
1005	440	0.8554064
1005	2541	0.84600335
1006	1214	0.9999876
1006	3173	0.9898941
1006	1221	0.98832333
1006	2232	0.98381
1006	3082	0.9795047
1006	413	0.96593016
1006	3354	0.9449811
1006	3298	0.933691
1006	480	0.8120059
1006	1196	0.7969187
1007	1210	0.95146775
1007	1220	0.9454462
1007	1080	0.8987609
1007	1278	0.5637003
1007	1079	0.3658871
1007	1294	0.33065236
1007	858	0.23885131
1007	260	0.20407325
1007	3388	0.10262075
1007	1214	0.091719925
1008	2712	0.9988712
1008	2683	0.99710286
1008	2706	0.99541634
1008	2502	0.9912319
1008	2959	0.98679197
1008	3114	0.9771385
1008	2710	0.9666718
1008	1028	0.91082954
1008	3421	0.91072845
1008	3005	0.80753875
1009	2889	0.9837107
1009	1721	0.9799395
1009	1907	0.94813824
1009	901	0.8017895
1009	2087	0.78810406
1009	902	0.7613882
1009	3078	0.7344854
1009	1032	0.6374278
1009	2492	0.57297575
1009	2015	0.48370576
1010	1408	0.99959224
1010	1393	0.9783446
1010	39	0.95965457
1010	2120	0.95035434
1010	2616	0.89317226
1010	379	0.88230956
1010	1721	0.87807626
1010	1923	0.8285161
1010	2841	0.80697405
1010	22	0.7424382
1011	1270	0.9999105
1011	1967	0.99987364
1011	1997	0.9988759
1011	2134	0.9912224
1011	1639	0.97950184
1011	1257	0.9586891
1011	2100	0.85976505
1011	1440	0.85329366
1011	2143	0.8411145
1011	1221	0.8374615
1012	914	0.9986131
1012	1097	0.91496205
1012	3206	0.8750387
1012	1688	0.8165616
1012	3175	0.7847972
1012	1300	0.6891923
1012	1277	0.5991313
1012	2985	0.49832076
1012	2067	0.40902963
1012	380	0.36159727
1013	3341	0.99999845
1013	3072	0.99999607
1013	1923	0.99990296
1013	2858	0.99949956
1013	2359	0.9974015
1013	441	0.9946282
1013	898	0.9919979
1013	1641	0.9919455
1013	1449	0.973621
1013	2596	0.9709164
1014	1210	0.99982214
1014	1259	0.99980146
1014	2115	0.9985987
1014	648	0.9985721
1014	480	0.9901271
1014	590	0.98260105
1014	1955	0.98029387
1014	2028	0.97795594
1014	1580	0.9678607
1014	1291	0.9244188
1015	1250	0.9826169
1015	1220	0.97251576
1015	48	0.9405589
1015	2273	0.91959697
1015	2662	0.91939247
1015	1500	0.8889338
1015	708	0.8563309
1015	1262	0.8526065
1015	1537	0.8485261
1015	168	0.8324909
1016	2973	0.9981657
1016	373	0.9978653
1016	364	0.99528
1016	1610	0.99240303
1016	50	0.954008
1016	1	0.92572796
1016	36	0.89372325
1016	1641	0.8847064
1016	2890	0.87251353
1016	597	0.8033526
1017	344	0.9270035
1017	628	0.91928726
1017	902	0.89823925
1017	592	0.8915885
1017	500	0.8784064
1017	2355	0.87156224
1017	543	0.8576245
1017	1196	0.8323024
1017	2788	0.77062345
1017	367	0.7685381
1018	1608	0.99999285
1018	2000	0.9997998
1018	1101	0.99950397
1018	733	0.9988045
1018	1610	0.9982736
1018	349	0.9981479
1018	2989	0.99475086
1018	356	0.9886605
1018	3104	0.9833668
1018	3029	0.97257257
1019	3037	0.9984207
1019	1200	0.99118495
1019	2916	0.9817167
1019	2628	0.96546936
1019	3060	0.9495398
1019	1277	0.9454807
1019	838	0.94091433
1019	1086	0.92146826
1019	2473	0.9163492
1019	2324	0.9107152
1020	2916	0.9971783
1020	648	0.9968756
1020	1610	0.99491566
1020	1729	0.9226705
1020	457	0.8423623
1020	1196	0.80827445
1020	145	0.77598315
1020	70	0.7638624
1020	1047	0.4649977
1020	260	0.39978218
1021	1193	0.9999198
1021	923	0.9995436
1021	1272	0.9995283
1021	1252	0.99937165
1021	750	0.9989414
1021	2728	0.9980142
1021	908	0.99739933
1021	955	0.9892603
1021	1250	0.98843455
1021	924	0.9871617
1022	3285	0.99922264
1022	2694	0.99895686
1022	2194	0.99743843
1022	3176	0.99522305
1022	2248	0.99214816
1022	2712	0.99138933
1022	1704	0.9911519
1022	4	0.97756433
1022	2907	0.9512022
1022	300	0.92756736
1023	745	0.996192
1023	2291	0.99568987
1023	541	0.99515265
1023	260	0.9904617
1023	2792	0.9889389
1023	1259	0.9458438
1023	1193	0.9350188
1023	1252	0.7845584
1023	2657	0.57343704
1023	589	0.5076247
1024	2243	0.9998852
1024	3108	0.9570476
1024	900	0.9369884
1024	1307	0.934067
1024	2248	0.93225145
1024	2920	0.9292847
1024	260	0.921123
1024	920	0.9115926
1024	1084	0.90216994
1024	356	0.89499223
1025	2188	0.99942476
1025	2428	0.9993751
1025	2719	0.9972947
1025	260	0.99712366
1025	3005	0.9950918
1025	2712	0.9947425
1025	2572	0.98792434
1025	2580	0.9836831
1025	785	0.93960905
1025	2555	0.93683743
1026	3334	0.9999996
1026	1617	0.9999949
1026	164	0.99996793
1026	930	0.9998617
1026	1344	0.99957836
1026	3260	0.9914527
1026	1783	0.6791645
1026	2243	0.37746555
1026	912	0.3235456
1026	2726	0.32168394
1027	1673	0.9996475
1027	608	0.9478185
1027	1302	0.85440004
1027	1977	0.8059846
1027	1730	0.8043284
1027	1580	0.60312605
1027	2866	0.4916557
1027	3252	0.48178804
1027	2028	0.4675595
1027	1196	0.36275208
1028	1094	0.9970746
1028	2023	0.9747291
1028	858	0.90009105
1028	2420	0.8991295
1028	3042	0.89309525
1028	448	0.8918129
1028	2432	0.8748963
1028	804	0.868293
1028	111	0.83594966
1028	1252	0.816627
1029	2662	0.99933964
1029	1449	0.99324405
1029	783	0.9920949
1029	2405	0.97992456
1029	52	0.97565097
1029	337	0.96557945
1029	1333	0.9609521
1029	1264	0.95565367
1029	901	0.9480094
1029	2064	0.94684553
1030	1036	0.9999995
1030	2527	0.9999798
1030	2115	0.99997914
1030	2826	0.9944056
1030	780	0.98245704
1030	736	0.97230077
1030	2013	0.97068757
1030	589	0.96280944
1030	1127	0.95828176
1030	1320	0.9492464
1031	329	0.99988604
1031	1200	0.99845606
1031	1954	0.9932753
1031	2393	0.98086506
1031	1527	0.97520334
1031	1587	0.9732695
1031	2524	0.9706675
1031	457	0.96659076
1031	2763	0.9648745
1031	2105	0.94553757
1032	1682	0.9994197
1032	2390	0.9954691
1032	3157	0.9934187
1032	745	0.9919255
1032	1175	0.9862474
1032	2858	0.9734659
1032	2268	0.9638338
1032	1280	0.95019156
1032	3175	0.9339717
1032	2071	0.9328724
1033	2922	0.9999119
1033	266	0.9914048
1033	1215	0.98366565
1033	1210	0.9602392
1033	2478	0.8964001
1033	2687	0.8836094
1033	1097	0.8702114
1033	8	0.8284644
1033	2367	0.75282216
1033	1330	0.7168381
1034	913	0.99999917
1034	1212	0.99976045
1034	1293	0.9949876
1034	911	0.9926959
1034	11	0.99203753
1034	2791	0.99029803
1034	906	0.9838834
1034	2671	0.97774994
1034	2762	0.9775448
1034	2324	0.9585719
1035	1682	0.99978536
1035	2313	0.9995925
1035	2890	0.98387086
1035	3252	0.87939286
1035	2959	0.86891115
1035	1673	0.8178685
1035	1147	0.68483806
1035	3418	0.6810893
1035	3109	0.6251895
1035	920	0.6194428
1036	2987	0.99737084
1036	1196	0.98252296
1036	750	0.8555747
1036	318	0.8426707
1036	1262	0.8321384
1036	1270	0.7145299
1036	923	0.5984586
1036	1252	0.51331043
1036	928	0.41673297
1036	2762	0.3961311
1037	1221	0.82354337
1037	2410	0.27897584
1037	2409	0.17096701
1037	2411	0.098394275
1037	1196	0.043296695
1037	1013	0.038494498
1037	1719	0.0188286
1037	920	0.011907816
1037	1961	0.010822177
1037	1210	0.009362131
1038	3114	0.9997344
1038	1189	0.99843055
1038	3147	0.994887
1038	3363	0.9948089
1038	1997	0.99135506
1038	920	0.99118495
1038	111	0.99058723
1038	1221	0.9898062
1038	1299	0.9594331
1038	924	0.95434016
1039	2858	0.9306452
1039	2827	0.9221158
1039	1188	0.9087962
1039	2979	0.83867145
1039	2690	0.80447894
1039	3051	0.7076522
1039	2605	0.67795944
1039	2572	0.6437492
1039	3408	0.62757677
1039	3176	0.53221875
1040	25	0.99921954
1040	2683	0.97300524
1040	1393	0.97051924
1040	3250	0.9534287
1040	3052	0.94686866
1040	1	0.93951005
1040	3259	0.93531513
1040	1704	0.9094722
1040	562	0.9031527
1040	2028	0.88705593
1041	1204	0.9993721
1041	290	0.9990022
1041	3168	0.99734515
1041	1212	0.9970939
1041	3152	0.99707663
1041	2863	0.99546754
1041	2599	0.99305093
1041	2890	0.98457396
1041	3095	0.98406637
1041	899	0.98325443
1042	2161	0.9999846
1042	1028	0.9944064
1042	1073	0.9895512
1042	653	0.97295904
1042	1702	0.91216624
1042	126	0.8469354
1042	1009	0.6875566
1042	919	0.26419467
1042	2078	0.2256737
1042	2085	0.21357337
1043	1259	0.9999541
1043	1248	0.9999118
1043	908	0.999902
1043	1227	0.54409516
1043	1617	0.5416702
1043	1640	0.3663236
1043	893	0.32335538
1043	2796	0.29079503
1043	3173	0.28027764
1043	1206	0.21376532
1044	1185	0.9993329
1044	1210	0.9796151
1044	2968	0.95531595
1044	1617	0.9163892
1044	1394	0.88601947
1044	1172	0.87578803
1044	1288	0.85329473
1044	1956	0.8316895
1044	50	0.8053099
1044	2348	0.8025217
1045	2432	0.999913
1045	5	0.9996934
1045	3186	0.9995013
1045	2997	0.9991228
1045	52	0.9989791
1045	2155	0.9986395
1045	3174	0.9976932
1045	1517	0.9971073
1045	838	0.9969784
1045	2059	0.99294674
1046	589	0.9969967
1046	852	0.94949937
1046	2046	0.7268479
1046	1197	0.48597822
1046	1265	0.3830585
1046	986	0.33772838
1046	329	0.24027744
1046	1201	0.19154242
1046	1676	0.15874648
1046	1240	0.1479786
1047	480	0.9998735
1047	1205	0.9990462
1047	3082	0.99886906
1047	1200	0.91814303
1047	1214	0.82542217
1047	2968	0.6729536
1047	3354	0.512239
1047	2365	0.4997763
1047	3252	0.32887018
1047	3300	0.25759894
1048	50	0.99988604
1048	2858	0.9978349
1048	39	0.9838958
1048	1265	0.96090674
1048	866	0.9533037
1048	1247	0.58540064
1048	1704	0.44402045
1048	247	0.360793
1048	17	0.33987814
1048	25	0.31301898
1049	589	0.99287325
1049	329	0.97878015
1049	671	0.9293006
1049	32	0.81609875
1049	1909	0.7189968
1049	2406	0.6574348
1049	933	0.63887674
1049	1544	0.6019588
1049	2393	0.53277326
1049	1845	0.5037515
1050	3301	0.9488995
1050	172	0.9322972
1050	497	0.91690236
1050	1676	0.897267
1050	466	0.86194175
1050	348	0.85310745
1050	2167	0.8400702
1050	292	0.82744116
1050	173	0.81818753
1050	2385	0.79683197
1051	2735	0.99834096
1051	144	0.9670335
1051	1912	0.9620858
1051	2001	0.8328273
1051	2690	0.8118533
1051	830	0.72503
1051	2243	0.7119397
1051	1028	0.6981417
1051	2125	0.69189113
1051	104	0.68722624
1052	926	0.99716073
1052	858	0.9848603
1052	3182	0.98267543
1052	527	0.9819732
1052	1289	0.97333515
1052	1254	0.9517456
1052	2599	0.95135236
1052	58	0.90784705
1052	720	0.90548897
1052	2300	0.897655
1053	3176	1.0
1053	2702	0.9766225
1053	1783	0.9750248
1053	2126	0.9744632
1053	2013	0.95978117
1053	2968	0.8794448
1053	521	0.81574154
1053	1127	0.79987013
1053	2355	0.7005507
1053	1912	0.63732535
1054	2355	0.9998554
1054	1917	0.99973714
1054	673	0.99960655
1054	1438	0.99825466
1054	1188	0.9976518
1054	2761	0.99618703
1054	377	0.99371445
1054	1265	0.99010885
1054	380	0.98129654
1054	141	0.9532305
1055	2692	0.99942315
1055	3081	0.98509526
1055	3203	0.9250617
1055	2710	0.92453516
1055	2485	0.91163015
1055	2712	0.56335634
1055	1196	0.4894629
1055	2318	0.47052872
1055	2581	0.4003297
1055	3114	0.3366427
1056	69	0.99993056
1056	1258	0.9993368
1056	2107	0.99762046
1056	493	0.9801488
1056	2571	0.9801382
1056	1997	0.9720347
1056	2003	0.9557361
1056	480	0.9518523
1056	611	0.9202372
1056	328	0.8782122
1057	1299	0.99591815
1057	318	0.92456734
1057	608	0.9143446
1057	912	0.9094796
1057	1197	0.8116245
1057	1945	0.7382099
1057	1256	0.72666126
1057	379	0.60451114
1057	1214	0.5835042
1057	953	0.5712367
1058	2000	0.9983449
1058	1215	0.9978744
1058	2428	0.9960088
1058	2527	0.9952988
1058	2657	0.9876017
1058	1358	0.98084265
1058	318	0.94988525
1058	1219	0.94102407
1058	2762	0.90858126
1058	1234	0.858602
1059	1701	0.9462228
1059	2067	0.9322469
1059	3201	0.9236684
1059	1810	0.9145671
1059	2866	0.8755317
1059	3246	0.85195863
1059	1237	0.8505059
1059	3358	0.84704375
1059	2442	0.84338343
1059	2108	0.8166036
1060	1917	0.99913055
1060	1876	0.9950556
1060	737	0.9701029
1060	1037	0.88723403
1060	2028	0.7592032
1060	380	0.73349136
1060	316	0.6919257
1060	2953	0.54722357
1060	160	0.5381889
1060	2807	0.4541288
1061	1220	0.999905
1061	2863	0.99887186
1061	260	0.998545
1061	327	0.9945105
1061	3113	0.9896163
1061	1219	0.9879917
1061	969	0.98469627
1061	2944	0.9840002
1061	1252	0.9834392
1061	3251	0.9833588
1062	924	0.999962
1062	1333	0.99835
1062	1179	0.99673533
1062	2791	0.9965082
1062	3362	0.9907264
1062	1228	0.99007726
1062	1947	0.98900515
1062	1284	0.96094954
1062	912	0.9455303
1062	3379	0.93651915
1063	1200	0.99170995
1063	474	0.9872777
1063	1358	0.97741127
1063	2686	0.9612131
1063	2997	0.94533825
1063	1222	0.93571424
1063	296	0.84546554
1063	527	0.8047195
1063	349	0.7768767
1063	2968	0.75610334
1064	1213	0.999212
1064	21	0.99865353
1064	1639	0.9952471
1064	2890	0.9936816
1064	2804	0.9916083
1064	778	0.987707
1064	16	0.9854115
1064	2916	0.9850266
1064	1673	0.9847634
1064	1193	0.97504795
1065	838	0.9305625
1065	467	0.90570694
1065	3357	0.8850707
1065	3173	0.8733604
1065	1535	0.8535727
1065	597	0.84777397
1065	345	0.6253694
1065	356	0.57720554
1065	2424	0.5601606
1065	2628	0.4270031
1066	266	0.999179
1066	2135	0.9990438
1066	919	0.99718213
1066	1909	0.9848872
1066	1721	0.97844297
1066	1094	0.9304726
1066	1259	0.91164744
1066	1270	0.89838433
1066	915	0.8916695
1066	1267	0.861833
1067	912	0.9987688
1067	745	0.99819416
1067	910	0.99222094
1067	307	0.9868616
1067	2028	0.98628074
1067	908	0.97827286
1067	1704	0.9706101
1067	2396	0.9445373
1067	2792	0.7940686
1067	904	0.79033196
1068	2861	0.9952628
1068	3033	0.95557857
1068	2000	0.9400338
1068	3087	0.9223068
1068	3019	0.9056072
1068	2046	0.86833656
1068	1213	0.8624408
1068	2770	0.85393333
1068	920	0.84255165
1068	1018	0.83093977
1069	1641	0.98752576
1069	2710	0.9398532
1069	1446	0.87240976
1069	2107	0.8103666
1069	160	0.76060104
1069	2437	0.7415581
1069	851	0.58677614
1069	85	0.5865221
1069	2322	0.53732455
1069	1356	0.49245074
1070	527	0.9080498
1070	480	0.15695027
1070	589	0.1465089
1070	1240	0.09057224
1070	2023	0.06474811
1070	1580	0.059265137
1070	1213	0.021563143
1070	318	0.01571539
1070	2628	0.012719333
1070	1370	0.011767268
1071	1197	0.9989338
1071	1216	0.9970051
1071	2723	0.99299693
1071	2161	0.9901129
1071	940	0.9900055
1071	1215	0.98553336
1071	2706	0.9804293
1071	2881	0.96555233
1071	2670	0.9114268
1071	648	0.8922334
1072	1252	0.9999981
1072	3072	0.99853945
1072	260	0.9983532
1072	594	0.99808276
1072	1084	0.9971804
1072	608	0.9966078
1072	913	0.9954597
1072	910	0.9952953
1072	2686	0.9933914
1072	2941	0.98878515
1073	916	0.99964744
1073	1094	0.98206174
1073	900	0.65213805
1073	1086	0.64344186
1073	3244	0.45041054
1073	903	0.4386085
1073	2100	0.42902803
1073	969	0.42060587
1073	909	0.34057632
1073	708	0.33815178
1074	1097	0.99974203
1074	911	0.9921849
1074	1944	0.9758224
1074	3201	0.9620291
1074	1302	0.9505585
1074	1912	0.94695216
1074	1220	0.94203293
1074	3114	0.91999424
1074	1219	0.910738
1074	1292	0.90594405
1075	1212	0.99809974
1075	1617	0.9860083
1075	1263	0.98198485
1075	1945	0.96230996
1075	913	0.9469095
1075	593	0.80000347
1075	1222	0.71442294
1075	1207	0.56253505
1075	1250	0.51529914
1075	668	0.49842817
1076	3255	0.9992987
1076	2384	0.9983752
1076	3157	0.9967656
1076	1747	0.9948578
1076	852	0.97679085
1076	2082	0.96663797
1076	678	0.9206643
1076	1485	0.8473854
1076	3060	0.8445462
1076	2321	0.7247493
1077	1247	0.9999534
1077	3260	0.9976748
1077	1252	0.996424
1077	1036	0.9952941
1077	1090	0.98708826
1077	1278	0.97753143
1077	1266	0.97591627
1077	2997	0.97329545
1077	2908	0.95886445
1077	1206	0.927773
1078	2424	0.9994799
1078	249	0.9949689
1078	1186	0.985966
1078	218	0.98125124
1078	1197	0.9629157
1078	708	0.9617223
1078	2558	0.94731444
1078	2406	0.94577605
1078	1277	0.9379676
1078	222	0.93625593
1079	1	0.9999716
1079	21	0.9998987
1079	1500	0.9961683
1079	2	0.99554545
1079	1210	0.99493337
1079	1641	0.9926816
1079	3265	0.9859376
1079	3114	0.9744371
1079	1408	0.9628812
1079	1729	0.95295674
1080	2455	0.996331
1080	1977	0.99526334
1080	3	0.9726213
1080	1673	0.94750774
1080	908	0.9183804
1080	891	0.89980066
1080	3409	0.8771105
1080	3327	0.8101511
1080	366	0.7901374
1080	110	0.75359106
1081	2858	0.99919
1081	2997	0.99775296
1081	3408	0.81402934
1081	2599	0.7890543
1081	434	0.7169964
1081	2324	0.6279789
1081	587	0.5902732
1081	1784	0.57602423
1081	1721	0.5562235
1081	2692	0.52140826
1082	1595	0.9997616
1082	1393	0.98921996
1082	1183	0.95934844
1082	3257	0.95609665
1082	1678	0.9349607
1082	2006	0.93230414
1082	169	0.9279766
1082	150	0.92178106
1082	1097	0.9209836
1082	282	0.89233553
1083	1197	0.89019823
1083	1196	0.8522336
1083	2628	0.7805015
1083	260	0.5674243
1083	1210	0.4805158
1083	1100	0.21112981
1083	2038	0.073933095
1083	2396	0.03242016
1083	900	0.022114336
1083	1270	0.009608954
1084	431	0.99410963
1084	2321	0.98732096
1084	2763	0.9589255
1084	1711	0.9579157
1084	161	0.94076693
1084	356	0.9337933
1084	2688	0.8361686
1084	1645	0.8045714
1084	2002	0.79796034
1084	383	0.7710701
1085	47	0.99978906
1085	1674	0.99814355
1085	2793	0.98883307
1085	2762	0.982134
1085	1249	0.9785545
1085	1562	0.97404337
1085	588	0.923471
1085	3101	0.9159578
1085	2353	0.8897915
1085	1408	0.8874472
1086	3006	0.99997514
1086	1994	0.99666035
1086	1674	0.9922076
1086	608	0.9920471
1086	1222	0.989892
1086	296	0.98890084
1086	1358	0.9769365
1086	2617	0.94588065
1086	3098	0.93016386
1086	112	0.9243238
1087	2406	0.97586817
1087	2013	0.9714903
1087	3070	0.96871525
1087	162	0.95907986
1087	2502	0.94558215
1087	1242	0.9293021
1087	1704	0.911803
1087	2395	0.88126385
1087	904	0.8551445
1087	910	0.8477253
1088	2015	0.99993753
1088	924	0.99894416
1088	2571	0.9942385
1088	2762	0.9861417
1088	1242	0.98414594
1088	1721	0.9798374
1088	1917	0.978268
1088	1682	0.89055693
1088	3160	0.8781111
1088	1225	0.87691
1089	1345	0.99999
1089	1994	0.9990889
1089	2628	0.9979465
1089	1201	0.98884934
1089	2021	0.9660881
1089	329	0.96349674
1089	435	0.950887
1089	2553	0.93693995
1089	2554	0.82839227
1089	1876	0.72865987
1090	1207	0.9999637
1090	2571	0.9997972
1090	25	0.9995618
1090	858	0.999118
1090	527	0.99846154
1090	2858	0.99468255
1090	3259	0.9659217
1090	953	0.9602343
1090	32	0.94958174
1090	1917	0.92676115
1091	2791	0.99944186
1091	589	0.9989672
1091	457	0.9864606
1091	277	0.9393773
1091	1259	0.9006021
1091	356	0.7614713
1091	288	0.575695
1091	2948	0.53565
1091	1035	0.40524504
1091	186	0.3279073
1092	1032	0.99982363
1092	2087	0.986897
1092	1380	0.98682165
1092	1951	0.98637474
1092	802	0.9724567
1092	380	0.8819208
1092	2565	0.8520001
1092	317	0.7673026
1092	918	0.6254876
1092	588	0.61572385
1093	1036	0.999931
1093	1200	0.98871195
1093	377	0.9821409
1093	969	0.8915639
1093	2366	0.8317437
1093	590	0.8213694
1093	2949	0.8022965
1093	2427	0.72517455
1093	2006	0.72202575
1093	1287	0.5603747
1094	1997	0.99621814
1094	1198	0.99416876
1094	3111	0.993834
1094	648	0.9915631
1094	2761	0.9903944
1094	2028	0.9871229
1094	1996	0.98391116
1094	1206	0.968473
1094	242	0.95588946
1094	1610	0.94607306
1095	1230	0.999815
1095	1617	0.9966465
1095	58	0.98573065
1095	2431	0.98218185
1095	1247	0.95077556
1095	1246	0.9407935
1095	858	0.91558254
1095	1193	0.91544884
1095	110	0.8989806
1095	608	0.88908327
1096	585	0.9976026
1096	1393	0.99455404
1096	1569	0.99111944
1096	2501	0.98513657
1096	2759	0.98225486
1096	47	0.9697696
1096	593	0.9578389
1096	1457	0.9286752
1096	2329	0.92492664
1096	3007	0.9129734
1097	2723	0.9945761
1097	1197	0.991539
1097	2329	0.98966396
1097	1917	0.9711386
1097	2712	0.9705305
1097	1610	0.94009155
1097	3160	0.89057773
1097	1648	0.88101566
1097	2683	0.8273264
1097	2718	0.80742264
1098	3363	0.99994385
1098	900	0.9996505
1098	1380	0.9977461
1098	1278	0.9973541
1098	2109	0.98702693
1098	1028	0.9784267
1098	2971	0.9687763
1098	1345	0.9430659
1098	2409	0.918483
1098	2078	0.9165158
1099	2571	0.9999032
1099	1233	0.9998079
1099	1912	0.99976015
1099	318	0.9977822
1099	922	0.9973752
1099	3386	0.99439
1099	377	0.9902044
1099	1094	0.9883279
1099	858	0.9861053
1099	2916	0.95455056
1100	69	0.99441314
1100	345	0.9632937
1100	2788	0.9615127
1100	2100	0.959749
1100	2770	0.9192951
1100	590	0.9171243
1100	2014	0.89731795
1100	2144	0.8723836
1100	1269	0.8485373
1100	2010	0.8454834
1101	1204	0.9982337
1101	1345	0.9969223
1101	1748	0.995203
1101	1968	0.9930279
1101	880	0.9858893
1101	3253	0.98251927
1101	3147	0.9794307
1101	1079	0.9733711
1101	2454	0.9501442
1101	1641	0.9485792
1102	427	0.9947631
1102	593	0.98607665
1102	527	0.9810475
1102	1198	0.9784485
1102	1694	0.9759178
1102	535	0.94630575
1102	312	0.9376527
1102	1221	0.92053825
1102	1196	0.91413957
1102	1186	0.8986982
1103	1172	0.99977785
1103	1277	0.99864006
1103	1684	0.9985621
1103	164	0.9969685
1103	2396	0.996035
1103	2171	0.9946691
1103	678	0.99412704
1103	35	0.9874555
1103	293	0.97150433
1103	1094	0.9507647
1104	1358	0.99891317
1104	2324	0.9949353
1104	3260	0.97591126
1104	1694	0.97043574
1104	247	0.9606267
1104	3129	0.90366817
1104	272	0.8383224
1104	529	0.79766417
1104	515	0.76611567
1104	910	0.744014
1105	2160	0.99984074
1105	908	0.96329296
1105	2976	0.93852925
1105	1358	0.8927057
1105	1252	0.8897129
1105	1945	0.863011
1105	2762	0.8249049
1105	1200	0.7852423
1105	1240	0.7778593
1105	111	0.75116456
1106	1973	0.9996916
1106	1969	0.99927175
1106	586	0.97648776
1106	1215	0.97618484
1106	3033	0.95519876
1106	1210	0.8770542
1106	1544	0.8346397
1106	1673	0.7749592
1106	3393	0.7717457
1106	2399	0.7628751
1107	339	0.99997765
1107	3255	0.99898326
1107	2671	0.99814177
1107	497	0.9942661
1107	2249	0.98768795
1107	52	0.97827375
1107	440	0.9538536
1107	39	0.94477385
1107	1265	0.8956786
1107	2006	0.88756156
1108	2791	0.9476024
1108	2076	0.5533584
1108	1103	0.54440975
1108	482	0.30590957
1108	2467	0.2817403
1108	2997	0.221477
1108	110	0.1993626
1108	1196	0.11452395
1108	1248	0.10474807
1108	1673	0.103633225
1109	2746	0.99391675
1109	107	0.9800821
1109	1259	0.96181726
1109	1193	0.9551528
1109	1387	0.94874567
1109	3175	0.9424702
1109	2640	0.9223649
1109	1376	0.894676
1109	1120	0.872089
1109	2125	0.837061
1110	3006	0.99997914
1110	2975	0.9991015
1110	1213	0.99892056
1110	2433	0.9984304
1110	2599	0.99703705
1110	608	0.9963021
1110	2541	0.99072266
1110	296	0.97957575
1110	2961	0.9684158
1110	2580	0.93703306
1111	2123	0.9999535
1111	1592	0.9941867
1111	902	0.9881695
1111	3420	0.8764522
1111	480	0.69908464
1111	370	0.6709626
1111	2886	0.66374373
1111	1894	0.63084376
1111	2028	0.6033052
1111	808	0.58750767
1112	2333	0.9993446
1112	912	0.997838
1112	158	0.9942513
1112	3408	0.98312044
1112	1876	0.9693001
1112	3052	0.96481466
1112	593	0.9509574
1112	2436	0.93890196
1112	830	0.908324
1112	2513	0.90784454
1113	2706	0.9999975
1113	1923	0.99994063
1113	2997	0.9998534
1113	671	0.99880713
1113	3177	0.99435365
1113	2294	0.9912368
1113	1777	0.99113894
1113	3213	0.9875239
1113	1240	0.9814776
1113	450	0.9793261
1114	1680	0.9999957
1114	920	0.9999058
1114	1955	0.9996811
1114	2629	0.999136
1114	913	0.97773015
1114	11	0.97754264
1114	1188	0.94965166
1114	440	0.93753123
1114	2336	0.92455167
1114	2720	0.9166502
1115	253	0.99970806
1115	2628	0.9993701
1115	1258	0.9984437
1115	2560	0.99666655
1115	1019	0.9935734
1115	2826	0.9925011
1115	1334	0.9893266
1115	968	0.9804959
1115	2160	0.95042527
1115	2746	0.94645035
1116	745	0.9991059
1116	2858	0.9981713
1116	2248	0.9975774
1116	1080	0.99733835
1116	2300	0.9920591
1116	1278	0.9912554
1116	1210	0.9641957
1116	348	0.9534878
1116	2352	0.9401362
1116	2918	0.9321478
1117	1197	0.9992386
1117	380	0.99566567
1117	32	0.98860276
1117	1517	0.97441196
1117	2710	0.958129
1117	1573	0.93925315
1117	16	0.90107083
1117	1923	0.8953172
1117	2433	0.89414954
1117	1721	0.8915232
1118	260	0.9879924
1118	2791	0.9801902
1118	1206	0.94861925
1118	1292	0.9131136
1118	1997	0.89963055
1118	1580	0.8515966
1118	1270	0.81276643
1118	110	0.7709161
1118	924	0.71524626
1118	2355	0.53560895
1119	924	0.999979
1119	1274	0.9965569
1119	2531	0.9110737
1119	60	0.6890974
1119	1370	0.5182936
1119	1591	0.49628085
1119	2300	0.43049073
1119	1924	0.38516998
1119	849	0.37741658
1119	2643	0.33645898
1120	1673	0.9986632
1120	216	0.9944414
1120	2617	0.9799938
1120	372	0.9703276
1120	3147	0.94728166
1120	2948	0.93852085
1120	3243	0.91523165
1120	3274	0.9116256
1120	45	0.8940872
1120	1682	0.8888749
1121	185	0.9999532
1121	52	0.9968112
1121	318	0.99070334
1121	1966	0.986387
1121	1230	0.98566055
1121	1183	0.9743453
1121	2997	0.9725673
1121	260	0.96652603
1121	2571	0.9593129
1121	1244	0.95269024
1122	924	0.9987233
1122	1909	0.9977554
1122	1224	0.99329555
1122	3005	0.98696613
1122	2702	0.98630464
1122	1253	0.97515
1122	1527	0.96544945
1122	2314	0.9520513
1122	1301	0.9422393
1122	2660	0.9330443
1123	553	0.99978924
1123	151	0.9997018
1123	303	0.99954724
1123	511	0.858912
1123	2401	0.81939924
1123	3408	0.771422
1123	2922	0.70386845
1123	111	0.66509235
1123	2978	0.6648597
1123	3190	0.47595146
1124	3108	0.9958756
1124	1278	0.9895913
1124	480	0.9890914
1124	1690	0.9852695
1124	1197	0.97771215
1124	141	0.97375286
1124	2194	0.95355135
1124	2003	0.9479416
1124	1924	0.94089234
1124	2991	0.9343178
1125	1754	0.99034685
1125	356	0.9734442
1125	2683	0.9241154
1125	21	0.8808602
1125	1240	0.83448863
1125	3253	0.8142983
1125	292	0.8025231
1125	1485	0.79779506
1125	36	0.79274946
1125	2858	0.77380645
1126	1608	0.7673156
1126	2843	0.73698467
1126	2324	0.7068059
1126	2539	0.5902758
1126	2558	0.52101785
1126	3418	0.48250693
1126	21	0.37302268
1126	2028	0.22983563
1126	380	0.1414721
1126	288	0.10161823
1127	2402	1.0
1127	2411	0.99999696
1127	2642	0.9901366
1127	2133	0.9721707
1127	1291	0.9705452
1127	2662	0.9644513
1127	2475	0.9625352
1127	3104	0.9573678
1127	2450	0.9143221
1127	1274	0.77946764
1128	590	0.98956233
1128	32	0.9559318
1128	538	0.9472992
1128	1247	0.79172885
1128	1084	0.7596301
1128	911	0.7501888
1128	955	0.6746785
1128	475	0.658273
1128	592	0.6062701
1128	3246	0.5967139
1129	2710	0.9994042
1129	480	0.99900985
1129	2706	0.96788573
1129	2916	0.9661691
1129	3	0.95881903
1129	736	0.9251008
1129	1262	0.91872615
1129	2174	0.89924425
1129	1036	0.88049304
1129	3016	0.8745768
1130	1225	0.9995357
1130	2987	0.99588716
1130	164	0.9946068
1130	1222	0.96536505
1130	1127	0.9638907
1130	2710	0.95266694
1130	1282	0.9435736
1130	1376	0.938491
1130	497	0.93671507
1130	1206	0.9238617
1131	1208	0.9999962
1131	1945	0.99997807
1131	858	0.9999279
1131	2920	0.998549
1131	908	0.99845505
1131	1260	0.9968152
1131	1234	0.9941633
1131	2677	0.9866997
1131	922	0.9859048
1131	899	0.98244566
1132	555	0.997916
1132	1282	0.9941897
1132	720	0.99134856
1132	1909	0.98999953
1132	3267	0.9436722
1132	364	0.861691
1132	1912	0.8549125
1132	2912	0.8518456
1132	1036	0.83837456
1132	2140	0.77974015
1133	920	0.9174248
1133	1673	0.88815945
1133	6	0.8698349
1133	1228	0.7528498
1133	1466	0.54439497
1133	1127	0.44069663
1133	1215	0.4053427
1133	2947	0.36899388
1133	885	0.356706
1133	1299	0.31637666
1134	527	0.99987066
1134	2324	0.98946476
1134	2997	0.9753358
1134	2478	0.96228576
1134	417	0.9595268
1134	590	0.9395158
1134	555	0.8847586
1134	707	0.8768425
1134	356	0.87101364
1134	800	0.8638569
1135	1301	0.9999005
1135	1240	0.99922633
1135	780	0.99889886
1135	2346	0.9983511
1135	1127	0.9900793
1135	2017	0.9845724
1135	2529	0.9694871
1135	2533	0.96456945
1135	1375	0.85603535
1135	1917	0.8541992
1136	2391	0.9999676
1136	457	0.9189044
1136	2858	0.86180246
1136	553	0.82765424
1136	2871	0.78330165
1136	2890	0.15018049
1136	1732	0.11605635
1136	3000	0.09655154
1136	29	0.0849022
1136	293	0.07869074
1137	111	0.9997903
1137	2692	0.99528784
1137	3004	0.98305297
1137	1358	0.9793569
1137	2109	0.9655345
1137	3148	0.9502634
1137	594	0.9164641
1137	1089	0.8622433
1137	3316	0.82101184
1137	1674	0.8000667
1138	2432	0.99998844
1138	1282	0.99972653
1138	2139	0.9991732
1138	2762	0.998019
1138	2746	0.99769926
1138	2146	0.9894364
1138	2959	0.98524183
1138	2571	0.9809698
1138	2324	0.9653337
1138	802	0.9544392
1139	3246	0.9997999
1139	25	0.99960303
1139	2321	0.99918056
1139	1584	0.9988053
1139	2231	0.9980558
1139	2858	0.9978882
1139	16	0.99611866
1139	1271	0.990614
1139	2336	0.9833267
1139	3160	0.9808952
1140	1136	0.9999212
1140	2732	0.9983925
1140	2858	0.99239296
1140	924	0.9887265
1140	1237	0.96434283
1140	1394	0.9318744
1140	3035	0.8811786
1140	1945	0.84827054
1140	1179	0.8212615
1140	1148	0.806453
1141	141	0.9995746
1141	2759	0.9757189
1141	1059	0.96366984
1141	910	0.9398389
1141	2942	0.91940856
1141	1608	0.8885811
1141	2046	0.86652225
1141	235	0.82849145
1141	1343	0.8211801
1141	1204	0.8165359
1142	1377	0.9946848
1142	22	0.9935632
1142	1610	0.98016536
1142	587	0.9700974
1142	608	0.92672217
1142	2321	0.9045974
1142	2340	0.86121565
1142	382	0.8567097
1142	3259	0.82746947
1142	104	0.793478
1143	1196	0.99988806
1143	1246	0.99882185
1143	110	0.9967098
1143	480	0.9899308
1143	2797	0.97111934
1143	1962	0.961411
1143	1036	0.941146
1143	2571	0.900926
1143	1380	0.71863425
1143	1959	0.6892415
1144	593	0.91412246
1144	95	0.79066014
1144	1544	0.6629369
1144	1250	0.32160643
1144	527	0.16706446
1144	2762	0.08376446
1144	2997	0.0774135
1144	2571	0.077156395
1144	648	0.07147235
1144	266	0.041060567
1145	1977	0.99997663
1145	111	0.9989227
1145	2455	0.99474394
1145	1269	0.994675
1145	2791	0.9852196
1145	1997	0.9431089
1145	1387	0.91386735
1145	928	0.8481729
1145	924	0.73418117
1145	1090	0.6728792
1146	1645	0.9958963
1146	2166	0.8452492
1146	454	0.79292655
1146	101	0.7167361
1146	1975	0.6834853
1146	480	0.59784096
1146	1953	0.56290185
1146	2571	0.5359282
1146	3005	0.5025291
1146	2248	0.4289542
1147	1927	0.9939641
1147	3327	0.9761387
1147	2132	0.97551167
1147	2819	0.9667602
1147	30	0.9491782
1147	1617	0.9323839
1147	2351	0.90299547
1147	861	0.90221274
1147	2871	0.8529232
1147	1950	0.840482
1148	2779	0.9999949
1148	2973	0.99999285
1148	1292	0.9999209
1148	1136	0.99456626
1148	1172	0.9907516
1148	2863	0.98821425
1148	3396	0.9465679
1148	1079	0.94079053
1148	2243	0.8920268
1148	1221	0.8654251
1149	2541	0.99998415
1149	1210	0.9999478
1149	2115	0.99594927
1149	480	0.99417603
1149	2395	0.99272394
1149	541	0.9915045
1149	1639	0.990665
1149	2605	0.9388697
1149	3104	0.8390455
1149	2581	0.83466375
1150	373	0.7842121
1150	107	0.7785777
1150	2020	0.71080726
1150	69	0.7009666
1150	2762	0.6997107
1150	1608	0.62533724
1150	2353	0.5982473
1150	2318	0.59660816
1150	2692	0.54010165
1150	2054	0.53208447
1151	1690	0.9993236
1151	514	0.9967929
1151	379	0.9927374
1151	2393	0.9925701
1151	417	0.9918657
1151	1676	0.9797487
1151	3107	0.9715538
1151	546	0.95241797
1151	280	0.9477742
1151	1307	0.947177
1152	421	0.9607116
1152	648	0.9098853
1152	2826	0.86840904
1152	349	0.6014471
1152	442	0.5729912
1152	1920	0.53919107
1152	434	0.5058518
1152	2091	0.5020358
1152	258	0.4109524
1152	2723	0.40315747
1153	1911	0.9995916
1153	2706	0.9994923
1153	2719	0.9454833
1153	2725	0.794643
1153	407	0.6591553
1153	2997	0.6341576
1153	2827	0.5790486
1153	2628	0.5532435
1153	2907	0.5048006
1153	2976	0.4956984
1154	1704	0.82112205
1154	193	0.38155285
1154	1266	0.3583755
1154	593	0.26990306
1154	318	0.2304366
1154	588	0.12558612
1154	1367	0.11112785
1154	48	0.07379323
1154	970	0.06712073
1154	1961	0.063697666
1155	1586	0.9995123
1155	1552	0.9991669
1155	485	0.9977089
1155	1562	0.99696195
1155	2115	0.9960798
1155	1370	0.9933989
1155	1090	0.99162364
1155	2278	0.9778476
1155	2329	0.9689515
1155	849	0.9524963
1156	339	0.99999917
1156	2424	0.999999
1156	1680	0.9989315
1156	788	0.9987415
1156	293	0.99729246
1156	1735	0.9923539
1156	527	0.99159753
1156	1393	0.983276
1156	224	0.9830418
1156	2501	0.97993493
1157	1580	0.9997828
1157	288	0.99270844
1157	1466	0.97033095
1157	2791	0.94992167
1157	3160	0.9470212
1157	16	0.8825727
1157	1135	0.8365644
1157	3072	0.8231225
1157	608	0.81482303
1157	3256	0.7393639
1158	1409	0.99999297
1158	539	0.99987805
1158	342	0.99983954
1158	788	0.99891096
1158	597	0.9985136
1158	446	0.9816266
1158	3082	0.9794742
1158	1704	0.9777725
1158	2266	0.9760058
1158	1569	0.9725273
1159	1527	0.9979686
1159	2407	0.99526966
1159	3251	0.9921094
1159	2117	0.9796647
1159	1214	0.97916484
1159	198	0.9581647
1159	1210	0.9515474
1159	2841	0.9321494
1159	2140	0.92590046
1159	344	0.90486217
1160	2392	0.9999775
1160	3004	0.99967396
1160	2979	0.9991609
1160	24	0.99741125
1160	3053	0.99658406
1160	2599	0.99306524
1160	2770	0.99277174
1160	2572	0.9898655
1160	2188	0.9852629
1160	1513	0.97166634
1161	2456	0.99998164
1161	2657	0.91140014
1161	1250	0.88134
1161	551	0.7734647
1161	1414	0.733899
1161	32	0.62464833
1161	2628	0.33817267
1161	611	0.33217847
1161	1206	0.323127
1161	804	0.2552292
1162	1212	0.99982417
1162	969	0.999534
1162	1953	0.9994879
1162	904	0.98909926
1162	14	0.9853594
1162	928	0.9499488
1162	1267	0.9386804
1162	3250	0.93274546
1162	1061	0.92301476
1162	1253	0.87225443
1163	1876	1.0
1163	736	0.9976418
1163	145	0.9897555
1163	2334	0.98893213
1163	1552	0.9817263
1163	3300	0.96956646
1163	185	0.9354179
1163	1752	0.9284762
1163	1801	0.897846
1163	1544	0.8719972
1164	17	0.99965143
1164	2724	0.99625075
1164	3317	0.97483754
1164	2890	0.945313
1164	110	0.9439145
1164	34	0.9405669
1164	648	0.93951726
1164	2020	0.93728375
1164	1247	0.9285853
1164	2628	0.898685
1165	2761	0.9993603
1165	1127	0.99151695
1165	2968	0.98477626
1165	1997	0.9756614
1165	1129	0.97319233
1165	1721	0.9666776
1165	2759	0.9645512
1165	2716	0.959383
1165	1374	0.9322262
1165	2720	0.9253742
1166	2997	0.9020163
1166	95	0.72165674
1166	1784	0.34186262
1166	110	0.25262803
1166	1233	0.09164986
1166	2396	0.08326453
1166	21	0.036616117
1166	1252	0.026821077
1166	1196	0.025405526
1166	892	0.023635358
1167	1704	0.9998317
1167	1401	0.9959409
1167	265	0.9955551
1167	2028	0.9817314
1167	356	0.971164
1167	342	0.9651073
1167	1784	0.95356077
1167	232	0.9447061
1167	1680	0.9431678
1167	1393	0.92689705
1168	2916	0.9999788
1168	348	0.9998973
1168	1917	0.999161
1168	1784	0.99847853
1168	1527	0.9977937
1168	1747	0.99595743
1168	2324	0.993042
1168	29	0.9929752
1168	1516	0.99205935
1168	2883	0.98889947
1169	2371	0.99975497
1169	1136	0.9996651
1169	2423	0.99957097
1169	912	0.9979558
1169	2369	0.9958129
1169	2012	0.9952434
1169	1276	0.9949411
1169	2463	0.99016523
1169	3210	0.9888949
1169	2791	0.9838742
1170	1953	0.999951
1170	1276	0.9978243
1170	608	0.9949219
1170	2671	0.9948243
1170	838	0.9942732
1170	1294	0.9898236
1170	260	0.9803543
1170	2067	0.96921086
1170	1333	0.94200593
1170	539	0.92890584
1171	832	0.4793626
1171	2028	0.050391555
1171	1210	0.020595908
1171	527	0.01073885
1171	1097	0.008620501
1171	2803	0.0054531693
1171	1270	0.0031327605
1171	1027	0.002706647
1171	22	0.0026035905
1171	802	0.0014204681
1172	3270	0.9992938
1172	2485	0.9961636
1172	2302	0.9956132
1172	2006	0.9934205
1172	2406	0.9888479
1172	2012	0.9874994
1172	2395	0.9866018
1172	64	0.9844421
1172	1721	0.9837519
1172	252	0.9782158
1173	2395	0.99998903
1173	2572	0.99522567
1173	2427	0.97803736
1173	3006	0.9207716
1173	2568	0.90482557
1173	1271	0.88441944
1173	2842	0.8824048
1173	1682	0.8453617
1173	2355	0.82405007
1173	524	0.8057183
1174	950	0.01773882
1174	912	0.013659447
1174	2847	0.012689054
1174	1219	0.011049598
1174	3160	0.0073269904
1174	1946	0.005927801
1174	1203	0.00352481
1174	2169	0.0027674735
1174	1209	0.0022267103
1174	902	0.002053231
1175	2340	0.99796546
1175	1408	0.996758
1175	1569	0.995613
1175	1835	0.9922307
1175	1457	0.98576295
1175	1183	0.9856938
1175	2396	0.965119
1175	1722	0.8850867
1175	50	0.85002816
1175	1485	0.8277675
1176	1278	0.999636
1176	2021	0.999377
1176	3421	0.9986569
1176	1373	0.9807029
1176	3396	0.9728397
1176	1965	0.96584064
1176	2359	0.9639692
1176	1270	0.96388364
1176	2384	0.9621393
1176	3424	0.9219533
1177	524	0.99905187
1177	1221	0.9946537
1177	588	0.99400246
1177	144	0.9855872
1177	1883	0.9070672
1177	951	0.8505588
1177	174	0.698189
1177	736	0.6731963
1177	2687	0.6700679
1177	1777	0.658267
1178	3362	0.99997956
1178	1086	0.9998845
1178	2076	0.99918383
1178	1617	0.99618864
1178	2184	0.99192923
1178	1219	0.9657004
1178	924	0.9566448
1178	969	0.86666465
1178	3198	0.7894305
1178	1459	0.7180736
1179	2300	0.99996394
1179	1376	0.99949664
1179	2396	0.99937564
1179	2918	0.9978716
1179	1371	0.99389577
1179	3061	0.98372364
1179	1129	0.97225
1179	785	0.94207126
1179	1265	0.9296167
1179	3363	0.9102533
1180	899	0.99985397
1180	50	0.99795556
1180	608	0.9901267
1180	2858	0.9805378
1180	933	0.9540802
1180	2997	0.95158374
1180	904	0.9486056
1180	1953	0.9484125
1180	3357	0.8748298
1180	1221	0.7412973
1181	1748	0.98679817
1181	1089	0.9828564
1181	36	0.92101854
1181	3052	0.8926015
1181	2657	0.89129955
1181	2683	0.85243475
1181	3424	0.83934236
1181	1912	0.8144779
1181	441	0.7399968
1181	2527	0.71957797
1182	356	0.9996451
1182	2428	0.9993216
1182	2355	0.99247205
1182	671	0.99119174
1182	1594	0.973763
1182	101	0.940904
1182	6	0.9193771
1182	2986	0.91553414
1182	163	0.87898725
1182	515	0.872257
1183	2160	0.99983037
1183	1285	0.9991907
1183	345	0.9989846
1183	912	0.9989557
1183	41	0.99886465
1183	1307	0.9984715
1183	2918	0.99770534
1183	2915	0.9958968
1183	34	0.9956671
1183	2289	0.97672355
1184	423	0.9985198
1184	11	0.9792327
1184	2471	0.976501
1184	733	0.9761253
1184	1883	0.9706644
1184	1597	0.9644902
1184	1275	0.9528452
1184	2641	0.95239246
1184	457	0.9295452
1184	1374	0.9076394
1185	410	0.99929905
1185	1203	0.9904046
1185	616	0.98567265
1185	1784	0.9671123
1185	3107	0.9585154
1185	851	0.9280652
1185	1007	0.90713
1185	999	0.90301496
1185	2797	0.5171928
1185	1381	0.51607823
1186	1270	0.9997495
1186	2657	0.99959886
1186	3421	0.9925984
1186	2054	0.9913724
1186	1127	0.9803026
1186	2867	0.9689319
1186	2571	0.9533524
1186	2291	0.9432715
1186	2134	0.91807914
1186	1653	0.91133094
1187	2321	0.98802817
1187	1	0.9837009
1187	1784	0.97844803
1187	2291	0.91504014
1187	3114	0.897442
1187	2712	0.8855189
1187	2716	0.8785225
1187	1265	0.8093226
1187	2571	0.7587385
1187	597	0.7350138
1188	1387	0.9992326
1188	858	0.99875593
1188	1200	0.9913826
1188	1240	0.98833776
1188	1291	0.888738
1188	1201	0.44785863
1188	1270	0.27597123
1188	2571	0.09348199
1188	594	0.06851056
1188	2944	0.05864951
1189	1267	0.8897171
1189	1617	0.86374664
1189	1252	0.7370869
1189	1244	0.64922243
1189	302	0.48491848
1189	2243	0.47458285
1189	265	0.46549943
1189	1600	0.3667373
1189	3197	0.35122246
1189	272	0.3100288
1190	1193	0.9659977
1190	1286	0.357104
1190	2941	0.24440724
1190	2406	0.22030258
1190	1290	0.22020984
1190	2369	0.15391123
1190	2028	0.12219459
1190	2402	0.09979275
1190	1968	0.07755703
1190	593	0.04173085
1191	1260	0.91121423
1191	2208	0.69646156
1191	1625	0.57729495
1191	2716	0.5679696
1191	3365	0.27540728
1191	1994	0.2401363
1191	1130	0.18873459
1191	928	0.16930181
1191	858	0.16358572
1191	608	0.15829751
1192	150	0.9982371
1192	745	0.9970888
1192	3101	0.9943572
1192	34	0.97542477
1192	1693	0.90799713
1192	62	0.9042611
1192	720	0.8382505
1192	529	0.8269478
1192	261	0.8242106
1192	3260	0.6280966
1193	2355	0.9999402
1193	3256	0.99976826
1193	2718	0.9943749
1193	1488	0.9932976
1193	173	0.9905972
1193	2248	0.97467756
1193	2395	0.9729937
1193	1544	0.9674581
1193	1079	0.9665183
1193	2701	0.96559453
1194	2193	0.99392366
1194	2324	0.98109806
1194	1343	0.97591484
1194	2236	0.952519
1194	2174	0.91782284
1194	2640	0.9117309
1194	508	0.91077197
1194	798	0.9084687
1194	1127	0.9062027
1194	29	0.8698954
1195	3005	0.9925723
1195	2369	0.98427165
1195	3185	0.954345
1195	653	0.9303281
1195	785	0.92583704
1195	1198	0.92251813
1195	2856	0.918277
1195	1644	0.91737306
1195	2490	0.85209835
1195	2107	0.79790795
1196	529	0.99990964
1196	2276	0.9990493
1196	1256	0.992033
1196	1097	0.9917177
1196	534	0.98590636
1196	1214	0.9849658
1196	2739	0.9794334
1196	110	0.9780857
1196	150	0.9742069
1196	3034	0.97243655
1197	2819	0.99851465
1197	293	0.9957489
1197	2762	0.92561746
1197	527	0.84878075
1197	541	0.76524806
1197	720	0.49873233
1197	904	0.4233483
1197	1219	0.40069756
1197	608	0.3785056
1197	1247	0.29274827
1198	2761	0.997306
1198	344	0.99456704
1198	1005	0.99412346
1198	673	0.99218285
1198	3301	0.9704952
1198	1503	0.89298403
1198	587	0.86290336
1198	1320	0.82006645
1198	2539	0.80979085
1198	1270	0.7831633
1199	1	0.9996964
1199	2028	0.9988282
1199	3256	0.9978205
1199	1584	0.9969945
1199	2359	0.9909601
1199	2268	0.9819586
1199	539	0.9798863
1199	1909	0.9734834
1199	1608	0.97164816
1199	1961	0.96611917
1200	1354	0.9999809
1200	2908	0.99997747
1200	3005	0.99994206
1200	2707	0.99927765
1200	3150	0.99862295
1200	2762	0.9941587
1200	233	0.9930022
1200	2710	0.99188685
1200	2841	0.9917594
1200	2672	0.98818195
1201	3113	0.99987674
1201	2976	0.98682094
1201	2676	0.9767655
1201	2701	0.9299451
1201	2599	0.9175155
1201	1093	0.9158683
1201	2759	0.83518636
1201	3005	0.7483235
1201	2688	0.6355362
1201	3082	0.5106212
1202	2414	0.9998721
1202	593	0.99940467
1202	2105	0.9918201
1202	2108	0.98415196
1202	3107	0.9836937
1202	2712	0.97626984
1202	2340	0.97180307
1202	2396	0.95777434
1202	1036	0.9516065
1202	2427	0.95095944
1203	1747	0.99725366
1203	1758	0.9457482
1203	3182	0.93595886
1203	639	0.91156065
1203	750	0.90817463
1203	48	0.89780104
1203	1270	0.883466
1203	2527	0.87412554
1203	1245	0.830158
1203	1047	0.82362926
1204	2840	0.99967074
1204	2772	0.99764967
1204	2485	0.92494094
1204	2702	0.648978
1204	2961	0.5978134
1204	1215	0.44580984
1204	3203	0.3730071
1204	2762	0.32278976
1204	2987	0.2218385
1204	3114	0.18811157
1205	3083	0.9955301
1205	3155	0.99545527
1205	350	0.9904299
1205	1693	0.9795729
1205	150	0.9564475
1205	1357	0.95263547
1205	1393	0.8366689
1205	17	0.8215021
1205	36	0.7799006
1205	1694	0.7749798
1206	2533	0.9999208
1206	610	0.99987453
1206	541	0.99987185
1206	2287	0.9412857
1206	741	0.7956302
1206	1374	0.39831623
1206	858	0.3963346
1206	2034	0.37786666
1206	1748	0.36648974
1206	1924	0.35238487
1207	11	0.9979739
1207	1020	0.9824788
1207	1617	0.9682733
1207	1923	0.9381099
1207	2808	0.93694925
1207	832	0.9253701
1207	1721	0.9178034
1207	2058	0.8825307
1207	17	0.8555309
1207	260	0.8370343
1208	1965	0.9977324
1208	1261	0.99678636
1208	3150	0.9299322
1208	496	0.9227724
1208	240	0.72082627
1208	2792	0.6796999
1208	1976	0.56290996
1208	1269	0.43601394
1208	893	0.20582578
1208	2237	0.14261216
1209	1957	0.99998784
1209	2000	0.9853503
1209	2236	0.9790612
1209	1998	0.9675473
1209	1674	0.96515745
1209	2779	0.94434917
1209	800	0.9361062
1209	2791	0.93460524
1209	3189	0.904294
1209	1125	0.8679032
1210	2628	0.9999327
1210	1584	0.99989474
1210	1230	0.9864143
1210	329	0.98395336
1210	2125	0.9782764
1210	2916	0.97228914
1210	1136	0.96581984
1210	1876	0.94835806
1210	2046	0.9453883
1210	1580	0.9425039
1211	1673	0.9996376
1211	912	0.9991587
1211	2762	0.99732196
1211	800	0.9945638
1211	1282	0.98848164
1211	1361	0.97615683
1211	1147	0.9680737
1211	3253	0.96549344
1211	1171	0.9346991
1211	2396	0.9324553
1212	735	0.98401076
1212	1729	0.9809419
1212	1342	0.97891676
1212	2853	0.96529716
1212	2645	0.9527123
1212	2762	0.9313612
1212	3273	0.77861804
1212	2202	0.6751359
1212	2713	0.6619243
1212	2599	0.5791064
1213	1721	0.18982333
1213	1230	0.14426431
1213	1193	0.118727684
1213	1094	0.056831986
1213	1367	0.037466854
1213	1276	0.0101518035
1213	150	0.009706169
1213	1304	0.007799834
1213	3363	0.0075543523
1213	2160	0.0058196783
1214	2922	0.99997675
1214	1209	0.9999641
1214	1266	0.99745566
1214	1304	0.99734986
1214	553	0.97857475
1214	1362	0.89881593
1214	3222	0.8980999
1214	1097	0.85463023
1214	2401	0.615601
1214	590	0.60329044
1215	589	0.99766266
1215	2624	0.9860324
1215	2687	0.9854717
1215	924	0.95795083
1215	308	0.82138467
1215	480	0.76938075
1215	1909	0.7011489
1215	2407	0.6941217
1215	2613	0.5803305
1215	2527	0.5658341
1216	1294	0.9999034
1216	1252	0.9993584
1216	608	0.9966373
1216	1230	0.9894384
1216	153	0.98060745
1216	160	0.9658803
1216	1248	0.9643711
1216	1136	0.95691323
1216	2877	0.95220184
1216	1729	0.85907793
1217	661	0.9999757
1217	2657	0.994362
1217	2054	0.9903941
1217	1198	0.9719054
1217	910	0.96968794
1217	1259	0.9632663
1217	2985	0.957087
1217	2115	0.94557035
1217	3159	0.9315815
1217	3421	0.9308105
1218	41	0.9994817
1218	2712	0.9988283
1218	2369	0.99834627
1218	62	0.9957911
1218	509	0.9957628
1218	2791	0.99569845
1218	1953	0.993364
1218	3244	0.98633105
1218	1294	0.9822118
1218	648	0.97882396
1219	2353	0.99999905
1219	47	0.99999607
1219	832	0.99791276
1219	1645	0.99636817
1219	1089	0.9952407
1219	2916	0.9688983
1219	2572	0.9614494
1219	2140	0.9593749
1219	553	0.95699465
1219	349	0.956385
1220	1250	0.9999777
1220	1015	0.99971306
1220	1193	0.9956088
1220	2716	0.99539083
1220	1291	0.9876158
1220	1036	0.985277
1220	1278	0.9759785
1220	1021	0.9538056
1220	3148	0.9495492
1220	2501	0.94135034
1221	2321	0.9938233
1221	3114	0.98630416
1221	442	0.98156685
1221	2094	0.9767101
1221	153	0.97435427
1221	223	0.95811045
1221	333	0.9322436
1221	1968	0.918031
1221	849	0.89100474
1221	1690	0.88986814
1222	2908	0.993397
1222	903	0.9892633
1222	1909	0.981861
1222	1127	0.9505283
1222	457	0.9493996
1222	1374	0.9414996
1222	1200	0.9366343
1222	480	0.91161203
1222	1653	0.8774738
1222	260	0.86900103
1223	922	0.999999
1223	1617	0.9999317
1223	903	0.9997666
1223	1223	0.99867475
1223	1	0.9964658
1223	930	0.99632996
1223	905	0.9940475
1223	1198	0.98848504
1223	1953	0.9851767
1223	2791	0.98405415
1224	1252	0.98771775
1224	318	0.9832641
1224	1885	0.9686942
1224	2770	0.9677341
1224	1302	0.9636003
1224	1293	0.9570024
1224	2966	0.951897
1224	593	0.9471644
1224	1185	0.9407536
1224	52	0.9336277
1225	2028	0.98709106
1225	3100	0.98285425
1225	1721	0.8397764
1225	593	0.71552634
1225	318	0.6524788
1225	111	0.65047085
1225	2997	0.6045759
1225	2324	0.56907547
1225	866	0.5072003
1225	586	0.4883827
1226	1	0.29579175
1226	1024	0.017443836
1226	455	0.0007812381
1226	709	0.0006791055
1226	3388	0.00018405914
1226	3054	0.0001386404
1226	2269	0.000101706195
1226	2858	9.1722366e-05
1226	2033	8.9537905e-05
1226	2120	8.5277876e-05
1227	1187	0.99999785
1227	3185	0.9995639
1227	290	0.9937638
1227	778	0.99347025
1227	2677	0.9772151
1227	17	0.97720915
1227	25	0.9552896
1227	1682	0.80913174
1227	1097	0.727211
1227	1649	0.71860164
1228	1094	0.9985684
1228	428	0.9983213
1228	2329	0.9982465
1228	1266	0.9981433
1228	2571	0.9969042
1228	3160	0.99524295
1228	2366	0.9943856
1228	1280	0.9940701
1228	517	0.9911417
1228	778	0.98579884
1229	2762	0.99999267
1229	3101	0.99941146
1229	326	0.9983651
1229	1665	0.9826255
1229	1446	0.9762441
1229	2908	0.94759476
1229	3408	0.9416849
1229	1188	0.9163494
1229	3320	0.89289284
1229	213	0.8604115
1230	1883	0.99763197
1230	1200	0.9966725
1230	741	0.9845732
1230	1243	0.9829438
1230	1747	0.97778547
1230	1831	0.9627313
1230	541	0.958686
1230	1136	0.93802387
1230	849	0.92924345
1230	1584	0.9219558
1231	1219	0.99994105
1231	50	0.99975157
1231	246	0.99748576
1231	2396	0.99576306
1231	3083	0.9955163
1231	3160	0.9872456
1231	904	0.9850602
1231	1411	0.9602784
1231	1245	0.9538906
1231	32	0.94006217
1232	1120	0.9999431
1232	1784	0.9996154
1232	1635	0.9846772
1232	1294	0.9778348
1232	1304	0.9754411
1232	475	0.9608817
1232	910	0.94774723
1232	527	0.93798554
1232	1095	0.934868
1232	161	0.9231322
1233	19	0.999696
1233	2505	0.99923503
1233	1503	0.92270494
1233	2817	0.89365184
1233	527	0.7419925
1233	412	0.63480544
1233	2124	0.62743497
1233	3206	0.49244717
1233	2875	0.3446564
1233	345	0.31850323
1234	1284	0.9997939
1234	260	0.9989517
1234	1617	0.99858236
1234	1214	0.9048914
1234	1291	0.66006094
1234	1240	0.3395126
1234	541	0.25928718
1234	1219	0.21793985
1234	1387	0.15735963
1234	2571	0.12846532
1235	778	0.99984723
1235	509	0.99919367
1235	293	0.9988915
1235	2712	0.9979919
1235	265	0.9967694
1235	508	0.99639577
1235	3261	0.99542654
1235	2858	0.994814
1235	25	0.993692
1235	1639	0.97069967
1236	1198	0.99999875
1236	1221	0.99913573
1236	1197	0.9952716
1236	260	0.99261963
1236	858	0.9690048
1236	457	0.8276211
1236	1036	0.7344395
1236	2571	0.6752275
1236	3104	0.65704095
1236	3267	0.65659916
1237	1136	0.939662
1237	2111	0.9348427
1237	2791	0.90655476
1237	1394	0.8848097
1237	1307	0.87165034
1237	1278	0.7521244
1237	2858	0.6152414
1237	344	0.52934444
1237	891	0.36210287
1237	3273	0.3219614
1238	2686	0.9997544
1238	1952	0.99366343
1238	1959	0.99266386
1238	2396	0.98422
1238	2881	0.9320687
1238	2997	0.9164708
1238	1186	0.87500197
1238	223	0.76187706
1238	1997	0.5099316
1238	2959	0.49981606
1239	1914	0.9998263
1239	2521	0.99979055
1239	3006	0.9941026
1239	2324	0.99127007
1239	2677	0.9882412
1239	232	0.96793914
1239	3072	0.9622108
1239	2908	0.9495239
1239	50	0.91430324
1239	2442	0.7403946
1240	1210	0.99854493
1240	2432	0.89857996
1240	361	0.73081535
1240	2642	0.5896361
1240	1198	0.516323
1240	2426	0.50546443
1240	1275	0.41053316
1240	1240	0.17760122
1240	616	0.15171704
1240	1377	0.07092169
1241	1405	0.9994533
1241	239	0.9994459
1241	1	0.99941325
1241	3052	0.9991412
1241	223	0.99891293
1241	1089	0.99864584
1241	362	0.9968513
1241	2706	0.9968137
1241	785	0.9963467
1241	322	0.99318945
1242	509	0.97944367
1242	2966	0.9793431
1242	1704	0.87828255
1242	2502	0.86778533
1242	534	0.8615469
1242	1333	0.84987664
1242	351	0.69558454
1242	539	0.6644174
1242	1513	0.6350584
1242	3247	0.6276083
1243	2642	0.99640477
1243	1748	0.9942664
1243	1200	0.9754322
1243	1276	0.9612148
1243	1238	0.96099675
1243	2393	0.94523525
1243	858	0.9374628
1243	111	0.93083394
1243	3032	0.9153464
1243	2064	0.9021296
1244	1954	0.9938216
1244	1261	0.97873795
1244	45	0.968822
1244	1287	0.95133185
1244	838	0.9402397
1244	2352	0.93941045
1244	474	0.9287642
1244	492	0.9250179
1244	2797	0.8840406
1244	70	0.880651
1245	2010	0.9999257
1245	1301	0.67385834
1245	1769	0.58141655
1245	1270	0.5236545
1245	405	0.44529873
1245	1036	0.42338806
1245	2916	0.402291
1245	1385	0.2593549
1245	1408	0.17156407
1245	1293	0.10013804
1246	442	0.98966074
1246	1259	0.98795617
1246	1784	0.9737419
1246	1747	0.9639759
1246	1586	0.92917895
1246	2359	0.9220203
1246	333	0.85935724
1246	852	0.83427584
1246	2699	0.8316324
1246	745	0.82563204
1247	973	0.9984915
1247	3300	0.9977586
1247	1499	0.945029
1247	3316	0.8285314
1247	1262	0.6864949
1247	2827	0.5707029
1247	2713	0.39592648
1247	2858	0.35221916
1247	79	0.31751847
1247	3298	0.22431508
1248	111	0.9995346
1248	1136	0.9992521
1248	1148	0.9989308
1248	1965	0.9973669
1248	800	0.99693555
1248	1230	0.9918121
1248	1267	0.9891209
1248	2571	0.9823681
1248	2028	0.97598374
1248	1219	0.97340775
1249	260	0.9947506
1249	1301	0.9889567
1249	480	0.9774225
1249	1253	0.9743115
1249	1214	0.9229223
1249	2529	0.86572397
1249	1240	0.46626514
1249	1247	0.3414483
1249	1200	0.29276466
1249	110	0.2647953
1250	2858	0.44766504
1250	1961	0.1601277
1250	1252	0.13428426
1250	2289	0.08096063
1250	3181	0.031169653
1250	2997	0.006855607
1250	1617	0.0057994127
1250	913	0.0052369535
1250	1284	0.0049351156
1250	36	0.004581064
1251	2710	0.99847007
1251	2575	0.83924305
1251	2908	0.7131423
1251	2716	0.5750983
1251	1221	0.56678283
1251	110	0.390922
1251	2718	0.3692112
1251	3285	0.34033215
1251	2392	0.29702443
1251	1213	0.22836083
1252	969	0.9972397
1252	3317	0.9937006
1252	1955	0.9823561
1252	608	0.9723464
1252	1295	0.9717699
1252	111	0.969936
1252	2333	0.96288216
1252	1136	0.89952374
1252	1094	0.8872175
1252	3176	0.83798635
1253	745	0.9995152
1253	2020	0.99927044
1253	3067	0.9992076
1253	1961	0.99017143
1253	1246	0.98279965
1253	1362	0.9654252
1253	1222	0.95727164
1253	2312	0.9297308
1253	1259	0.919821
1253	2738	0.8717685
1254	17	0.99974567
1254	920	0.9994567
1254	2100	0.993238
1254	1897	0.9753435
1254	916	0.9714341
1254	1086	0.9158796
1254	534	0.9035766
1254	2291	0.78516304
1254	1643	0.76265883
1254	911	0.75933325
1255	3174	0.99795264
1255	1222	0.9929086
1255	2502	0.97488266
1255	2324	0.972929
1255	2599	0.97232413
1255	1186	0.95868313
1255	2966	0.89644986
1255	1923	0.89103705
1255	1193	0.8466189
1255	2001	0.84330994
1256	1304	0.924299
1256	3307	0.85796344
1256	2762	0.8576473
1256	924	0.84244305
1256	589	0.7414522
1256	318	0.7361767
1256	3102	0.7062783
1256	2692	0.67087424
1256	903	0.6690093
1256	532	0.64924
1257	1291	0.9999917
1257	1967	0.9989952
1257	590	0.99764663
1257	733	0.99304634
1257	1197	0.99084485
1257	260	0.97915107
1257	2716	0.790784
1257	2993	0.74910384
1257	2822	0.66776115
1257	3168	0.4863988
1258	1248	0.9999931
1258	2186	0.9833362
1258	2731	0.9790224
1258	2208	0.9785198
1258	922	0.96914506
1258	1617	0.89096516
1258	1244	0.8443327
1258	746	0.71007186
1258	419	0.6943717
1258	1260	0.67776835
1259	2792	0.99999803
1259	3160	0.9997214
1259	2657	0.99686587
1259	3	0.9918202
1259	2780	0.9803798
1259	661	0.97939783
1259	893	0.9771751
1259	1035	0.9677414
1259	2692	0.95117664
1259	648	0.94687283
1260	593	0.9998799
1260	3409	0.9964278
1260	1663	0.99319994
1260	1267	0.97706723
1260	1393	0.9399513
1260	2144	0.8849922
1260	1265	0.87079513
1260	750	0.85592425
1260	1221	0.83289874
1260	2243	0.8067002
1261	3354	0.99823487
1261	2294	0.62563
1261	2710	0.49190873
1261	2827	0.42762366
1261	3408	0.40564686
1261	2694	0.397998
1261	2763	0.27491924
1261	2701	0.2353937
1261	1269	0.19776124
1261	3113	0.18664268
1262	3388	1.0
1262	2375	0.9941758
1262	1257	0.9737075
1262	2374	0.9566591
1262	2114	0.9477977
1262	608	0.9445011
1262	2064	0.931659
1262	1961	0.9183898
1262	2072	0.8957653
1262	2088	0.8754891
1263	1968	0.9999366
1263	785	0.99224037
1263	1197	0.9911212
1263	2108	0.9860413
1263	2000	0.9749153
1263	1111	0.9702805
1263	3396	0.9473705
1263	441	0.92141306
1263	1285	0.8936835
1263	1079	0.88411
1264	2355	0.9931635
1264	1080	0.9532568
1264	2701	0.92770445
1264	95	0.83655906
1264	2762	0.7966158
1264	849	0.7843994
1264	3147	0.7658045
1264	2723	0.76103467
1264	1965	0.75931
1264	509	0.70231146
1265	2390	0.99992
1265	2772	0.99113405
1265	903	0.9752071
1265	1875	0.96609175
1265	319	0.9373499
1265	2575	0.9360981
1265	1821	0.93557036
1265	36	0.9141592
1265	3079	0.90126276
1265	1449	0.85402423
1266	562	0.98700774
1266	2294	0.93900216
1266	1653	0.91458935
1266	1625	0.88343865
1266	2761	0.8777734
1266	1997	0.8711319
1266	3176	0.8624811
1266	1268	0.85840476
1266	2867	0.82832676
1266	1343	0.8126861
1267	1258	0.99934447
1267	32	0.99621063
1267	968	0.9905293
1267	1094	0.9571326
1267	1945	0.955372
1267	2455	0.93526626
1267	1077	0.91873574
1267	1222	0.89521027
1267	1230	0.8610723
1267	971	0.8027894
1268	965	0.997898
1268	2917	0.99591154
1268	750	0.9958111
1268	1263	0.9927551
1268	924	0.9911032
1268	2858	0.9831337
1268	1250	0.9770094
1268	2644	0.96672213
1268	1333	0.95073783
1268	1183	0.93633676
1269	2710	0.9928342
1269	2694	0.9916986
1269	3114	0.7708683
1269	2329	0.68568844
1269	2712	0.5499926
1269	1	0.49074975
1269	1298	0.4738501
1269	920	0.44125202
1269	2759	0.3436005
1269	2383	0.31697118
1270	3408	0.966871
1270	3324	0.2539725
1270	3299	0.014750391
1270	3118	0.0077958405
1270	3301	0.0061402917
1270	2713	0.0049208403
1270	3173	0.004919231
1270	3252	0.00295794
1270	3160	0.0012759864
1270	1961	0.0012171268
1271	1077	0.99999106
1271	34	0.99892044
1271	1292	0.9959798
1271	587	0.99296844
1271	2918	0.9911386
1271	1883	0.9872603
1271	1265	0.9872556
1271	597	0.9806068
1271	3088	0.97676885
1271	1827	0.9746418
1272	1784	0.99936354
1272	1020	0.9991522
1272	2193	0.995091
1272	539	0.9928645
1272	3253	0.9901569
1272	2405	0.9779756
1272	1304	0.9620085
1272	235	0.93595636
1272	1367	0.9359305
1272	1485	0.9302696
1273	1939	0.9999922
1273	905	0.9996121
1273	913	0.9996045
1273	3072	0.9991864
1273	501	0.99668074
1273	2571	0.9960692
1273	1172	0.9958236
1273	235	0.9945578
1273	2324	0.99294317
1273	3307	0.9908841
1274	1950	0.99552524
1274	318	0.9939822
1274	2533	0.95876926
1274	3095	0.93193334
1274	3408	0.927324
1274	2692	0.89587533
1274	1653	0.8935995
1274	2985	0.8782999
1274	1136	0.8052071
1274	780	0.7938796
1275	1196	0.99478567
1275	920	0.9670743
1275	1283	0.8673329
1275	919	0.6519298
1275	1304	0.64905155
1275	480	0.6311343
1275	1225	0.59631634
1275	3089	0.30513608
1275	1259	0.2074661
1275	2067	0.17849526
1276	1278	0.9999994
1276	2926	0.9996221
1276	1449	0.99781966
1276	1965	0.99460286
1276	1292	0.9793179
1276	1197	0.9579352
1276	1270	0.93694896
1276	2109	0.93526804
1276	1235	0.93002784
1276	1608	0.9017338
1277	1350	0.9991661
1277	2717	0.9893648
1277	1321	0.9560689
1277	1320	0.9164306
1277	1974	0.90795326
1277	1387	0.88074654
1277	1278	0.31084254
1277	2028	0.19503602
1277	2367	0.1392549
1277	1208	0.12902296
1278	1240	0.99991596
1278	2193	0.99972534
1278	1242	0.9991671
1278	541	0.99854875
1278	104	0.9979678
1278	1214	0.9965353
1278	2968	0.97720104
1278	1721	0.92385995
1278	2872	0.8666847
1278	2414	0.74305534
1279	29	0.99322546
1279	1834	0.9898689
1279	104	0.9773712
1279	3045	0.9430723
1279	1393	0.9259287
1279	3129	0.92045635
1279	39	0.91934717
1279	300	0.9065928
1279	2161	0.90432554
1279	2268	0.896999
1280	296	0.9971785
1280	3114	0.9935999
1280	50	0.992689
1280	318	0.99112153
1280	3006	0.9829516
1280	104	0.96976805
1280	1358	0.96822023
1280	593	0.9249122
1280	1465	0.9217026
1280	1033	0.9179869
1281	1249	0.9992254
1281	2599	0.99697626
1281	866	0.9967891
1281	1544	0.99643934
1281	527	0.99318933
1281	2908	0.95885104
1281	296	0.9373193
1281	1236	0.92825836
1281	25	0.91682625
1281	574	0.89807236
1282	329	0.99962264
1282	2530	0.80766535
1282	2532	0.74917513
1282	1544	0.3976568
1282	589	0.33374056
1282	480	0.2928052
1282	2791	0.13978514
1282	1356	0.04303983
1282	2456	0.042037785
1282	1586	0.03855017
1283	608	0.99949205
1283	589	0.99876124
1283	1265	0.99653167
1283	2762	0.99645096
1283	380	0.9893998
1283	903	0.98069274
1283	2858	0.97078204
1283	7	0.9705645
1283	1947	0.96992946
1283	1580	0.9636604
1284	1358	0.9999999
1284	1407	0.99941623
1284	337	0.99755824
1284	1627	0.99706995
1284	1625	0.99399346
1284	47	0.99068725
1284	3256	0.9887781
1284	539	0.9875114
1284	838	0.9855813
1284	3105	0.9693495
1285	2797	0.99851817
1285	1357	0.9963417
1285	2313	0.9952788
1285	1885	0.97220623
1285	1343	0.9717536
1285	543	0.9271133
1285	1711	0.9035446
1285	2427	0.9023204
1285	969	0.9023091
1285	2917	0.89426804
1286	1696	0.99773633
1286	2070	0.5629062
1286	581	0.43730465
1286	2702	0.43146378
1286	3176	0.26782572
1286	1549	0.20245126
1286	2699	0.17287898
1286	2959	0.15843391
1286	2881	0.114114165
1286	851	0.06286764
1287	2357	0.99952805
1287	1223	0.998593
1287	190	0.9888048
1287	608	0.97620785
1287	1912	0.96848047
1287	720	0.93391895
1287	162	0.8977804
1287	215	0.77762854
1287	2973	0.71681356
1287	2542	0.6057869
1288	1392	0.9992944
1288	2070	0.999201
1288	1203	0.9983057
1288	1213	0.99812984
1288	1293	0.99695027
1288	527	0.9959166
1288	2023	0.99588877
1288	1411	0.9934652
1288	2710	0.9915712
1288	1953	0.990965
1289	2804	0.24486339
1289	2916	0.22227016
1289	1214	0.22121501
1289	1017	0.20202458
1289	3365	0.14852369
1289	2662	0.10834554
1289	3175	0.08291826
1289	1253	0.082470864
1289	1233	0.06926525
1289	1136	0.056497097
1290	2683	0.9999986
1290	2706	0.9721533
1290	2394	0.8582208
1290	3016	0.846138
1290	2987	0.7439835
1290	785	0.6556958
1290	2692	0.4342663
1290	2605	0.2545445
1290	3174	0.20687994
1290	2355	0.18789959
1291	1476	0.9987906
1291	1394	0.99792063
1291	551	0.997643
1291	342	0.99522126
1291	1183	0.9899909
1291	574	0.9884263
1291	1252	0.9852053
1291	2186	0.9818373
1291	1997	0.97928137
1291	300	0.9791143
1292	480	0.99931943
1292	2160	0.82307714
1292	1035	0.7935897
1292	2447	0.70818603
1292	1269	0.69947886
1292	1580	0.6290779
1292	366	0.59820104
1292	2456	0.5768047
1292	1345	0.5475361
1292	2019	0.4789524
1293	2918	0.997548
1293	1259	0.9970695
1293	1250	0.9969232
1293	1302	0.9942137
1293	3160	0.99395174
1293	1197	0.9903012
1293	110	0.9897802
1293	2788	0.9888906
1293	3363	0.98873955
1293	919	0.9803326
1294	2300	0.9999531
1294	2108	0.99975926
1294	2918	0.99966824
1294	1276	0.99914324
1294	2935	0.99809337
1294	1966	0.99288774
1294	3022	0.9913013
1294	1546	0.99061763
1294	1500	0.9895246
1294	2303	0.9827225
1295	912	0.9969547
1295	527	0.9944569
1295	1193	0.97604847
1295	3006	0.9731871
1295	3334	0.9520303
1295	1069	0.9211498
1295	2686	0.8729899
1295	1938	0.7752892
1295	2908	0.7658371
1295	927	0.73172385
1296	527	0.99998116
1296	1641	0.9998965
1296	2289	0.9987557
1296	2324	0.99801826
1296	1704	0.9976399
1296	2858	0.99755627
1296	2028	0.99754274
1296	36	0.99396694
1296	1466	0.9916543
1296	1396	0.9411657
1297	1179	0.9972811
1297	2105	0.9869219
1297	1376	0.96736956
1297	2686	0.95457006
1297	1894	0.92009896
1297	2699	0.8990812
1297	2021	0.89793515
1297	356	0.8822708
1297	1035	0.86612695
1297	1747	0.8467543
1298	2822	0.98285496
1298	3052	0.96706986
1298	2470	0.9590672
1298	1242	0.95602816
1298	2804	0.93499714
1298	3044	0.9349166
1298	2599	0.9300727
1298	361	0.92039627
1298	2759	0.90502644
1298	2580	0.9024912
1299	1527	0.99943507
1299	1407	0.99692655
1299	1321	0.9937922
1299	50	0.99010706
1299	1391	0.9740095
1299	2746	0.95441043
1299	2455	0.9393805
1299	1078	0.9289209
1299	2947	0.9164007
1299	637	0.90162086
1300	2315	0.9998737
1300	2279	0.99953896
1300	1407	0.99452245
1300	2867	0.99275553
1300	2793	0.95456374
1300	3177	0.7426783
1300	2513	0.71459043
1300	1974	0.6599769
1300	330	0.64631313
1300	2338	0.5394552
1301	1036	0.9948515
1301	534	0.98746693
1301	1358	0.981339
1301	2640	0.96947294
1301	3363	0.96244764
1301	3072	0.9605118
1301	1944	0.95697963
1301	32	0.95083225
1301	3108	0.9351197
1301	1276	0.8496233
1302	50	0.99996233
1302	480	0.99257267
1302	1518	0.9906528
1302	1527	0.9904454
1302	2804	0.9782565
1302	593	0.9764371
1302	253	0.9602935
1302	2599	0.95818985
1302	296	0.91619354
1302	1805	0.9148062
1303	2699	0.9999796
1303	1200	0.99212563
1303	1265	0.9609865
1303	1500	0.9362187
1303	380	0.9116553
1303	1049	0.8936008
1303	2920	0.89229023
1303	1917	0.88208383
1303	1923	0.86800873
1303	3424	0.86167586
1304	2001	0.99247944
1304	2985	0.9821825
1304	2947	0.9227464
1304	1387	0.90298325
1304	2571	0.8510426
1304	1218	0.810671
1304	1101	0.80983806
1304	1620	0.7650602
1304	1275	0.75091064
1304	3418	0.61201257
1305	2677	0.908515
1305	1649	0.5040652
1305	2730	0.23612642
1305	2239	0.1061528
1305	2028	0.0954203
1305	1111	0.07295546
1305	111	0.027361155
1305	2866	0.027031153
1305	1827	0.01698032
1305	2813	0.013460904
1306	2640	0.9982085
1306	800	0.9951072
1306	2324	0.99274087
1306	1307	0.9891015
1306	2683	0.9887841
1306	1945	0.98639995
1306	2011	0.97825444
1306	2363	0.96276206
1306	648	0.96221614
1306	3072	0.9609512
1307	1097	0.999473
1307	1203	0.99940944
1307	1259	0.98359376
1307	2383	0.98242575
1307	2792	0.98061514
1307	1193	0.8217839
1307	2396	0.72778416
1307	2720	0.7150272
1307	2379	0.6399056
1307	2028	0.32121497
1308	1097	0.99994314
1308	1265	0.99975187
1308	1036	0.9997254
1308	1246	0.9993647
1308	1923	0.9988593
1308	1961	0.9988448
1308	480	0.9987149
1308	318	0.9979455
1308	1240	0.99683857
1308	36	0.99411803
1309	2322	0.98059165
1309	2231	0.9420036
1309	1476	0.93119353
1309	3302	0.5706901
1309	1615	0.34953347
1309	2687	0.14572051
1309	2432	0.08165157
1309	110	0.06158185
1309	1721	0.046281576
1309	62	0.0414612
1310	2020	0.9687784
1310	3252	0.8965142
1310	1694	0.83944374
1310	1090	0.82384634
1310	1225	0.7945057
1310	1242	0.68680847
1310	1095	0.5092415
1310	1957	0.4859497
1310	3098	0.41836748
1310	2917	0.3936539
1311	1291	0.99886596
1311	2193	0.9986532
1311	733	0.9974713
1311	849	0.9798517
1311	1917	0.97065365
1311	2712	0.96830213
1311	3269	0.9660055
1311	2723	0.9652666
1311	2	0.9648593
1311	558	0.95744765
1312	480	0.80464756
1312	3000	0.80208135
1312	1033	0.59491795
1312	1282	0.57036525
1312	661	0.4535773
1312	3033	0.4292966
1312	2968	0.40221155
1312	1909	0.3776267
1312	888	0.37436783
1312	2365	0.2781893
1313	858	0.99977857
1313	110	0.9973638
1313	3300	0.9916345
1313	1210	0.9494668
1313	1250	0.85748076
1313	1198	0.8474889
1313	1617	0.7935388
1313	593	0.5298553
1313	2404	0.4286981
1313	2858	0.3443065
1314	3257	0.99684286
1314	3054	0.99160004
1314	160	0.98337543
1314	838	0.97198147
1314	262	0.9543271
1314	3157	0.9515002
1314	1375	0.9325012
1314	329	0.93203497
1314	709	0.92566967
1314	1374	0.9223279
1315	1267	0.999994
1315	913	0.99998057
1315	3307	0.99685
1315	3083	0.9904107
1315	750	0.9887668
1315	928	0.98648214
1315	1953	0.9810567
1315	1183	0.96730804
1315	1094	0.96003366
1315	969	0.9194626
1316	1911	0.99921644
1316	1127	0.99764156
1316	2428	0.99596673
1316	2710	0.9844475
1316	3409	0.98442614
1316	2555	0.95178866
1316	3016	0.94187504
1316	1210	0.9338758
1316	648	0.82475257
1316	2600	0.7857235
1317	223	0.9999858
1317	1213	0.9902027
1317	2407	0.9522241
1317	585	0.946028
1317	3176	0.9125545
1317	1172	0.90617573
1317	1252	0.8558611
1317	1259	0.8272644
1317	923	0.80771625
1317	1219	0.7788563
1318	507	0.8208239
1318	2628	0.67166257
1318	2028	0.44174722
1318	516	0.3343513
1318	1196	0.24312541
1318	480	0.18271586
1318	11	0.1784094
1318	3101	0.10045639
1318	589	0.07984525
1318	527	0.07842508
1319	858	0.9995272
1319	2951	0.99946094
1319	110	0.9982674
1319	2194	0.96948063
1319	1196	0.93385005
1319	2146	0.9019102
1319	1240	0.88340425
1319	1291	0.7525712
1319	2528	0.7407827
1319	1304	0.7362474
1320	1275	0.99990875
1320	2944	0.99964243
1320	2019	0.9702601
1320	380	0.94498354
1320	163	0.9431345
1320	592	0.89859986
1320	1385	0.89376736
1320	1197	0.8889026
1320	648	0.7936398
1320	1376	0.7402304
1321	1956	0.9999839
1321	1962	0.99996626
1321	1242	0.9998498
1321	2150	0.99475026
1321	1674	0.98790467
1321	2417	0.97682345
1321	1395	0.97423494
1321	1228	0.9658717
1321	2000	0.9596716
1321	2313	0.9530406
1322	588	0.9999913
1322	2088	0.9999513
1322	2791	0.99730897
1322	1950	0.979921
1322	1294	0.96709764
1322	1265	0.94140947
1322	902	0.90095603
1322	1953	0.8620866
1322	1057	0.82337534
1322	1049	0.79747164
1323	446	0.996329
1323	1196	0.8602387
1323	1081	0.8497571
1323	1946	0.73832
1323	2375	0.6992982
1323	928	0.67897654
1323	1198	0.6788021
1323	1965	0.65339524
1323	58	0.6127561
1323	892	0.600665
1324	162	0.9999244
1324	556	0.9966506
1324	2692	0.97630125
1324	2976	0.9745855
1324	1304	0.957566
1324	1214	0.93934125
1324	2987	0.88316333
1324	2677	0.8461198
1324	1196	0.82761085
1324	858	0.81133735
1325	1233	0.995497
1325	1527	0.95115435
1325	2288	0.93559295
1325	2090	0.82931674
1325	1080	0.7963815
1325	1277	0.7961793
1325	2123	0.7849007
1325	2082	0.77718306
1325	1500	0.7627241
1325	2746	0.61878484
1326	50	0.9999989
1326	1249	0.9998449
1326	2762	0.99982
1326	1617	0.9994208
1326	296	0.9968265
1326	1061	0.98127496
1326	2028	0.97267187
1326	47	0.8952611
1326	32	0.89415765
1326	1196	0.86090696
1327	2427	0.995285
1327	1445	0.9946352
1327	1912	0.99088144
1327	553	0.99076056
1327	780	0.9874377
1327	2815	0.9640869
1327	3366	0.8479223
1327	516	0.6953613
1327	3114	0.64918774
1327	1094	0.6007848
1328	2376	0.99844074
1328	2991	0.99736965
1328	1610	0.98772895
1328	1214	0.98321915
1328	592	0.9807253
1328	2993	0.9069123
1328	1429	0.87626135
1328	1408	0.8642459
1328	733	0.8394217
1328	1676	0.76412994
1329	2046	0.9526335
1329	3408	0.94949585
1329	3316	0.9379644
1329	333	0.9361824
1329	3156	0.91131556
1329	1784	0.90304095
1329	3396	0.8969888
1329	104	0.8875557
1329	36	0.8739264
1329	364	0.87264585
1330	745	0.9999958
1330	3406	0.99986994
1330	1931	0.99986786
1330	1210	0.9994689
1330	1132	0.9991613
1330	3067	0.9985743
1330	3185	0.99720526
1330	3089	0.9970918
1330	2019	0.9927244
1330	955	0.99147797
1331	750	0.99715024
1331	490	0.9929603
1331	2580	0.99228656
1331	2690	0.98272103
1331	913	0.9795641
1331	1230	0.97932637
1331	1953	0.9692229
1331	930	0.9652029
1331	1952	0.9351989
1331	608	0.91311044
1332	2791	0.9999355
1332	2858	0.9998921
1332	2997	0.9987175
1332	2788	0.9974276
1332	1230	0.9929847
1332	1244	0.9875157
1332	1148	0.98739725
1332	2028	0.9776987
1332	1276	0.94911206
1332	1882	0.9391478
1333	431	0.9994917
1333	1376	0.9890646
1333	1370	0.97845256
1333	2353	0.9537335
1333	2268	0.9529084
1333	2804	0.9416275
1333	1207	0.9014572
1333	368	0.88862824
1333	1262	0.8813318
1333	3044	0.85107076
1334	2013	0.9999747
1334	2906	0.99959165
1334	1125	0.99794817
1334	2716	0.9973875
1334	2532	0.9937048
1334	2542	0.99212074
1334	2858	0.98617506
1334	2827	0.98465335
1334	1077	0.9845197
1334	2396	0.9819174
1335	2324	0.9975588
1335	913	0.9947096
1335	1235	0.9861959
1335	1094	0.9790007
1335	1961	0.9774121
1335	2641	0.97468877
1335	1965	0.97274697
1335	527	0.9652008
1335	247	0.95875025
1335	446	0.93331814
1336	3114	0.99786687
1336	2762	0.99773127
1336	2997	0.99532866
1336	1266	0.9947829
1336	745	0.9934186
1336	1265	0.9863655
1336	2375	0.98420095
1336	2858	0.93161154
1336	118	0.926245
1336	318	0.9242023
1337	588	0.999827
1337	1032	0.9996016
1337	1947	0.99855816
1337	260	0.9969894
1337	616	0.9939003
1337	2137	0.99033624
1337	2761	0.989692
1337	2123	0.9527347
1337	2046	0.8777298
1337	1907	0.85602415
1338	3317	0.9991448
1338	1210	0.99554044
1338	2692	0.9938343
1338	1610	0.98707306
1338	1240	0.98125744
1338	1954	0.9802684
1338	1466	0.97616374
1338	592	0.94857574
1338	448	0.9483297
1338	480	0.9445473
1339	589	0.9983779
1339	1895	0.978665
1339	2145	0.97764087
1339	368	0.97692937
1339	457	0.9729526
1339	34	0.9664912
1339	2174	0.9646472
1339	3072	0.94516414
1339	353	0.9038929
1339	2699	0.9032048
1340	849	0.98788524
1340	1037	0.96806747
1340	2968	0.9562541
1340	1945	0.9503124
1340	3168	0.9478456
1340	1073	0.94340146
1340	1704	0.88317263
1340	2160	0.84673584
1340	2657	0.82766986
1340	1968	0.77215654
1341	1717	0.99997437
1341	2026	0.9999671
1341	382	0.99972856
1341	2389	0.9900723
1341	1999	0.86025745
1341	611	0.8512564
1341	2717	0.83028173
1341	2148	0.8268177
1341	2548	0.7857648
1341	2054	0.73585546
1342	2113	0.99955857
1342	2315	0.9779546
1342	1690	0.97758543
1342	842	0.9333439
1342	2338	0.92715836
1342	2514	0.7031114
1342	196	0.41919425
1342	12	0.3965853
1342	593	0.30587214
1342	2551	0.24181819
1343	1701	0.99993104
1343	909	0.99992394
1343	3006	0.9994814
1343	750	0.9993992
1343	1252	0.9989531
1343	2616	0.99848104
1343	2779	0.9983506
1343	2355	0.996585
1343	1097	0.9764116
1343	2248	0.9726137
1344	2132	0.99239546
1344	3156	0.9886845
1344	920	0.98467016
1344	912	0.9804193
1344	1907	0.9328369
1344	110	0.92371637
1344	2137	0.87005115
1344	673	0.85912395
1344	3147	0.71944785
1344	1090	0.55533093
1345	2424	0.99811524
1345	1569	0.9938786
1345	3255	0.9861641
1345	2567	0.9836507
1345	348	0.9786772
1345	104	0.9723251
1345	2542	0.95852643
1345	1968	0.95165384
1345	1784	0.95090497
1345	700	0.8990754
1346	1097	0.9996379
1346	592	0.9951286
1346	1377	0.9627806
1346	1387	0.89834076
1346	2469	0.8812605
1346	2288	0.86204326
1346	780	0.8552414
1346	913	0.67903554
1346	2917	0.5883191
1346	1617	0.5381384
1347	318	0.9999951
1347	1885	0.9998336
1347	1784	0.99946463
1347	2324	0.9993324
1347	1094	0.995349
1347	1500	0.92164403
1347	457	0.9153784
1347	2497	0.9124676
1347	1060	0.8766276
1347	1923	0.86473954
1348	1097	0.9989135
1348	551	0.9957943
1348	2142	0.98200905
1348	480	0.96393466
1348	1566	0.86716205
1348	1544	0.83615613
1348	2987	0.81855655
1348	2899	0.80055743
1348	2761	0.7712167
1348	2046	0.7326326
1349	1036	0.9933553
1349	1201	0.58331424
1349	2948	0.5216797
1349	2115	0.12768131
1349	110	0.109934
1349	1278	0.031108469
1349	1275	0.01585856
1349	1044	0.009958714
1349	1954	0.00866434
1349	1200	0.008571625
1350	11	0.9999582
1350	539	0.9998237
1350	527	0.9997609
1350	25	0.9983851
1350	36	0.99336934
1350	2336	0.99230784
1350	934	0.9902723
1350	3247	0.9891986
1350	597	0.9884722
1350	2396	0.98637545
1351	904	0.9965634
1351	593	0.9848412
1351	2762	0.97417605
1351	1240	0.90364873
1351	2916	0.7664098
1351	527	0.7002264
1351	1358	0.6875502
1351	1674	0.6613457
1351	1210	0.5912393
1351	2858	0.5788702
1352	608	0.9658571
1352	232	0.9408817
1352	2912	0.8839266
1352	1221	0.82464445
1352	1240	0.73390526
1352	1230	0.64727575
1352	1196	0.512198
1352	589	0.4265449
1352	2278	0.4133454
1352	1358	0.40804726
1353	2687	0.9999757
1353	1025	0.99995303
1353	2141	0.9998834
1353	2090	0.9998586
1353	2060	0.9938702
1353	720	0.98539805
1353	2142	0.9754002
1353	1032	0.9716774
1353	783	0.93919927
1353	208	0.9368358
1354	1500	0.96837336
1354	2163	0.91551983
1354	368	0.9103868
1354	590	0.9055631
1354	2124	0.8309983
1354	2324	0.7444187
1354	2396	0.74345064
1354	1148	0.73249197
1354	1	0.7303575
1354	1358	0.7248964
1355	1299	0.98724586
1355	1947	0.9703337
1355	2248	0.9593501
1355	3099	0.9421555
1355	1081	0.90078545
1355	3174	0.8859017
1355	1958	0.87901294
1355	2872	0.86320007
1355	1945	0.8347336
1355	2020	0.80665207
1356	3355	0.9891404
1356	368	0.9769054
1356	420	0.96964705
1356	1243	0.9603398
1356	785	0.9458532
1356	3	0.9413843
1356	593	0.94080406
1356	1584	0.9255059
1356	2455	0.9094954
1356	2912	0.89017344
1357	3018	0.99980754
1357	2826	0.9922161
1357	742	0.82063854
1357	1644	0.80519825
1357	1918	0.7928122
1357	842	0.76297146
1357	3013	0.755842
1357	2657	0.7129023
1357	1387	0.70421463
1357	2004	0.61926347
1358	1129	0.9985578
1358	1210	0.998346
1358	1779	0.994068
1358	3300	0.97645843
1358	1199	0.89410335
1358	2549	0.776242
1358	2672	0.6252793
1358	2985	0.5275171
1358	435	0.5139043
1358	2808	0.4245474
1359	2142	0.999998
1359	3213	0.9915283
1359	351	0.9809046
1359	2987	0.96531284
1359	2089	0.9626194
1359	2041	0.9546927
1359	1033	0.9387419
1359	1031	0.9315889
1359	3034	0.92360604
1359	3159	0.89970946
1360	2393	0.99975854
1360	785	0.9982182
1360	2693	0.99311125
1360	329	0.9861155
1360	2526	0.9855051
1360	1388	0.9758105
1360	2710	0.94742715
1360	2858	0.9158793
1360	2683	0.87719357
1360	1527	0.87381256
1361	1171	0.9998493
1361	1219	0.99973154
1361	912	0.9996148
1361	1307	0.9985257
1361	534	0.99427
1361	2575	0.9930582
1361	123	0.99239457
1361	953	0.9909983
1361	1293	0.98176026
1361	456	0.980957
1362	3	0.99777055
1362	1376	0.98868036
1362	3000	0.9647392
1362	2808	0.8126498
1362	611	0.775512
1362	2527	0.75774217
1362	519	0.7546836
1362	924	0.70945203
1362	1171	0.5937755
1362	2858	0.55028164
1363	2858	0.99981195
1363	1210	0.73244596
1363	2023	0.7200144
1363	1291	0.7085358
1363	2324	0.5484246
1363	1912	0.44238305
1363	2028	0.44182935
1363	1222	0.3258601
1363	1236	0.30524045
1363	1617	0.29308933
1364	1345	0.99996394
1364	858	0.99994135
1364	2784	0.9995619
1364	1215	0.9949982
1364	1982	0.99115545
1364	1	0.98935163
1364	1221	0.93020236
1364	1617	0.8860687
1364	2853	0.8188877
1364	2455	0.81097585
1365	2115	0.9999883
1365	1225	0.9997457
1365	1968	0.99374104
1365	1246	0.9921382
1365	1957	0.98219013
1365	2064	0.98135036
1365	1214	0.9748236
1365	1207	0.9728219
1365	2747	0.95633847
1365	356	0.9337193
1366	2762	0.9932922
1366	2541	0.98768663
1366	3053	0.98142093
1366	2318	0.92200637
1366	2492	0.8938046
1366	2598	0.8049893
1366	1127	0.7852529
1366	3157	0.7506453
1366	2700	0.6911733
1366	2861	0.68523157
1367	1923	0.9999765
1367	3255	0.99918437
1367	595	0.9933815
1367	1200	0.99036306
1367	587	0.988724
1367	1193	0.95393455
1367	1393	0.9476104
1367	1028	0.9199915
1367	3108	0.84241104
1367	2968	0.8324338
1368	900	0.998526
1368	902	0.9855279
1368	1197	0.97448486
1368	265	0.9589141
1368	110	0.7133897
1368	2020	0.35411572
1368	1247	0.25674385
1368	46	0.22100213
1368	356	0.11547586
1368	48	0.11508402
1369	589	0.9995762
1369	165	0.99880505
1369	1257	0.9868474
1369	733	0.98347235
1369	3087	0.9815283
1369	3421	0.9790014
1369	2367	0.9746144
1369	47	0.96298456
1369	1073	0.9396374
1369	1179	0.9261553
1370	45	0.9997314
1370	1258	0.97869784
1370	1961	0.9782419
1370	3176	0.87835956
1370	3159	0.73256016
1370	2826	0.66773295
1370	2113	0.6261084
1370	2720	0.6077604
1370	2028	0.6038388
1370	1272	0.5544375
1371	1409	0.9997086
1371	258	0.99897516
1371	1702	0.97668886
1371	8	0.94904494
1371	1580	0.911757
1371	367	0.8324648
1371	1097	0.81713355
1371	838	0.782557
1371	356	0.7227001
1371	1270	0.7032925
1372	1407	0.99782825
1372	2541	0.97935545
1372	3174	0.96033263
1372	2841	0.8983247
1372	3285	0.83794963
1372	2961	0.83165705
1372	3005	0.73933303
1372	2540	0.7134847
1372	2683	0.52061516
1372	3160	0.44418573
1373	541	0.99999326
1373	2987	0.9998106
1373	588	0.9994106
1373	913	0.9954888
1373	1284	0.9457952
1373	912	0.8409728
1373	2657	0.72436607
1373	551	0.57147133
1373	2746	0.51701593
1373	34	0.34977883
1374	232	0.9961872
1374	1277	0.9743152
1374	272	0.9243902
1374	2336	0.89699817
1374	3271	0.82609737
1374	36	0.81931996
1374	2966	0.807285
1374	2611	0.75484145
1374	47	0.71591735
1374	1094	0.629035
1375	1513	0.99999917
1375	3203	0.99059266
1375	2394	0.9818468
1375	2840	0.9813609
1375	276	0.9434498
1375	2683	0.90960324
1375	25	0.56624293
1375	1186	0.50424784
1375	223	0.4711336
1375	105	0.38745895
1376	2840	0.9999885
1376	785	0.9948704
1376	2706	0.9784873
1376	913	0.94511306
1376	2683	0.94401395
1376	223	0.765638
1376	1617	0.6905793
1376	2028	0.6902257
1376	2333	0.28962487
1376	1513	0.2350258
1377	442	0.99530673
1377	3039	0.99214315
1377	380	0.9545928
1377	440	0.91716784
1377	2108	0.858594
1377	1224	0.8210996
1377	266	0.8200799
1377	1616	0.7339275
1377	2291	0.6752282
1377	2671	0.5835219
1378	3334	0.99831307
1378	1252	0.99543417
1378	1721	0.9730905
1378	1069	0.88530004
1378	593	0.87697744
1378	1466	0.8363414
1378	1265	0.65527165
1378	898	0.5798629
1378	936	0.5768995
1378	2122	0.55031645
1379	920	0.9932905
1379	551	0.762566
1379	2160	0.712336
1379	902	0.6176269
1379	2504	0.5770827
1379	914	0.50727856
1379	1580	0.46831158
1379	2969	0.2612496
1379	3299	0.24854457
1379	1961	0.19435859
1380	318	0.99194247
1380	2720	0.95969486
1380	2046	0.949888
1380	1866	0.92041385
1380	2169	0.91805065
1380	593	0.88115144
1380	954	0.8537499
1380	590	0.83518493
1380	648	0.82476497
1380	1020	0.81143284
1381	1500	0.99999964
1381	174	0.9996029
1381	1961	0.99932176
1381	1641	0.99922466
1381	637	0.98512256
1381	357	0.9831444
1381	1569	0.98290765
1381	2859	0.97809595
1381	2321	0.9724942
1381	2289	0.97192085
1382	1244	0.9855268
1382	951	0.88517195
1382	902	0.80664325
1382	1945	0.6918149
1382	1104	0.6750069
1382	912	0.66864777
1382	2019	0.59965485
1382	3030	0.5372519
1382	527	0.519471
1382	1230	0.4704259
1383	909	0.9999965
1383	1395	0.99669933
1383	480	0.9536381
1383	1682	0.9439602
1383	2985	0.9407158
1383	1246	0.9123976
1383	58	0.89051723
1383	2110	0.8595969
1383	2336	0.84472525
1383	2120	0.8433776
1384	1196	0.9150993
1384	648	0.70070755
1384	3160	0.6734932
1384	593	0.45663503
1384	349	0.45259577
1384	1248	0.40799624
1384	480	0.40774444
1384	608	0.3996107
1384	2997	0.16663235
1384	50	0.16115361
1385	2169	0.9971626
1385	2028	0.9879511
1385	2571	0.8766949
1385	1754	0.8591171
1385	1971	0.8288882
1385	2000	0.8185395
1385	1748	0.77603155
1385	593	0.69666827
1385	1805	0.62407744
1385	1	0.5498308
1386	2138	0.99940765
1386	3054	0.99115753
1386	1193	0.9890989
1386	1136	0.98832357
1386	2078	0.97227174
1386	741	0.94073313
1386	3072	0.91177356
1386	830	0.84355605
1386	223	0.8293409
1386	2080	0.8200773
1387	969	0.9988883
1387	1193	0.9981055
1387	1912	0.9937153
1387	2936	0.99037445
1387	1827	0.98996127
1387	1953	0.96817315
1387	556	0.9525373
1387	2115	0.9448291
1387	1248	0.9328445
1387	2935	0.90020084
1388	1036	0.99983406
1388	349	0.99706507
1388	22	0.92549706
1388	3101	0.71793056
1388	1240	0.635813
1388	480	0.47694716
1388	2058	0.44608024
1388	50	0.43412325
1388	292	0.30427405
1388	1704	0.29134887
1389	1183	0.9899353
1389	2291	0.98592633
1389	1089	0.969904
1389	3033	0.969257
1389	2797	0.9647248
1389	1682	0.95338285
1389	2005	0.94488037
1389	1729	0.94342875
1389	2871	0.92544377
1389	1288	0.9110693
1390	2369	0.99966836
1390	2861	0.9995779
1390	3253	0.99555993
1390	2567	0.9896188
1390	1587	0.98763895
1390	1784	0.98577726
1390	2058	0.98518014
1390	1079	0.98010933
1390	2471	0.975101
1390	2496	0.9574896
1391	1883	0.9999323
1391	1367	0.99949163
1391	141	0.99948955
1391	1639	0.9884651
1391	1188	0.9816514
1391	1296	0.94410217
1391	1057	0.9347621
1391	1648	0.8773924
1391	3006	0.8752562
1391	514	0.8695948
1392	1376	0.9991244
1392	1372	0.99849224
1392	1287	0.99755776
1392	3030	0.99543
1392	2640	0.99075663
1392	110	0.97802055
1392	1396	0.97656965
1392	1840	0.96392924
1392	3253	0.9630852
1392	3174	0.9608039
1393	1610	0.95691574
1393	1219	0.9489567
1393	1208	0.93100023
1393	1953	0.9046046
1393	1361	0.8572616
1393	904	0.828745
1393	969	0.78463674
1393	1089	0.7404889
1393	3176	0.73640555
1393	3006	0.72457105
1394	1673	0.999905
1394	908	0.9520974
1394	70	0.67902905
1394	608	0.60335517
1394	266	0.4866394
1394	661	0.46431166
1394	527	0.38278943
1394	1617	0.097224295
1394	247	0.088760465
1394	1682	0.041392386
1395	1748	0.9981096
1395	327	0.99595094
1395	1923	0.98674923
1395	2012	0.9854758
1395	1429	0.98308474
1395	3265	0.9778793
1395	3175	0.97728574
1395	2140	0.96873826
1395	1356	0.95214903
1395	2693	0.9335365
1396	1148	0.99961746
1396	1223	0.99879146
1396	923	0.9965197
1396	1965	0.9945463
1396	70	0.98842394
1396	1235	0.98446786
1396	1517	0.97506344
1396	1288	0.9668108
1396	32	0.9579368
1396	3363	0.939261
1397	2553	0.997401
1397	2916	0.8179289
1397	328	0.7005401
1397	2664	0.65393186
1397	2660	0.6023305
1397	2455	0.45184463
1397	1199	0.42583996
1397	3264	0.3459201
1397	2428	0.20099762
1397	2529	0.17488772
1398	1171	0.99828345
1398	1466	0.99792075
1398	1327	0.97921026
1398	1248	0.74866307
1398	111	0.72300863
1398	524	0.65902126
1398	891	0.6526595
1398	277	0.6334163
1398	2792	0.3217395
1398	2657	0.3120122
1399	3160	0.9999592
1399	348	0.99984354
1399	1339	0.99950606
1399	610	0.98482245
1399	1994	0.98323333
1399	1590	0.9753645
1399	1845	0.9668207
1399	1732	0.9636018
1399	1408	0.94989824
1399	608	0.93795204
1400	1213	0.9981369
1400	1358	0.9972645
1400	1089	0.99620354
1400	246	0.99496025
1400	1704	0.98975885
1400	150	0.95625734
1400	2858	0.9530476
1400	1641	0.92437637
1400	1617	0.9235301
1400	32	0.7775879
1401	858	0.99999034
1401	1248	0.9998523
1401	1237	0.9983494
1401	1721	0.9426563
1401	1104	0.937744
1401	912	0.91612154
1401	1348	0.86668766
1401	541	0.63887626
1401	1196	0.5495077
1401	1945	0.54706943
1402	2762	0.9977581
1402	2599	0.9956397
1402	1265	0.9880691
1402	50	0.9809016
1402	899	0.96227235
1402	2571	0.58321714
1402	1682	0.53311753
1402	2565	0.34966898
1402	1	0.16588679
1402	1253	0.15765044
1403	1097	0.99999964
1403	2193	0.9999995
1403	1580	0.9971525
1403	2161	0.99691296
1403	3417	0.991451
1403	1073	0.98100984
1403	2797	0.97623
1403	2891	0.9720556
1403	2690	0.968418
1403	2396	0.92967486
1404	3253	0.9994755
1404	1260	0.992846
1404	1148	0.99194634
1404	3308	0.98996425
1404	104	0.98955953
1404	2361	0.9836483
1404	2700	0.978976
1404	1517	0.97513056
1404	2100	0.9692533
1404	1784	0.9645404
1405	1254	0.9997457
1405	1214	0.9993209
1405	1193	0.9971827
1405	919	0.9907274
1405	1207	0.9898133
1405	1952	0.98825276
1405	969	0.9811343
1405	1704	0.95824194
1405	1939	0.9570385
1405	1230	0.95210254
1406	2028	0.99943304
1406	1210	0.9981973
1406	296	0.9705107
1406	260	0.64923745
1406	2297	0.5464255
1406	1617	0.3120373
1406	508	0.16721895
1406	1730	0.11479667
1406	3426	0.06908056
1406	589	0.066863835
1407	348	0.9990532
1407	588	0.9951136
1407	232	0.9731388
1407	3253	0.97261286
1407	2171	0.95628554
1407	733	0.9525659
1407	314	0.8922833
1407	2108	0.8752327
1407	17	0.8698015
1407	164	0.85157347
1408	6	0.9999876
1408	353	0.9999397
1408	368	0.99932516
1408	442	0.9980002
1408	2334	0.9954319
1408	292	0.97385406
1408	163	0.9364872
1408	1722	0.8963431
1408	3273	0.82324946
1408	2023	0.7407807
1409	593	0.9994276
1409	529	0.9987092
1409	3265	0.99802697
1409	2571	0.99698526
1409	2396	0.99678683
1409	1266	0.9943925
1409	3208	0.9926927
1409	293	0.99003553
1409	1394	0.9773944
1409	2762	0.9737104
1410	1214	0.99998015
1410	2677	0.9987855
1410	2392	0.99437165
1410	2572	0.9933259
1410	2469	0.98943806
1410	2504	0.9772445
1410	902	0.9656775
1410	1961	0.96450734
1410	237	0.91444963
1410	737	0.90703356
1411	3113	0.90174496
1411	1513	0.5162439
1411	2302	0.41975754
1411	1447	0.39461094
1411	2694	0.30246195
1411	3005	0.07999757
1411	223	0.07682705
1411	2025	0.06873274
1411	125	0.032730907
1411	3175	0.031824708
1412	1617	0.99993026
1412	1179	0.9876455
1412	3273	0.97486
1412	47	0.9518084
1412	593	0.8739618
1412	2076	0.83348
1412	1196	0.75576746
1412	443	0.7034972
1412	1210	0.66469175
1412	589	0.6585113
1413	2324	0.99994993
1413	3298	0.99944437
1413	1267	0.9984635
1413	1240	0.98908204
1413	1213	0.97294736
1413	1127	0.97185177
1413	1923	0.9301958
1413	3328	0.90408534
1413	750	0.88715637
1413	527	0.8857157
1414	1610	0.99801624
1414	377	0.99038476
1414	95	0.98908275
1414	1769	0.8874624
1414	2058	0.6893435
1414	3175	0.68527156
1414	168	0.55130863
1414	1918	0.5461466
1414	292	0.43024582
1414	349	0.28073716
1415	1246	0.99992836
1415	2949	0.999928
1415	34	0.99984014
1415	2997	0.9996355
1415	150	0.9981661
1415	1225	0.99764436
1415	3405	0.99245656
1415	1954	0.99208194
1415	2599	0.9893404
1415	1247	0.9836777
1416	2694	0.9763726
1416	3113	0.8944591
1416	2908	0.85167474
1416	3004	0.73159856
1416	2683	0.6717117
1416	2599	0.59385395
1416	2699	0.38631743
1416	3114	0.32484466
1416	223	0.2469151
1416	2881	0.18933904
1417	2565	0.99094766
1417	1036	0.6833413
1417	907	0.57453585
1417	3097	0.5478016
1417	3089	0.54019296
1417	1254	0.48857483
1417	940	0.3274078
1417	1067	0.31026796
1417	2720	0.286076
1417	932	0.2584602
1418	1610	0.99991083
1418	1676	0.99976647
1418	3156	0.99623954
1418	1320	0.99348676
1418	2046	0.9929657
1418	2961	0.98495
1418	1917	0.9673013
1418	1591	0.9531987
1418	1270	0.94025886
1418	908	0.9260634
1419	2160	0.97548485
1419	242	0.9287323
1419	3408	0.78793424
1419	3354	0.6335985
1419	2454	0.61828125
1419	2571	0.57682836
1419	1544	0.498604
1419	3286	0.48179662
1419	3190	0.37473467
1419	1035	0.31326184
1420	1200	0.99983144
1420	6	0.9994118
1420	1339	0.99368334
1420	2912	0.9928997
1420	1050	0.9837678
1420	235	0.9743453
1420	296	0.96225464
1420	3114	0.9539808
1420	2329	0.8815001
1420	2599	0.83453405
1421	1394	0.9992221
1421	1136	0.99435973
1421	141	0.98219275
1421	125	0.97969943
1421	1729	0.97341835
1421	1288	0.97310066
1421	1653	0.9704808
1421	1449	0.96811557
1421	101	0.9680682
1421	2174	0.94647765
1422	457	0.99902207
1422	1077	0.99673736
1422	2662	0.9884934
1422	1230	0.9489802
1422	1250	0.9332279
1422	2858	0.9141809
1422	2006	0.888746
1422	2746	0.8151582
1422	296	0.8133273
1422	2420	0.79108924
1423	1148	0.9996971
1423	3114	0.9938786
1423	3022	0.9872
1423	1078	0.97900015
1423	34	0.9299928
1423	1079	0.8959241
1423	1963	0.87741673
1423	1077	0.83960885
1423	1276	0.77282786
1423	1235	0.67719144
1424	1214	0.999027
1424	1690	0.99703634
1424	1354	0.99556243
1424	735	0.9686246
1424	328	0.8969917
1424	332	0.8768699
1424	152	0.87657356
1424	1355	0.73806566
1424	2428	0.37961313
1424	2327	0.37328056
1425	1513	0.98199284
1425	1358	0.97047484
1425	248	0.9532397
1425	2302	0.9492444
1425	1031	0.9331351
1425	2723	0.9000954
1425	1393	0.8907912
1425	2986	0.8850111
1425	2702	0.8753782
1425	762	0.86727965
1426	3	0.99939966
1426	3418	0.995805
1426	2716	0.99405855
1426	111	0.9940243
1426	2687	0.98736525
1426	1954	0.97353196
1426	2140	0.962029
1426	2478	0.94455135
1426	2145	0.93958694
1426	1721	0.9299569
1427	3177	0.9996383
1427	551	0.959888
1427	3250	0.95658064
1427	1257	0.93524516
1427	1201	0.871488
1427	3208	0.76861835
1427	1249	0.7611366
1427	1	0.739734
1427	2160	0.7132188
1427	47	0.6711417
1428	1035	0.9999894
1428	893	0.9999036
1428	3015	0.99146414
1428	110	0.949521
1428	2624	0.8324736
1428	1270	0.7550089
1428	2792	0.71320415
1428	2064	0.70212245
1428	21	0.6844125
1428	1082	0.6762793
1429	1210	0.95575935
1429	3267	0.25125292
1429	3394	0.19316036
1429	1961	0.19239488
1429	2692	0.15703762
1429	110	0.1262675
1429	2950	0.10411748
1429	1094	0.10056004
1429	2409	0.07919502
1429	1270	0.066865265
1430	1210	0.99882346
1430	1288	0.9965736
1430	135	0.92225224
1430	593	0.90587354
1430	1	0.8940371
1430	480	0.8533746
1430	1255	0.83597517
1430	3253	0.8342899
1430	1198	0.79279345
1430	1394	0.79149073
1431	1580	0.97931796
1431	1544	0.44074187
1431	593	0.3740722
1431	2916	0.36879408
1431	2700	0.3203188
1431	1965	0.3129584
1431	2948	0.2599533
1431	1721	0.25734898
1431	2289	0.24936965
1431	21	0.16741505
1432	2772	0.962281
1432	223	0.89765745
1432	2759	0.8938012
1432	2861	0.88160354
1432	2718	0.80664897
1432	2706	0.7626066
1432	1221	0.75942945
1432	2571	0.63896286
1432	2858	0.49077693
1432	1911	0.43971357
1433	780	0.99997115
1433	1586	0.99954927
1433	329	0.9995423
1433	2916	0.9974575
1433	316	0.9972725
1433	2571	0.9929352
1433	920	0.99000925
1433	1479	0.9827579
1433	2353	0.9781792
1433	1687	0.97562313
1434	2687	0.9476026
1434	2719	0.8210262
1434	1569	0.8082556
1434	1020	0.7842966
1434	276	0.7191089
1434	1438	0.6207719
1434	708	0.56460625
1434	1339	0.5417649
1434	3107	0.4623148
1434	3	0.43302846
1435	480	0.99655807
1435	3192	0.93620014
1435	72	0.93118584
1435	1210	0.8719262
1435	2599	0.45431605
1435	1580	0.4322254
1435	3173	0.3944837
1435	482	0.34164327
1435	1965	0.30851647
1435	1544	0.28118557
1436	2683	0.9999667
1436	3004	0.9997884
1436	2694	0.9991595
1436	2961	0.9977244
1436	2070	0.9950922
1436	3176	0.9944976
1436	2706	0.9934596
1436	2396	0.9918171
1436	2355	0.9868965
1436	3248	0.9844632
1437	1260	0.9998503
1437	899	0.99980855
1437	1183	0.9984232
1437	3169	0.9982783
1437	1089	0.9979366
1437	1263	0.9923754
1437	1201	0.9920908
1437	2919	0.97475624
1437	419	0.96867234
1437	2890	0.9598011
1438	2428	0.99122083
1438	3408	0.9572455
1438	2770	0.95172733
1438	2392	0.66028273
1438	2581	0.4286959
1438	408	0.36894065
1438	3175	0.19081649
1438	1019	0.18207365
1438	2142	0.16211715
1438	2720	0.16061842
1439	2186	0.9998772
1439	1250	0.9996211
1439	2241	0.9970571
1439	3159	0.9936091
1439	2467	0.9909342
1439	2966	0.98779225
1439	527	0.9873589
1439	913	0.96688616
1439	1617	0.96533656
1439	1248	0.94838655
1440	1674	0.9998498
1440	2352	0.99930894
1440	1259	0.99865484
1440	1957	0.995998
1440	1961	0.99543923
1440	1196	0.9947778
1440	2114	0.99331194
1440	1968	0.98966336
1440	608	0.9878359
1440	2312	0.9793055
1441	1641	0.99999964
1441	1517	0.9999204
1441	2302	0.99438924
1441	551	0.9938524
1441	1261	0.9803872
1441	357	0.97665536
1441	2395	0.9730171
1441	333	0.9680425
1441	1215	0.9669596
1441	2359	0.96695197
1442	1527	0.99910307
1442	34	0.99786574
1442	2288	0.99338067
1442	1584	0.96902
1442	316	0.9672306
1442	446	0.8352165
1442	2692	0.81477165
1442	1215	0.80360615
1442	1280	0.7595289
1442	2700	0.7465821
1443	1196	0.9984417
1443	1254	0.9979574
1443	1193	0.9973505
1443	1204	0.99270606
1443	2028	0.9559627
1443	919	0.9442812
1443	608	0.926603
1443	1270	0.92455614
1443	541	0.8657158
1443	1267	0.82116973
1444	1259	0.9771108
1444	1721	0.80874145
1444	1197	0.5267323
1444	2858	0.26222315
1444	1193	0.08489978
1444	2804	0.08375007
1444	1498	0.08139345
1444	1196	0.057599723
1444	1961	0.016212732
1444	1198	0.010422617
1445	2023	0.9375703
1445	858	0.894311
1445	1603	0.5468141
1445	527	0.4279179
1445	528	0.38194293
1445	2628	0.3142014
1445	293	0.20666993
1445	541	0.16651684
1445	902	0.11870861
1445	73	0.11388713
1446	3421	0.99943197
1446	1269	0.9982302
1446	1234	0.99276674
1446	2951	0.96499854
1446	707	0.95211583
1446	1079	0.9437601
1446	2396	0.92882335
1446	1221	0.90019286
1446	480	0.89635926
1446	2599	0.8429053
1447	2268	0.9825024
1447	1393	0.9729265
1447	36	0.94533837
1447	920	0.94448274
1447	1960	0.90165865
1447	2424	0.82035995
1447	11	0.7968037
1447	1722	0.78481686
1447	788	0.7637468
1447	1225	0.73327017
1448	653	0.94447494
1448	1958	0.8904202
1448	2617	0.8761975
1448	21	0.85626864
1448	2797	0.834455
1448	2159	0.8314691
1448	1327	0.81821537
1448	2599	0.7814231
1448	1126	0.76704097
1448	2985	0.7443635
1449	1500	0.9928265
1449	474	0.9914465
1449	1674	0.9773381
1449	260	0.9771707
1449	2143	0.97239614
1449	1911	0.9585575
1449	1278	0.95854914
1449	2245	0.94931406
1449	1224	0.94239223
1449	2455	0.94198954
1450	2599	0.9996877
1450	661	0.9993464
1450	551	0.99694204
1450	3	0.98391044
1450	1923	0.9718064
1450	2948	0.93377376
1450	2245	0.90020704
1450	1500	0.850428
1450	2007	0.8457467
1450	2722	0.7667427
1451	2947	0.98477507
1451	2672	0.97995186
1451	1028	0.9768628
1451	2245	0.958194
1451	2294	0.95333266
1451	3100	0.9493545
1451	2289	0.9187306
1451	2078	0.9075698
1451	1302	0.9072015
1451	2712	0.9052721
1452	1267	0.96925306
1452	1617	0.67866784
1452	1220	0.52651405
1452	318	0.5249667
1452	2289	0.33283406
1452	1196	0.31352645
1452	1276	0.11828676
1452	593	0.10406804
1452	933	0.084104
1452	1079	0.056898236
1453	2432	0.9978323
1453	1127	0.9161321
1453	223	0.8259437
1453	2011	0.6739343
1453	2710	0.6264291
1453	2433	0.5934582
1453	2718	0.5097692
1453	1270	0.48114997
1453	2262	0.3362628
1453	2541	0.32812572
1454	1865	0.8566363
1454	1196	0.18595237
1454	104	0.17736402
1454	204	0.103177994
1454	2858	0.08689335
1454	3100	0.08278382
1454	1183	0.074548066
1454	1	0.03973171
1454	3271	0.0361484
1454	2572	0.03407359
1455	357	0.99884254
1455	1197	0.99189794
1455	39	0.99152786
1455	1498	0.97576225
1455	2324	0.6471868
1455	515	0.6383873
1455	1639	0.6223511
1455	1484	0.62096155
1455	2443	0.51248986
1455	1617	0.49911004
1456	1704	0.9910071
1456	2890	0.98464406
1456	3006	0.94081783
1456	1617	0.7870194
1456	1358	0.6978971
1456	2677	0.65439266
1456	2002	0.6442732
1456	2041	0.63501054
1456	593	0.55419016
1456	3173	0.4813477
1457	2791	0.9965704
1457	1673	0.9932907
1457	1962	0.99220085
1457	1270	0.9901123
1457	235	0.9869388
1457	908	0.9864374
1457	1148	0.9603001
1457	2124	0.95742595
1457	1269	0.93875194
1457	1036	0.9171013
1458	3189	0.9999517
1458	50	0.99647546
1458	3177	0.97884166
1458	527	0.95417845
1458	1276	0.8901835
1458	1278	0.7633631
1458	1080	0.70962405
1458	2762	0.6683778
1458	1210	0.64260083
1458	904	0.6356253
1459	2469	0.9921278
1459	45	0.8704591
1459	527	0.7529731
1459	3244	0.591518
1459	1	0.38595134
1459	110	0.35916138
1459	728	0.12589926
1459	1188	0.10217103
1459	2762	0.09931925
1459	1135	0.091089666
1460	338	0.98019993
1460	589	0.97055244
1460	66	0.64690226
1460	1445	0.6174949
1460	534	0.5939951
1460	516	0.5637419
1460	2581	0.51411504
1460	1270	0.31466448
1460	1196	0.23532435
1460	1727	0.16670576
1461	1673	0.9999894
1461	2792	0.9996561
1461	908	0.9957316
1461	551	0.9907224
1461	1327	0.981617
1461	1078	0.9745981
1461	1580	0.9638159
1461	1334	0.9485309
1461	1193	0.7975547
1461	661	0.72941303
1462	1282	0.95791733
1462	2657	0.79346573
1462	2628	0.73261523
1462	3160	0.72927463
1462	480	0.46596992
1462	1269	0.46066466
1462	529	0.42666304
1462	266	0.38544098
1462	2455	0.32464752
1462	2080	0.31621152
1463	1831	0.9965597
1463	1356	0.9956181
1463	2406	0.98452866
1463	435	0.97693205
1463	1373	0.9670353
1463	1917	0.9266615
1463	2916	0.8922382
1463	1127	0.82128644
1463	39	0.645414
1463	480	0.6028284
1464	457	0.9998577
1464	1580	0.9995836
1464	2273	0.97718763
1464	1222	0.9625889
1464	2872	0.95072836
1464	2490	0.947695
1464	1408	0.94629765
1464	1674	0.938594
1464	2990	0.9286332
1464	1370	0.8949388
1465	337	0.99888885
1465	592	0.98257804
1465	1391	0.96990216
1465	778	0.9519651
1465	1678	0.93423134
1465	1810	0.9313554
1465	2065	0.9289175
1465	1092	0.9221168
1465	2371	0.90642166
1465	261	0.8868995
1466	2889	0.9998395
1466	514	0.99624085
1466	2155	0.995798
1466	2447	0.9940686
1466	276	0.9936327
1466	1268	0.9928864
1466	2692	0.9909856
1466	252	0.9904095
1466	1580	0.97677267
1466	3114	0.97549516
1467	2707	0.999587
1467	2541	0.9995233
1467	344	0.99453104
1467	3252	0.9448579
1467	1127	0.9316739
1467	2840	0.8997823
1467	2841	0.8742393
1467	2699	0.86360073
1467	2719	0.85245466
1467	3250	0.7384913
1468	2334	0.9998925
1468	1370	0.9998814
1468	3082	0.99942267
1468	480	0.9963108
1468	474	0.9918501
1468	353	0.9914242
1468	809	0.9825177
1468	6	0.9776147
1468	316	0.9766576
1468	2571	0.95741946
1469	1136	0.99966615
1469	3022	0.98293173
1469	947	0.94398695
1469	745	0.8936342
1469	1235	0.88670886
1469	2788	0.87218714
1469	2618	0.42049137
1469	3406	0.38477832
1469	3097	0.33235902
1469	2935	0.30353627
1470	2736	0.8959776
1470	1466	0.876405
1470	788	0.8256415
1470	1088	0.8000357
1470	223	0.78027624
1470	3129	0.7699599
1470	2455	0.76822126
1470	1265	0.7431916
1470	30	0.71401846
1470	1300	0.612759
1471	608	0.9976444
1471	2735	0.977944
1471	1269	0.971254
1471	1544	0.9415424
1471	1377	0.9245298
1471	589	0.8932694
1471	1086	0.89022946
1471	2624	0.6203514
1471	2291	0.603122
1471	1580	0.5691678
1472	2406	0.9997312
1472	110	0.99967766
1472	2376	0.999375
1472	1220	0.9837469
1472	2991	0.9712459
1472	1997	0.95453084
1472	2949	0.95007527
1472	589	0.88654643
1472	1479	0.8811424
1472	736	0.8754543
1473	2944	1.0
1473	442	0.9982276
1473	2115	0.99297607
1473	377	0.92063415
1473	2527	0.8804531
1473	2353	0.87183666
1473	1580	0.825874
1473	2723	0.8227039
1473	1214	0.81904435
1473	1769	0.8170588
1474	1093	0.99999475
1474	608	0.99954903
1474	2959	0.99697685
1474	2395	0.996415
1474	2324	0.9943037
1474	2434	0.98188883
1474	3246	0.98113203
1474	345	0.9801527
1474	110	0.9798554
1474	2607	0.9773617
1475	1639	0.99994695
1475	50	0.9997858
1475	265	0.99492264
1475	1247	0.99174774
1475	2890	0.9789519
1475	2020	0.97758067
1475	1617	0.96985793
1475	111	0.94486624
1475	2858	0.9119336
1475	3044	0.9091512
1476	783	0.99994624
1476	265	0.99991834
1476	48	0.9986262
1476	1032	0.99668425
1476	2089	0.9844781
1476	920	0.9835616
1476	457	0.9665236
1476	1610	0.95506346
1476	1183	0.95214987
1476	720	0.8468565
1477	111	0.81560636
1477	329	0.8052627
1477	912	0.73982775
1477	3334	0.6261119
1477	2076	0.18724212
1477	1237	0.09080571
1477	913	0.082062244
1477	1953	0.058177054
1477	908	0.05354041
1477	424	0.032699466
1478	111	0.99995315
1478	1221	0.9967698
1478	1120	0.9812343
1478	541	0.9729028
1478	1673	0.9682858
1478	1208	0.9387169
1478	2959	0.9350327
1478	2384	0.9267756
1478	1729	0.92677355
1478	2071	0.8861375
1479	2020	0.99981374
1479	920	0.9994942
1479	915	0.9990127
1479	916	0.99897885
1479	3044	0.99881256
1479	17	0.99499565
1479	265	0.9927399
1479	914	0.9844651
1479	1393	0.9634678
1479	943	0.91815376
1480	432	0.99965316
1480	1210	0.9984131
1480	2762	0.97541416
1480	586	0.94255483
1480	3175	0.93556595
1480	1721	0.9354882
1480	2628	0.919009
1480	1270	0.91134286
1480	553	0.67083365
1480	1298	0.5510833
1481	720	0.99941194
1481	1103	0.9975883
1481	2857	0.99654555
1481	616	0.9351411
1481	2137	0.9239076
1481	1917	0.913218
1481	2329	0.8755532
1481	648	0.82252276
1481	1193	0.78303766
1481	919	0.7798171
1482	2355	0.99981904
1482	3285	0.9988954
1482	2976	0.9974899
1482	2706	0.99470484
1482	2770	0.98935044
1482	913	0.98760283
1482	2772	0.97894704
1482	2762	0.93654704
1482	3238	0.88722324
1482	2694	0.8570968
1483	1214	0.9989826
1483	1376	0.99879646
1483	1219	0.9924569
1483	1961	0.99129593
1483	1275	0.9783848
1483	858	0.96218073
1483	1674	0.9616168
1483	6	0.9494045
1483	1748	0.93152845
1483	1303	0.9270922
1484	2858	0.9983126
1484	524	0.9917519
1484	2455	0.9891509
1484	1302	0.9881817
1484	1200	0.9829165
1484	1079	0.9781707
1484	39	0.89118654
1484	3424	0.8892251
1484	3060	0.8725809
1484	1193	0.8679403
1485	1748	0.9979916
1485	50	0.9901345
1485	587	0.92668253
1485	2384	0.8687506
1485	3108	0.77155775
1485	2058	0.738821
1485	1625	0.6773082
1485	2997	0.6500481
1485	1089	0.57831764
1485	2916	0.55678177
1486	3300	0.9999987
1486	2572	0.9999892
1486	3354	0.9999201
1486	2699	0.99985945
1486	2683	0.99913406
1486	1610	0.99807394
1486	2712	0.99691707
1486	3160	0.99530023
1486	2540	0.98596156
1486	1573	0.97230816
1487	947	0.99969864
1487	1873	0.98985577
1487	918	0.98638654
1487	951	0.7029132
1487	1028	0.66144603
1487	907	0.38365692
1487	2971	0.36696988
1487	1042	0.25253177
1487	933	0.2385172
1487	2863	0.15582335
1488	1200	0.99049544
1488	1240	0.9865527
1488	32	0.95721996
1488	1210	0.9126164
1488	480	0.8871504
1488	1196	0.78383493
1488	1231	0.7429887
1488	1193	0.5875767
1488	2936	0.43899405
1488	589	0.33261216
1489	1259	0.9844076
1489	592	0.9766106
1489	1093	0.94260633
1489	1206	0.93106544
1489	2629	0.91972995
1489	492	0.91599697
1489	1077	0.9118186
1489	111	0.9039553
1489	2124	0.8968265
1489	2580	0.8918395
1490	2427	0.9834064
1490	39	0.93226534
1490	1242	0.90776145
1490	2490	0.79443437
1490	1345	0.75154567
1490	474	0.62276393
1490	3107	0.61637723
1490	1294	0.52622
1490	1101	0.4678133
1490	2403	0.3544265
1491	246	0.9955475
1491	417	0.99192476
1491	2858	0.97027147
1491	2106	0.9662776
1491	11	0.9639126
1491	2248	0.9616703
1491	357	0.9273452
1491	471	0.9187311
1491	593	0.9090202
1491	1	0.88568246
1492	1210	0.99992454
1492	1265	0.99988306
1492	111	0.99819875
1492	1097	0.9973227
1492	1089	0.99291945
1492	589	0.9911183
1492	1059	0.9867828
1492	1218	0.9832016
1492	1	0.972763
1492	595	0.9677105
1493	588	0.99682903
1493	2396	0.96531224
1493	527	0.81416124
1493	2028	0.7842344
1493	296	0.6514113
1493	1566	0.6361159
1493	2985	0.6223864
1493	1734	0.5673106
1493	1042	0.5645833
1493	2355	0.47385356
1494	2792	0.99998033
1494	2657	0.9999064
1494	2162	0.99829996
1494	673	0.9961103
1494	1171	0.8266076
1494	1256	0.66819483
1494	3208	0.6647305
1494	1977	0.6587639
1494	608	0.6252036
1494	497	0.562011
1495	551	0.9993022
1495	2858	0.9989271
1495	2	0.9806533
1495	1127	0.9722303
1495	186	0.97048867
1495	1064	0.90653956
1495	1372	0.8673072
1495	3317	0.8388082
1495	1025	0.8112967
1495	1513	0.7509408
1496	12	0.976297
1496	2253	0.9490533
1496	551	0.9414178
1496	2367	0.8836761
1496	353	0.8681384
1496	2540	0.7550117
1496	76	0.7359886
1496	1327	0.7158415
1496	2502	0.704558
1496	2791	0.6644646
1497	1215	0.99229026
1497	648	0.79516107
1497	2023	0.5769008
1497	1345	0.51442754
1497	1218	0.35573626
1497	1769	0.33180636
1497	1277	0.2112445
1497	912	0.18190923
1497	163	0.18080533
1497	1562	0.16747093
1498	1196	0.99974036
1498	1090	0.999682
1498	923	0.997796
1498	1148	0.9881177
1498	3006	0.98808444
1498	2761	0.98518187
1498	3114	0.9792323
1498	2324	0.97782254
1498	2692	0.9689027
1498	3328	0.9457792
1499	110	0.99975586
1499	3256	0.99755454
1499	1499	0.9889864
1499	1722	0.9716335
1499	494	0.9485568
1499	165	0.8018203
1499	2012	0.79114115
1499	1653	0.77726614
1499	1036	0.7682609
1499	1101	0.65277326
1500	1732	0.99994457
1500	2395	0.9993764
1500	745	0.99826247
1500	1358	0.9944522
1500	2918	0.99208415
1500	1235	0.9894597
1500	551	0.98724115
1500	2707	0.9868598
1500	1220	0.98577416
1500	2841	0.98204076
1501	539	0.9994079
1501	2193	0.9988414
1501	1020	0.9956568
1501	2916	0.9863965
1501	362	0.9642278
1501	3256	0.96305346
1501	2100	0.93853104
1501	377	0.93768805
1501	227	0.92749745
1501	2699	0.92485344
1502	1584	0.99979967
1502	107	0.9915168
1502	1805	0.95747256
1502	543	0.9509789
1502	2321	0.9377098
1502	50	0.9353799
1502	2605	0.9271072
1502	1049	0.926931
1502	1198	0.91721004
1502	595	0.9091536
1503	903	0.9997529
1503	2105	0.99971604
1503	1213	0.9995141
1503	800	0.99406016
1503	538	0.99334747
1503	920	0.985266
1503	39	0.98273647
1503	1294	0.97362876
1503	2427	0.9724719
1503	1810	0.9626299
1504	1240	0.9998154
1504	1214	0.99726486
1504	380	0.98496485
1504	1370	0.9822139
1504	480	0.96796703
1504	1500	0.9521618
1504	1198	0.94921553
1504	1676	0.8936938
1504	589	0.85013044
1504	50	0.7623162
1505	2976	0.9968261
1505	858	0.99580336
1505	2683	0.99310565
1505	3088	0.9883101
1505	1171	0.98366225
1505	2396	0.9195171
1505	1321	0.9193337
1505	971	0.915821
1505	2147	0.91208935
1505	3125	0.89789486
1506	1270	0.9999952
1506	2890	0.9999339
1506	594	0.99932563
1506	923	0.9941819
1506	3095	0.99305224
1506	913	0.9688178
1506	2918	0.951436
1506	534	0.8932475
1506	914	0.8829137
1506	1247	0.8551271
1507	2791	0.99998605
1507	1278	0.95921445
1507	2300	0.9516479
1507	2858	0.9476745
1507	1077	0.92935014
1507	1234	0.8398336
1507	1294	0.81140506
1507	1080	0.67745596
1507	1261	0.6023514
1507	1269	0.5216765
1508	1280	0.9971994
1508	2762	0.86685574
1508	1061	0.48855534
1508	531	0.4138075
1508	902	0.19549227
1508	265	0.15651238
1508	1592	0.14787564
1508	1207	0.1109947
1508	26	0.083058596
1508	1873	0.06341195
1509	1513	0.9986793
1509	2890	0.981127
1509	1569	0.97958696
1509	1608	0.9717908
1509	367	0.96423423
1509	3256	0.951103
1509	1	0.9283729
1509	415	0.91768193
1509	2701	0.69357127
1509	2108	0.61584383
1510	2791	0.99870384
1510	902	0.9936853
1510	1035	0.9810664
1510	2657	0.8899482
1510	912	0.8863298
1510	648	0.71093076
1510	551	0.68563825
1510	2948	0.61113614
1510	471	0.5432187
1510	1171	0.4570465
1511	1291	0.99964166
1511	1136	0.99901426
1511	1247	0.99840397
1511	923	0.99804723
1511	1222	0.9975131
1511	3062	0.9974092
1511	2115	0.9720848
1511	2194	0.9655099
1511	1949	0.91929096
1511	3196	0.906423
1512	551	0.9997879
1512	2792	0.9985399
1512	893	0.9961475
1512	2174	0.96934116
1512	70	0.95211583
1512	3160	0.9214939
1512	1377	0.7076788
1512	1215	0.60271716
1512	223	0.39795545
1512	1544	0.3340714
1513	1674	0.9996593
1513	3204	0.98386145
1513	1197	0.95609736
1513	930	0.9324973
1513	1617	0.928658
1513	1287	0.8791319
1513	3101	0.8128531
1513	1240	0.72379583
1513	1233	0.7057091
1513	1387	0.58299625
1514	3273	0.99993384
1514	32	0.999733
1514	47	0.99967366
1514	1252	0.9986714
1514	2959	0.9977213
1514	1288	0.99665433
1514	2762	0.995999
1514	2706	0.985247
1514	2028	0.98252285
1514	2628	0.966208
1515	110	0.96925163
1515	1580	0.9403657
1515	277	0.8777558
1515	1183	0.53121585
1515	2144	0.44609466
1515	524	0.3036585
1515	2792	0.1746544
1515	266	0.07965669
1515	912	0.04615894
1515	1747	0.04088372
1516	2700	0.9985973
1516	3253	0.99150634
1516	1732	0.982984
1516	380	0.97958004
1516	1126	0.96650577
1516	1377	0.95060605
1516	21	0.94102526
1516	3208	0.8876528
1516	1500	0.8266965
1516	2953	0.8090203
1517	1213	0.9914131
1517	2692	0.9913436
1517	1147	0.9807614
1517	1280	0.9710115
1517	326	0.95982933
1517	1617	0.94964504
1517	1189	0.91479367
1517	2997	0.9029479
1517	555	0.8669924
1517	111	0.86273396
1518	1175	0.99919116
1518	32	0.98852104
1518	1253	0.9815986
1518	2968	0.9622096
1518	1214	0.9521388
1518	2916	0.90287507
1518	3246	0.88645494
1518	1210	0.8824489
1518	535	0.8337275
1518	2571	0.7401389
1519	1093	0.9999808
1519	1513	0.99645203
1519	2987	0.9952515
1519	3160	0.9940094
1519	2707	0.96598715
1519	2995	0.95472527
1519	2174	0.94716096
1519	24	0.9414383
1519	3005	0.93089056
1519	524	0.9096552
1520	1580	0.9998358
1520	2028	0.9979992
1520	1544	0.9918308
1520	2916	0.98917663
1520	1210	0.9721893
1520	318	0.9215722
1520	527	0.76766
1520	292	0.7559453
1520	3418	0.5598327
1520	593	0.48910093
1521	1411	0.99918437
1521	2391	0.9988791
1521	1089	0.99860126
1521	628	0.9974823
1521	1357	0.9850573
1521	778	0.98063356
1521	2023	0.94558954
1521	1704	0.9436603
1521	2890	0.8620961
1521	2501	0.861097
1522	1653	0.99991155
1522	2407	0.9935603
1522	1199	0.9684099
1522	1584	0.96293414
1522	2495	0.96008813
1522	1690	0.95823777
1522	1306	0.9406543
1522	610	0.9027401
1522	1374	0.5602391
1522	2311	0.45772544
1523	1270	0.9992691
1523	2396	0.98943126
1523	1265	0.986946
1523	2657	0.95150316
1523	3040	0.9244902
1523	3363	0.8491439
1523	3253	0.82414854
1523	1304	0.7981003
1523	1028	0.7538885
1523	2000	0.73846
1524	367	0.99931633
1524	778	0.99916315
1524	2580	0.98220277
1524	3147	0.97981775
1524	1265	0.97128433
1524	1917	0.9669243
1524	2542	0.9574023
1524	2692	0.9412974
1524	1393	0.93920505
1524	1200	0.89390534
1525	1288	0.9999541
1525	2973	0.99976254
1525	1273	0.99032426
1525	824	0.9894935
1525	45	0.98615736
1525	3341	0.9850547
1525	1235	0.9696586
1525	3019	0.9022754
1525	899	0.8731935
1525	3286	0.85865664
1526	3359	0.99643755
1526	2804	0.9348342
1526	1873	0.9056946
1526	1198	0.8642438
1526	3072	0.8294399
1526	318	0.7707242
1526	955	0.7652919
1526	1185	0.47251394
1526	2618	0.45197538
1526	3296	0.43683442
1527	1204	0.9996594
1527	608	0.998783
1527	1673	0.9900236
1527	924	0.96612275
1527	1198	0.9650338
1527	1090	0.9634886
1527	2858	0.95356864
1527	412	0.9472259
1527	12	0.9454234
1527	1476	0.9320966
1528	2683	0.9999831
1528	2724	0.9996582
1528	2827	0.9995425
1528	2976	0.99022806
1528	3004	0.98963416
1528	2605	0.9895338
1528	3325	0.98730016
1528	2762	0.98475075
1528	2772	0.965209
1528	2093	0.9639853
1529	2167	0.99993324
1529	10	0.9998908
1529	2916	0.99907726
1529	1060	0.9524397
1529	1573	0.87351775
1529	208	0.829996
1529	368	0.82256013
1529	799	0.8092059
1529	648	0.7382037
1529	316	0.72988135
1530	3114	0.99990344
1530	3210	0.99793655
1530	1252	0.99627584
1530	1307	0.99101055
1530	2352	0.9909419
1530	562	0.9811687
1530	1304	0.9804279
1530	1175	0.9460219
1530	1682	0.9452188
1530	21	0.9438054
1531	1673	0.9940346
1531	1284	0.95466864
1531	745	0.889881
1531	3160	0.7366521
1531	3354	0.6639819
1531	743	0.5857861
1531	294	0.44699472
1531	373	0.42117858
1531	3300	0.4036544
1531	973	0.38345805
1532	3362	0.9993396
1532	2025	0.9980279
1532	3298	0.99523443
1532	745	0.993784
1532	441	0.96875095
1532	1357	0.96329993
1532	3271	0.93895185
1532	25	0.88451535
1532	50	0.87378645
1532	2023	0.8641193
1533	968	0.9999198
1533	1246	0.99873793
1533	279	0.9968884
1533	2710	0.9965092
1533	2881	0.99535036
1533	2418	0.9891202
1533	2706	0.9848462
1533	3238	0.9589393
1533	1196	0.9420451
1533	2188	0.9344922
1534	969	0.993199
1534	1250	0.95235634
1534	1233	0.59479016
1534	1225	0.5588722
1534	318	0.3290624
1534	1193	0.30606514
1534	608	0.30054563
1534	2015	0.17790991
1534	924	0.13899755
1534	110	0.066774815
1535	2804	0.9998994
1535	1244	0.9954537
1535	2138	0.98746943
1535	2120	0.932257
1535	1080	0.65987325
1535	1870	0.37296838
1535	1235	0.23916957
1535	1270	0.23405695
1535	1460	0.2155137
1535	3037	0.1942414
1536	2028	0.9588958
1536	3247	0.95334697
1536	1721	0.9338042
1536	1210	0.79957867
1536	500	0.6568144
1536	367	0.57426053
1536	1266	0.4760906
1536	260	0.4168266
1536	486	0.34474698
1536	788	0.3382392
1537	608	0.9175161
1537	1270	0.19972527
1537	277	0.12274513
1537	493	0.06330499
1537	2792	0.059887886
1537	487	0.05142179
1537	3424	0.042602926
1537	1249	0.04125151
1537	353	0.040539086
1537	266	0.040136784
1538	180	0.9996499
1538	562	0.9992057
1538	153	0.9967165
1538	65	0.9927436
1538	1042	0.9837434
1538	2916	0.97186977
1538	466	0.94964933
1538	2567	0.9294565
1538	1196	0.92179596
1538	1377	0.8988744
1539	1284	0.99471307
1539	3095	0.9778563
1539	1219	0.96294487
1539	2648	0.9460943
1539	913	0.87513995
1539	2858	0.73186815
1539	1269	0.54823697
1539	858	0.3503245
1539	3185	0.32782596
1539	531	0.31351668
1540	2622	0.99893785
1540	2858	0.9971124
1540	2193	0.9963705
1540	1127	0.99187493
1540	2641	0.96749413
1540	2889	0.96147335
1540	1375	0.9440421
1540	1238	0.92686784
1540	1374	0.86408454
1540	1307	0.85464245
1541	1704	0.9776418
1541	260	0.82456446
1541	608	0.7968362
1541	296	0.57573557
1541	1214	0.29510188
1541	1213	0.22512549
1541	1580	0.11604646
1541	589	0.07397494
1541	2571	0.044216394
1541	292	0.03299287
1542	1037	0.999128
1542	2572	0.99519837
1542	1682	0.98967546
1542	2006	0.9886986
1542	2501	0.98815966
1542	2393	0.981199
1542	428	0.95676374
1542	1569	0.9533991
1542	3108	0.9459344
1542	1240	0.86815643
1543	1047	0.9996941
1543	1608	0.9994645
1543	2206	0.997655
1543	688	0.9947761
1543	3316	0.98979735
1543	673	0.98205024
1543	593	0.9815649
1543	3101	0.9794787
1543	1343	0.90489143
1543	442	0.89133906
1544	1527	0.9999882
1544	3000	0.99985194
1544	2288	0.9996413
1544	1214	0.9994496
1544	2456	0.99887353
1544	1171	0.9986564
1544	3409	0.9975281
1544	804	0.99722695
1544	2011	0.9968078
1544	1396	0.99414855
1545	1127	0.9994056
1545	2018	0.998085
1545	2028	0.99409807
1545	2951	0.9512645
1545	1231	0.9482722
1545	1221	0.91393125
1545	2662	0.90732884
1545	1228	0.850342
1545	2311	0.80008173
1545	474	0.71905756
1546	1210	0.9861996
1546	383	0.982409
1546	2700	0.94683754
1546	318	0.8861801
1546	293	0.8419856
1546	474	0.7841507
1546	25	0.76330495
1546	3148	0.76306427
1546	3264	0.76305914
1546	10	0.7303123
1547	1203	0.9998077
1547	2501	0.9991996
1547	1247	0.9961126
1547	2324	0.9909409
1547	17	0.9863433
1547	3262	0.9829667
1547	2713	0.979758
1547	1280	0.9743525
1547	2028	0.97118855
1547	373	0.9697075
1548	3160	0.99960834
1548	2700	0.985083
1548	2710	0.98327494
1548	2716	0.9788889
1548	2669	0.96449596
1548	3298	0.806951
1548	1513	0.4509104
1548	593	0.43672392
1548	2762	0.41122222
1548	2721	0.30105758
1549	3114	0.9795413
1549	2791	0.9381441
1549	2289	0.59738266
1549	1196	0.57708836
1549	507	0.22562072
1549	1057	0.1559521
1549	1721	0.14257592
1549	765	0.08333281
1549	490	0.05243537
1549	2396	0.033464164
1550	36	0.95508933
1550	300	0.86780375
1550	1660	0.83444345
1550	2336	0.54319537
1550	515	0.52193975
1550	2071	0.32478318
1550	2791	0.3008163
1550	1704	0.27238527
1550	2252	0.1856457
1550	2997	0.16853473
1551	608	0.99723375
1551	2391	0.9933704
1551	930	0.9903115
1551	1244	0.9777179
1551	1193	0.9752701
1551	1358	0.96758676
1551	541	0.9119844
1551	1288	0.8986442
1551	3083	0.88517916
1551	1293	0.861082
1552	2353	0.99691266
1552	2321	0.9942082
1552	350	0.9925722
1552	1358	0.98786867
1552	2762	0.9847225
1552	70	0.96551675
1552	3020	0.94478446
1552	2108	0.9122768
1552	1920	0.8999668
1552	3147	0.89879334
1553	1278	0.9995431
1553	1010	0.9984707
1553	3363	0.9632443
1553	1219	0.91094947
1553	2710	0.8861139
1553	586	0.85479677
1553	2355	0.8349936
1553	2876	0.7891263
1553	3159	0.66162366
1553	1294	0.6314452
1554	593	0.99984956
1554	904	0.9978502
1554	1219	0.9937459
1554	1610	0.8778013
1554	50	0.85593843
1554	928	0.8414908
1554	2762	0.8029651
1554	1953	0.74567056
1554	1036	0.6899421
1554	903	0.45440674
1555	1230	0.99703324
1555	24	0.99440664
1555	1247	0.9896518
1555	2707	0.9896363
1555	3114	0.9730878
1555	1947	0.96721584
1555	3176	0.9610492
1555	1263	0.95479995
1555	2881	0.9492661
1555	1265	0.9474633
1556	2375	0.97704536
1556	2396	0.94790053
1556	1393	0.92297393
1556	1721	0.910548
1556	589	0.91017854
1556	2761	0.8810479
1556	1610	0.83565795
1556	1953	0.8191365
1556	2709	0.81619215
1556	1079	0.808843
1557	2792	0.99994457
1557	1327	0.9974973
1557	70	0.995451
1557	724	0.97787756
1557	1333	0.97096056
1557	2160	0.96746385
1557	1544	0.92635727
1557	223	0.87888366
1557	735	0.85647786
1557	2746	0.83389616
1558	329	0.94831496
1558	1214	0.93419933
1558	1356	0.91514575
1558	589	0.8491183
1558	1372	0.6860064
1558	1573	0.42928714
1558	2628	0.3302913
1558	2028	0.22263971
1558	780	0.22026503
1558	1580	0.123004645
1559	2908	0.9860871
1559	1834	0.9791712
1559	350	0.9630464
1559	1270	0.95920044
1559	1092	0.94553924
1559	2076	0.929225
1559	1200	0.9048167
1559	1259	0.8437694
1559	1721	0.76314944
1559	1214	0.7377726
1560	1127	0.9992711
1560	1653	0.9963716
1560	2840	0.9936777
1560	2605	0.9907949
1560	2355	0.9744089
1560	1676	0.9727346
1560	1028	0.9668648
1560	1304	0.96200484
1560	1278	0.9567195
1560	2105	0.92048264
1561	2690	0.9987134
1561	1300	0.995451
1561	62	0.99491644
1561	261	0.99279726
1561	1230	0.9865648
1561	497	0.97189933
1561	2478	0.96936107
1561	593	0.96365976
1561	3418	0.96004766
1561	1302	0.9591196
1562	593	0.99966884
1562	273	0.9966797
1562	842	0.9670188
1562	2713	0.92619467
1562	2548	0.5083826
1562	2167	0.48730987
1562	2827	0.48173055
1562	608	0.33395177
1562	1644	0.2549495
1562	328	0.18608049
1563	2710	0.99998236
1563	3298	0.9999278
1563	2336	0.99228835
1563	2694	0.98987615
1563	2686	0.9832939
1563	3157	0.94608986
1563	908	0.9182732
1563	3016	0.80401886
1563	2502	0.7680086
1563	3081	0.750993
1564	163	0.99983305
1564	2002	0.99941194
1564	2058	0.987717
1564	2278	0.9804394
1564	110	0.95605445
1564	507	0.9369133
1564	2167	0.8407775
1564	1061	0.8197962
1564	780	0.80765843
1564	367	0.522048
1565	1701	0.99998003
1565	492	0.995767
1565	1732	0.9940556
1565	562	0.9809406
1565	223	0.9788966
1565	1777	0.9647745
1565	104	0.9619388
1565	2395	0.95461607
1565	1060	0.8750212
1565	3060	0.8477942
1566	17	0.9990086
1566	688	0.9979048
1566	356	0.9962311
1566	1408	0.99551946
1566	1621	0.9761022
1566	358	0.9721943
1566	589	0.9413052
1566	531	0.92869294
1566	2050	0.86087096
1566	2818	0.8564068
1567	1376	0.99978065
1567	1373	0.99970937
1567	1375	0.9971822
1567	750	0.99647427
1567	780	0.9956819
1567	2034	0.98853016
1567	2021	0.9806612
1567	1212	0.97422826
1567	1617	0.97012746
1567	2641	0.9687712
1568	2142	0.9997392
1568	700	0.9995913
1568	1148	0.98765135
1568	34	0.98190594
1568	1097	0.9364896
1568	531	0.8967378
1568	1223	0.8248786
1568	3114	0.7833674
1568	2501	0.77565765
1568	356	0.68539596
1569	1927	0.99999505
1569	2132	0.9996814
1569	3196	0.9994831
1569	3327	0.9978972
1569	2019	0.9966608
1569	3341	0.98951924
1569	3091	0.9878768
1569	3019	0.9815788
1569	2728	0.979094
1569	1090	0.9642757
1570	2427	0.9998992
1570	2686	0.9993685
1570	1950	0.99915326
1570	908	0.99171144
1570	1964	0.93601125
1570	1689	0.9307836
1570	47	0.9249759
1570	1097	0.87645763
1570	145	0.84832215
1570	318	0.80848897
1571	2736	0.99862325
1571	1240	0.99576306
1571	2959	0.9942134
1571	1297	0.98528934
1571	3308	0.97461426
1571	1299	0.9536511
1571	2628	0.94745374
1571	1213	0.8731276
1571	1394	0.86651075
1571	2405	0.7443279
1572	3298	0.9999752
1572	2706	0.9989526
1572	2433	0.9974129
1572	2707	0.98960567
1572	2546	0.98589194
1572	223	0.9718944
1572	2712	0.92934537
1572	3219	0.867409
1572	2599	0.64815485
1572	2580	0.5521303
1573	2567	0.12532419
1573	527	0.10800871
1573	2858	0.10486916
1573	2694	0.057358325
1573	1855	0.04711485
1573	589	0.036207378
1573	2993	0.02279669
1573	3175	0.014008999
1573	318	0.008672923
1573	2335	0.0065484345
1574	1997	0.9998606
1574	2080	0.99629617
1574	1030	0.99537235
1574	2716	0.98202735
1574	2622	0.97690755
1574	2100	0.9735382
1574	1527	0.9596987
1574	920	0.95219153
1574	2613	0.9453848
1574	1394	0.90140545
1575	1210	0.99972486
1575	1304	0.99955356
1575	3408	0.9981395
1575	1240	0.99633753
1575	3053	0.979456
1575	2571	0.9776209
1575	1036	0.9762932
1575	1233	0.94167
1575	2628	0.8869534
1575	2947	0.87085795
1576	915	0.99974805
1576	1086	0.9981003
1576	1183	0.99308455
1576	902	0.97831714
1576	1684	0.9623995
1576	931	0.94217837
1576	497	0.9402891
1576	25	0.89851195
1576	457	0.89102495
1576	3044	0.7881564
1577	3286	0.9998473
1577	969	0.99915683
1577	3159	0.9983306
1577	2908	0.9874582
1577	1259	0.98574615
1577	1973	0.9707377
1577	2628	0.92791843
1577	2333	0.9236864
1577	1223	0.8989129
1577	1327	0.8921999
1578	1036	0.9999658
1578	110	0.9933459
1578	2000	0.9915202
1578	2628	0.8984637
1578	216	0.8590934
1578	1210	0.76337457
1578	50	0.7406386
1578	2193	0.7232959
1578	1261	0.6700958
1578	3175	0.6487268
1579	1079	0.99542105
1579	2273	0.99399537
1579	348	0.99327433
1579	912	0.98743534
1579	1500	0.9562632
1579	1693	0.93982756
1579	151	0.93324035
1579	3147	0.9278351
1579	1199	0.9135419
1579	1633	0.9040375
1580	2076	0.9993558
1580	1333	0.9974915
1580	2288	0.9959924
1580	1909	0.8535139
1580	1252	0.7750274
1580	1625	0.7490496
1580	2532	0.72367847
1580	1179	0.6880083
1580	1221	0.64171404
1580	1301	0.56591654
1581	2599	0.9999136
1581	1265	0.9998432
1581	2321	0.9972346
1581	2671	0.99505526
1581	2396	0.9934581
1581	11	0.98775727
1581	1188	0.9511425
1581	2770	0.95053047
1581	1682	0.92613107
1581	1610	0.91478676
1582	1198	0.99741066
1582	1291	0.9938179
1582	858	0.9900331
1582	3082	0.96219194
1582	940	0.943428
1582	648	0.9183966
1582	1784	0.91283846
1582	1665	0.90528405
1582	1304	0.8253037
1582	1277	0.8090526
1583	2976	0.91945446
1583	1173	0.9000617
1583	2770	0.5976163
1583	2348	0.5781385
1583	2997	0.40678576
1583	2628	0.21634877
1583	223	0.21271664
1583	1997	0.15840733
1583	247	0.13661015
1583	2712	0.12113252
1584	919	0.99961597
1584	471	0.99802953
1584	3418	0.99678326
1584	678	0.9955125
1584	235	0.9731246
1584	551	0.9546516
1584	2959	0.9202738
1584	2797	0.90735555
1584	1029	0.90625584
1584	3363	0.900776
1585	555	0.99995315
1585	471	0.99474764
1585	293	0.9820756
1585	377	0.9621598
1585	2542	0.9566629
1585	11	0.9516865
1585	21	0.9500526
1585	1752	0.9372884
1585	1500	0.92435145
1585	3060	0.923048
1586	3072	0.9971882
1586	457	0.99411273
1586	2872	0.96866554
1586	3037	0.90070564
1586	3362	0.89715827
1586	3255	0.88573164
1586	3256	0.86383986
1586	1257	0.8593411
1586	2792	0.8571141
1586	1307	0.8569639
1587	858	0.99428916
1587	2336	0.9909233
1587	527	0.9873874
1587	2133	0.9821651
1587	2249	0.9758956
1587	2890	0.9421924
1587	1286	0.93621576
1587	3398	0.92653275
1587	2302	0.83683527
1587	3108	0.8053784
1588	1079	0.999195
1588	1148	0.96963525
1588	2997	0.9561918
1588	1394	0.88527715
1588	1948	0.8516815
1588	1230	0.44367406
1588	1276	0.34965912
1588	3072	0.29546922
1588	34	0.27871042
1588	2336	0.2211146
1589	2010	0.9999995
1589	1200	0.9973868
1589	2672	0.9973682
1589	1968	0.96658134
1589	356	0.9113971
1589	316	0.6195554
1589	1371	0.55300605
1589	2009	0.45311603
1589	1527	0.40620393
1589	2021	0.36224565
1590	2501	0.98527855
1590	1124	0.983215
1590	1185	0.9277314
1590	921	0.9143218
1590	2745	0.9083868
1590	1957	0.8775547
1590	2020	0.8605007
1590	3111	0.8486736
1590	1259	0.82182336
1590	1131	0.755966
1591	1302	0.9984032
1591	1957	0.9980051
1591	1124	0.9858569
1591	2302	0.96107936
1591	1276	0.9562083
1591	2248	0.94552445
1591	150	0.94080687
1591	592	0.8978621
1591	2735	0.861809
1591	800	0.8535423
1592	2657	0.99987173
1592	2021	0.9998307
1592	1029	0.99805295
1592	1094	0.99229217
1592	1259	0.99044406
1592	1276	0.98311585
1592	788	0.9795835
1592	2243	0.975862
1592	2087	0.97119576
1592	920	0.9636073
1593	457	0.98568714
1593	1717	0.93142295
1593	442	0.88469476
1593	1961	0.86676365
1593	3300	0.8042558
1593	3255	0.77811515
1593	1841	0.7423187
1593	34	0.6578072
1593	2599	0.64450234
1593	2454	0.63334954
1594	2085	0.9998287
1594	2396	0.9992503
1594	1214	0.99905074
1594	1270	0.9910489
1594	1226	0.9879526
1594	3424	0.9841702
1594	1566	0.9777828
1594	1294	0.88911307
1594	1997	0.86291724
1594	2080	0.81414074
1595	2872	0.9912107
1595	2683	0.98940134
1595	551	0.9753817
1595	3173	0.9658376
1595	524	0.9453986
1595	2759	0.9137883
1595	490	0.8980073
1595	1171	0.8695899
1595	1200	0.8520994
1595	1307	0.8381495
1596	2706	0.9998252
1596	2236	0.9996902
1596	2628	0.96562546
1596	589	0.8876207
1596	1097	0.741157
1596	1983	0.7210139
1596	2042	0.68562275
1596	2606	0.6485188
1596	491	0.62747097
1596	258	0.5009555
1597	3016	0.9999417
1597	2985	0.9988037
1597	3408	0.99787664
1597	2716	0.99626195
1597	1240	0.99587274
1597	1179	0.995456
1597	1959	0.9942935
1597	588	0.9936023
1597	69	0.97527367
1597	2024	0.9743769
1598	2455	0.9999982
1598	2528	0.9993781
1598	2135	0.9969978
1598	1976	0.99354273
1598	2553	0.96747625
1598	110	0.96237165
1598	3033	0.95707315
1598	1274	0.9556732
1598	1371	0.94840926
1598	593	0.9318353
1599	2871	0.9929513
1599	2746	0.9911766
1599	104	0.96587765
1599	1958	0.96458143
1599	1911	0.94975686
1599	1641	0.94352865
1599	780	0.94292414
1599	2968	0.9427005
1599	2528	0.94243574
1599	3107	0.9397877
1600	1958	0.9999219
1600	592	0.99487334
1600	1372	0.9944968
1600	3072	0.9808378
1600	780	0.9759257
1600	552	0.9685885
1600	296	0.9587132
1600	3253	0.9478479
1600	1101	0.94553983
1600	3105	0.90999293
1601	493	0.9969967
1601	112	0.99658036
1601	1923	0.9946167
1601	741	0.99132633
1601	431	0.9855945
1601	1748	0.9790292
1601	3265	0.9768082
1601	2492	0.9736546
1601	3301	0.96883595
1601	1500	0.9673975
1602	2147	0.9986331
1602	2712	0.9815999
1602	2686	0.9756287
1602	2028	0.90568936
1602	913	0.8802506
1602	2369	0.85102165
1602	2763	0.83547163
1602	2826	0.8141873
1602	1136	0.7905345
1602	2324	0.76676065
1603	2997	0.99950916
1603	2690	0.99896854
1603	2396	0.99881613
1603	1610	0.9987855
1603	3255	0.995888
1603	1641	0.9951673
1603	593	0.9774569
1603	1639	0.970582
1603	223	0.9550808
1603	2028	0.9329092
1604	296	0.99539316
1604	318	0.9941656
1604	300	0.9874666
1604	1584	0.97511005
1604	1704	0.9645399
1604	593	0.93698436
1604	1639	0.89267564
1604	2858	0.8777927
1604	1196	0.86096203
1604	150	0.8167176
1605	1784	0.995781
1605	1573	0.9716196
1605	3063	0.9225508
1605	2020	0.9181761
1605	1094	0.8855213
1605	745	0.8802388
1605	1377	0.8281585
1605	2657	0.81768954
1605	534	0.8110684
1605	2094	0.73275065
1606	1591	0.9903884
1606	2987	0.9470997
1606	1499	0.9106227
1606	785	0.8883296
1606	2054	0.8207872
1606	208	0.78900933
1606	1690	0.6490562
1606	809	0.6130601
1606	2324	0.5383308
1606	2861	0.4106219
1607	111	0.9999955
1607	233	0.9997598
1607	1193	0.9952787
1607	2351	0.9664211
1607	2289	0.96402454
1607	3409	0.95488274
1607	1254	0.94906795
1607	2881	0.94076717
1607	1217	0.9041474
1607	1207	0.8857803
1608	2720	0.99670637
1608	2979	0.7722653
1608	2805	0.68111444
1608	2772	0.53554684
1608	3016	0.39912146
1608	1513	0.35721502
1608	969	0.26319212
1608	2392	0.2592654
1608	1180	0.17170683
1608	1246	0.118777215
1609	3253	0.9999942
1609	2352	0.9999865
1609	597	0.9987462
1609	1588	0.99395597
1609	141	0.9918474
1609	2353	0.96285105
1609	517	0.9596997
1609	1957	0.9321629
1609	2469	0.91956913
1609	2132	0.87774014
1610	296	0.9971658
1610	1240	0.9931797
1610	1961	0.98384416
1610	22	0.9665439
1610	1200	0.94942576
1610	1923	0.9035794
1610	1036	0.8588826
1610	1213	0.7905277
1610	2389	0.6388266
1610	1210	0.6067821
1611	2324	0.9911755
1611	1527	0.9849365
1611	2761	0.97547257
1611	595	0.96563554
1611	1333	0.95639837
1611	2369	0.9203682
1611	920	0.9173201
1611	2167	0.9091445
1611	1250	0.8999228
1611	2111	0.8941779
1612	553	1.0
1612	2478	0.9997579
1612	2401	0.9953766
1612	2922	0.9900954
1612	303	0.96728194
1612	1378	0.91468704
1612	2951	0.86145175
1612	1961	0.8407705
1612	2533	0.84075135
1612	1201	0.5846003
1613	516	0.9874302
1613	2391	0.9635985
1613	198	0.9579227
1613	208	0.95151675
1613	1909	0.94899786
1613	2	0.91451716
1613	529	0.8456825
1613	1694	0.7862589
1613	125	0.78280777
1613	586	0.7705668
1614	316	0.99574614
1614	3175	0.9658984
1614	986	0.8617061
1614	314	0.84091794
1614	653	0.7777177
1614	434	0.77606285
1614	3256	0.77601826
1614	648	0.6491748
1614	464	0.5648183
1614	1480	0.47034606
1615	3319	0.94679
1615	2443	0.64548326
1615	111	0.13349622
1615	3068	0.11861175
1615	2858	0.09582284
1615	1390	0.08672297
1615	1193	0.036213577
1615	1124	0.027198285
1615	2196	0.011549234
1615	697	0.010482997
1616	2700	0.9998971
1616	3404	0.9997871
1616	39	0.9996116
1616	2109	0.9949433
1616	934	0.9919276
1616	2706	0.9852836
1616	2138	0.96574986
1616	3157	0.95664525
1616	1721	0.94196767
1616	2321	0.92532194
1617	2455	0.99999136
1617	329	0.99945486
1617	2718	0.9962057
1617	2827	0.9943176
1617	24	0.9775302
1617	1876	0.9775
1617	2826	0.9725728
1617	3	0.9602814
1617	2428	0.9470596
1617	2840	0.94433844
1618	3307	0.9999713
1618	1136	0.9999622
1618	2918	0.99971175
1618	2997	0.9990456
1618	2937	0.9976095
1618	2935	0.99728495
1618	3396	0.9902518
1618	1235	0.9881494
1618	2858	0.90002286
1618	1028	0.8898252
1619	1952	0.9981171
1619	1079	0.9609508
1619	920	0.94967115
1619	1941	0.8116946
1619	924	0.79746425
1619	1220	0.7784112
1619	3421	0.76186013
1619	1196	0.6758942
1619	2858	0.5751288
1619	926	0.5562691
1620	1953	0.9996102
1620	3265	0.9898603
1620	2947	0.975163
1620	1196	0.93052185
1620	1179	0.9079411
1620	1374	0.8805059
1620	999	0.77660245
1620	1248	0.6555681
1620	1466	0.47552887
1620	593	0.4442437
1621	480	0.47008213
1621	1955	0.2037082
1621	2313	0.09703538
1621	1580	0.03451383
1621	2053	0.023139507
1621	1957	0.015782714
1621	529	0.009830415
1621	34	0.009568602
1621	531	0.009057492
1621	527	0.008372813
1622	1090	0.9962143
1622	1299	0.99540246
1622	1272	0.9877862
1622	151	0.97972333
1622	1242	0.9543527
1622	920	0.9385833
1622	1721	0.93438655
1622	924	0.82424736
1622	1097	0.8239037
1622	1198	0.7539921
1623	3363	0.99944097
1623	1270	0.9991632
1623	673	0.9961977
1623	2571	0.99025774
1623	968	0.979791
1623	3037	0.9777445
1623	1234	0.9750344
1623	2788	0.9714619
1623	2279	0.90748024
1623	2918	0.79535466
1624	2525	0.99649
1624	110	0.9768038
1624	861	0.93686426
1624	2160	0.85230756
1624	512	0.765084
1624	2867	0.6869984
1624	1544	0.6869837
1624	2600	0.5886427
1624	2167	0.5569346
1624	1590	0.4984033
1625	2541	0.99982774
1625	2718	0.9874448
1625	3096	0.97642386
1625	2941	0.9680753
1625	2575	0.84016025
1625	2683	0.46758264
1625	917	0.45793363
1625	2581	0.28933066
1625	1093	0.2778022
1625	900	0.17661878
1626	842	0.9993576
1626	2668	0.98695225
1626	2501	0.97597456
1626	532	0.9547992
1626	2329	0.9530456
1626	1914	0.9231081
1626	2898	0.9205923
1626	1999	0.9078985
1626	2517	0.8783796
1626	3148	0.82980084
1627	648	0.99978304
1627	2769	0.99917674
1627	3190	0.99901056
1627	3325	0.9725306
1627	3289	0.9718978
1627	3265	0.64469343
1627	1552	0.38114113
1627	1544	0.19973937
1627	1270	0.15039903
1627	95	0.13092682
1628	2336	0.991047
1628	1732	0.96731806
1628	47	0.9590981
1628	1968	0.95587003
1628	2617	0.9531922
1628	316	0.95262504
1628	1049	0.9524666
1628	1729	0.9431349
1628	1722	0.9417026
1628	2427	0.9412811
1629	1240	0.99995774
1629	1198	0.9883745
1629	260	0.98602366
1629	2167	0.9829513
1629	2571	0.94144166
1629	2995	0.4490889
1629	1197	0.4208096
1629	1610	0.37808192
1629	866	0.35163176
1629	3114	0.30190432
1630	648	0.99990284
1630	849	0.9995736
1630	2012	0.987654
1630	788	0.98316115
1630	2024	0.919668
1630	196	0.91534984
1630	1721	0.8864075
1630	257	0.64140725
1630	1487	0.33750844
1630	21	0.311714
1631	1580	0.996089
1631	830	0.98527724
1631	912	0.98225796
1631	2324	0.97817445
1631	1394	0.9773742
1631	2779	0.9757961
1631	1711	0.96687996
1631	1500	0.96402264
1631	367	0.94683313
1631	370	0.9327173
1632	3044	0.9998698
1632	910	0.9988657
1632	1307	0.9832885
1632	442	0.96019673
1632	1372	0.93577874
1632	1527	0.93549556
1632	3037	0.9034618
1632	610	0.90192795
1632	2696	0.8416697
1632	1949	0.8412293
1633	2948	0.9990908
1633	1673	0.9963039
1633	2791	0.97419167
1633	1580	0.65063035
1633	1544	0.60868734
1633	804	0.54868746
1633	17	0.45855978
1633	2455	0.40521353
1633	144	0.3895144
1633	1197	0.3455147
1634	3269	0.99999976
1634	1702	0.9904777
1634	1721	0.9770423
1634	258	0.93564063
1634	414	0.88292396
1634	788	0.8531977
1634	65	0.77536184
1634	1020	0.7296493
1634	1390	0.68443483
1634	186	0.67807174
1635	2023	0.99997306
1635	1077	0.9903135
1635	366	0.9435605
1635	1234	0.9425658
1635	2692	0.9225403
1635	1269	0.9136641
1635	1385	0.85880256
1635	2133	0.8437514
1635	1271	0.8435096
1635	923	0.8245903
1636	2058	0.9948467
1636	2395	0.8600025
1636	1221	0.8577378
1636	493	0.82602036
1636	2433	0.8133566
1636	1089	0.8131123
1636	2687	0.76582336
1636	3300	0.7454803
1636	1200	0.7376842
1636	3107	0.6503369
1637	891	0.99934196
1637	551	0.98391783
1637	2456	0.9359518
1637	1653	0.5933852
1637	258	0.54191375
1637	593	0.5125698
1637	1527	0.4268414
1637	2232	0.32214004
1637	110	0.24857205
1637	1976	0.229397
1638	3160	0.9991285
1638	1617	0.98480713
1638	1284	0.9754809
1638	1267	0.7398406
1638	2997	0.37076807
1638	2076	0.27989274
1638	3409	0.27149233
1638	2066	0.20638958
1638	2791	0.19986701
1638	2858	0.1969553
1639	2712	0.9985152
1639	1266	0.9983046
1639	1500	0.98515075
1639	1907	0.9696256
1639	736	0.964938
1639	457	0.9380461
1639	1611	0.9243303
1639	2160	0.9193477
1639	2282	0.9158156
1639	357	0.9139391
1640	2763	0.9995527
1640	2433	0.9983182
1640	2881	0.9793433
1640	2722	0.972508
1640	3354	0.95875806
1640	1527	0.9449135
1640	2334	0.5355631
1640	2502	0.37612987
1640	2718	0.28803778
1640	1792	0.23179778
1641	382	0.99998516
1641	3175	0.98541427
1641	24	0.9707927
1641	1917	0.9663179
1641	2898	0.9306883
1641	1214	0.9085647
1641	2232	0.8439469
1641	330	0.6786667
1641	2046	0.54561234
1641	1408	0.43704134
1642	3201	0.89620477
1642	1214	0.88469386
1642	3396	0.7101644
1642	750	0.6502643
1642	3198	0.51424956
1642	1294	0.42813492
1642	1380	0.31346384
1642	1077	0.30496335
1642	3421	0.18079907
1642	2028	0.16981623
1643	2278	0.99834025
1643	2917	0.9903637
1643	930	0.98191845
1643	353	0.97384286
1643	260	0.9656751
1643	2529	0.9368762
1643	1228	0.93568087
1643	1196	0.9294445
1643	1721	0.92032313
1643	1247	0.88048995
1644	2694	0.998497
1644	2572	0.97192836
1644	919	0.94242316
1644	2881	0.9141435
1644	2421	0.86049175
1644	2555	0.8049072
1644	3239	0.75282395
1644	1197	0.7403195
1644	2858	0.7306593
1644	2987	0.544263
1645	2379	0.98759377
1645	2513	0.9853138
1645	2423	0.9699478
1645	2422	0.9693022
1645	1073	0.96756595
1645	543	0.94621956
1645	3210	0.94589406
1645	3087	0.9448333
1645	587	0.9282456
1645	351	0.9111826
1646	1094	0.96611935
1646	1927	0.8948517
1646	3178	0.8446507
1646	2628	0.76586825
1646	3000	0.7413244
1646	2549	0.73185366
1646	1222	0.7063916
1646	589	0.69108397
1646	1277	0.6301528
1646	1117	0.62085617
1647	2657	0.9999019
1647	1222	0.9956765
1647	1411	0.9937073
1647	1967	0.96753603
1647	2138	0.9654365
1647	1297	0.8920691
1647	2567	0.8787185
1647	2424	0.87818456
1647	2378	0.8773945
1647	2879	0.8739184
1648	1953	0.9999021
1648	1097	0.9997709
1648	1304	0.99937004
1648	1293	0.99847853
1648	3396	0.99643016
1648	541	0.99451756
1648	1394	0.9894064
1648	2866	0.98939943
1648	2248	0.9791261
1648	260	0.97469795
1649	1214	0.9999038
1649	1240	0.99961233
1649	1702	0.99813104
1649	608	0.9964422
1649	2253	0.9964051
1649	1748	0.989653
1649	2797	0.9879943
1649	2174	0.98422915
1649	1270	0.9670483
1649	1210	0.94098884
1650	924	0.9995111
1650	913	0.98929656
1650	1566	0.98207045
1650	1748	0.97757137
1650	69	0.9660977
1650	912	0.9646659
1650	328	0.96072984
1650	273	0.9446806
1650	2167	0.92697555
1650	3300	0.92621946
1651	3196	0.9965396
1651	527	0.9935778
1651	1090	0.96450335
1651	1214	0.9473535
1651	1272	0.90330386
1651	2427	0.553901
1651	541	0.5120264
1651	1196	0.3872521
1651	1445	0.28097388
1651	1299	0.20927793
1652	1210	0.47975838
1652	2792	0.22885054
1652	2628	0.06782046
1652	3	0.055966318
1652	1354	0.051841885
1652	608	0.025380999
1652	1197	0.019625396
1652	1580	0.01883915
1652	2657	0.017000586
1652	260	0.012498289
1653	2908	0.99825925
1653	3176	0.8893324
1653	223	0.65255105
1653	3174	0.48766392
1653	1732	0.476235
1653	2352	0.32560977
1653	3424	0.26283497
1653	2699	0.16511843
1653	312	0.11504552
1653	2696	0.101691544
1654	2130	0.999244
1654	3068	0.9928185
1654	1189	0.99100375
1654	1228	0.9900669
1654	1252	0.9885787
1654	111	0.98841405
1654	1090	0.97458947
1654	1284	0.95829993
1654	1304	0.95067084
1654	3408	0.9092344
1655	10	0.99999976
1655	2683	0.99971366
1655	349	0.99950916
1655	786	0.9989464
1655	542	0.9955406
1655	1396	0.990789
1655	1461	0.9837194
1655	593	0.97606945
1655	2916	0.97030425
1655	2278	0.9677122
1656	3177	0.9064473
1656	589	0.45218974
1656	2683	0.1243577
1656	1214	0.12056005
1656	3354	0.0670771
1656	3238	0.060306013
1656	2364	0.05607316
1656	2858	0.053137332
1656	356	0.042369515
1656	1200	0.037931293
1657	1907	0.9971554
1657	1028	0.9956418
1657	1029	0.9852208
1657	2078	0.9584299
1657	1204	0.93754053
1657	2355	0.85467523
1657	2085	0.7784356
1657	1566	0.52429223
1657	1104	0.5093419
1657	2087	0.47481763
1658	2692	0.99994636
1658	2968	0.9999381
1658	2600	0.9995154
1658	1965	0.9981257
1658	1097	0.9978734
1658	2108	0.99738693
1658	1653	0.99682605
1658	784	0.99132705
1658	1320	0.98839784
1658	1249	0.9799808
1659	3173	0.9999491
1659	1377	0.9999149
1659	524	0.9995384
1659	551	0.99032384
1659	266	0.9870956
1659	2455	0.96340716
1659	2858	0.9618678
1659	2135	0.91946405
1659	592	0.6238829
1659	3160	0.5952339
1660	1704	0.995828
1660	3342	0.99280465
1660	685	0.9893826
1660	3250	0.98813486
1660	2599	0.9853896
1660	3418	0.9479352
1660	1213	0.9258441
1660	1719	0.9230854
1660	2458	0.91449916
1660	1617	0.8391269
1661	3102	0.9994577
1661	527	0.9974835
1661	589	0.97795594
1661	529	0.96797633
1661	1704	0.8771903
1661	50	0.83615106
1661	1358	0.78169674
1661	314	0.7799828
1661	246	0.7639581
1661	1193	0.7435898
1662	1580	0.9999031
1662	457	0.9995712
1662	1269	0.99895144
1662	1544	0.997082
1662	661	0.99404466
1662	1219	0.9923301
1662	368	0.9920278
1662	1266	0.9836713
1662	70	0.9820852
1662	1673	0.9741053
1663	1784	0.9994334
1663	1673	0.9992939
1663	2329	0.99896693
1663	480	0.99818146
1663	3083	0.97543615
1663	2324	0.8581146
1663	589	0.8403938
1663	2725	0.79988503
1663	3178	0.7458808
1663	2268	0.6932797
1664	588	0.9635724
1664	1265	0.69174606
1664	3287	0.2681007
1664	2028	0.2203528
1664	2997	0.16628486
1664	48	0.09506908
1664	1270	0.08596581
1664	480	0.083815455
1664	1197	0.04332301
1664	358	0.042215228
1665	2287	0.99998206
1665	1301	0.9993202
1665	1253	0.9896754
1665	1280	0.9483775
1665	1356	0.90042084
1665	1653	0.8891778
1665	1372	0.6607071
1665	2916	0.49189454
1665	32	0.32416022
1665	2091	0.20862186
1666	356	0.9997275
1666	1597	0.99781203
1666	1094	0.9882771
1666	2359	0.98547924
1666	1357	0.9781595
1666	3107	0.9724181
1666	1643	0.9689318
1666	3006	0.9616424
1666	1586	0.9562228
1666	497	0.95377874
1667	2023	0.9998476
1667	380	0.9969518
1667	293	0.9887189
1667	3379	0.9042165
1667	2917	0.90411747
1667	1284	0.8430333
1667	2106	0.76384807
1667	911	0.76109123
1667	589	0.7453289
1667	3342	0.6732644
1668	2858	0.9934212
1668	1221	0.97595894
1668	1193	0.8148501
1668	1617	0.6413819
1668	923	0.32386428
1668	1090	0.24273926
1668	920	0.14467269
1668	2396	0.11263543
1668	3196	0.05673635
1668	1259	0.05480188
1669	3114	0.9902288
1669	527	0.9869716
1669	45	0.9553412
1669	1537	0.855307
1669	724	0.63319415
1669	199	0.45328662
1669	21	0.40320703
1669	34	0.3811545
1669	497	0.25930297
1669	223	0.23530969
1670	2028	0.9972278
1670	2762	0.99553514
1670	2168	0.993178
1670	1678	0.985829
1670	509	0.98549986
1670	300	0.9671527
1670	3100	0.96618986
1670	1265	0.9627662
1670	1673	0.9403297
1670	3260	0.920663
1671	2080	0.9948675
1671	11	0.9944705
1671	2076	0.991125
1671	260	0.9624141
1671	2054	0.94299865
1671	1947	0.9403503
1671	1204	0.9366776
1671	800	0.9280066
1671	3386	0.9204631
1671	3334	0.86831176
1672	1954	0.99729127
1672	1953	0.995947
1672	1304	0.9470606
1672	1210	0.91736317
1672	1221	0.8267465
1672	2916	0.5653894
1672	2000	0.3021868
1672	3208	0.25458103
1672	1610	0.2527502
1672	2947	0.2510396
1673	1876	0.99996614
1673	924	0.9999628
1673	1409	0.99914724
1673	1590	0.99877954
1673	480	0.99791026
1673	688	0.9939885
1673	1584	0.991479
1673	260	0.9827787
1673	1396	0.97090375
1673	1503	0.9585366
1674	1641	0.9970832
1674	3067	0.5090301
1674	235	0.4540209
1674	2355	0.20510986
1674	546	0.15050972
1674	2321	0.12642029
1674	1916	0.11931524
1674	441	0.09170833
1674	2359	0.08521178
1674	1914	0.08298284
1675	273	0.579018
1675	1206	0.47621378
1675	2399	0.4596513
1675	1924	0.43416238
1675	1965	0.39455396
1675	2710	0.34685162
1675	912	0.28144085
1675	653	0.23836482
1675	1259	0.23048955
1675	2672	0.2051236
1676	3398	0.99566287
1676	2699	0.9694678
1676	2393	0.93357253
1676	2028	0.9173639
1676	2622	0.8971888
1676	2138	0.89006406
1676	1367	0.8884375
1676	2471	0.8392129
1676	22	0.8266554
1676	778	0.8257896
1677	303	0.99946177
1677	2722	0.9372847
1677	2959	0.931465
1677	2394	0.9275286
1677	2700	0.9200974
1677	3238	0.9195482
1677	2699	0.8969575
1677	913	0.8488964
1677	3409	0.8473874
1677	3175	0.8397914
1678	1909	0.9996595
1678	293	0.99907565
1678	2291	0.98339534
1678	1215	0.9732386
1678	3177	0.9621396
1678	32	0.9550578
1678	3053	0.94698
1678	3113	0.944172
1678	3081	0.9440259
1678	1873	0.9009268
1679	2713	0.9992391
1679	1092	0.9605936
1679	2976	0.89363337
1679	2701	0.84994674
1679	3052	0.7906775
1679	3159	0.7481944
1679	2759	0.69031787
1679	1544	0.62918967
1679	2762	0.6152068
1679	2492	0.5552735
1680	2243	0.9927137
1680	589	0.94573873
1680	2352	0.9312705
1680	1291	0.90815556
1680	2324	0.88302124
1680	2780	0.8437311
1680	337	0.784649
1680	2671	0.7776231
1680	471	0.7726891
1680	608	0.763026
1681	1222	0.9999747
1681	1200	0.9997773
1681	1240	0.99888635
1681	1217	0.9936078
1681	1302	0.9927058
1681	2918	0.95991945
1681	2288	0.94880426
1681	2513	0.9306282
1681	592	0.9242959
1681	2161	0.88326395
1682	111	0.9935436
1682	1244	0.9931344
1682	1136	0.9889183
1682	1968	0.9682567
1682	1721	0.894877
1682	2858	0.8412038
1682	1199	0.8015597
1682	1206	0.78238297
1682	1304	0.7414632
1682	1261	0.67401
1683	2352	0.9997882
1683	1090	0.995469
1683	1240	0.9917232
1683	2455	0.9840472
1683	1580	0.97635424
1683	1079	0.97297275
1683	1285	0.9715849
1683	1127	0.9498472
1683	2371	0.8917737
1683	2804	0.8667363
1684	1148	0.9992364
1684	2599	0.99776244
1684	1210	0.97990644
1684	1042	0.96984625
1684	441	0.9563345
1684	1060	0.94775605
1684	339	0.93936485
1684	223	0.92925215
1684	318	0.8928312
1684	1265	0.83563745
1685	2731	0.9922967
1685	2427	0.9880157
1685	1036	0.98537564
1685	2144	0.98284304
1685	2366	0.97664016
1685	1231	0.97556615
1685	2076	0.97003317
1685	1224	0.9654964
1685	2054	0.963289
1685	272	0.95725906
1686	908	0.89720374
1686	3101	0.44419622
1686	2324	0.16941044
1686	1544	0.14879921
1686	593	0.1366485
1686	597	0.10747379
1686	527	0.076199204
1686	912	0.03845343
1686	110	0.03825429
1686	1673	0.038127154
1687	3255	0.9998658
1687	1020	0.9937443
1687	111	0.9797135
1687	1080	0.93403196
1687	1278	0.9061282
1687	520	0.89971447
1687	858	0.8884282
1687	1968	0.86285615
1687	420	0.85629916
1687	2399	0.8484435
1688	3159	0.99999106
1688	3179	0.99713504
1688	1210	0.9952441
1688	2793	0.9947334
1688	1274	0.99205804
1688	2294	0.9900058
1688	2580	0.9754846
1688	2702	0.9427911
1688	3157	0.93015933
1688	2858	0.92545354
1689	208	0.99782217
1689	367	0.9900583
1689	2403	0.9852033
1689	587	0.9835206
1689	952	0.81273395
1689	3033	0.8016859
1689	2622	0.7815969
1689	303	0.7510754
1689	2273	0.7232585
1689	112	0.7211208
1690	2424	0.99995196
1690	1	0.999907
1690	1213	0.9994514
1690	2028	0.9975951
1690	3386	0.99417835
1690	2289	0.9923487
1690	428	0.99192864
1690	2687	0.9886837
1690	1266	0.9871261
1690	1704	0.98161006
1691	2985	0.9999745
1691	1291	0.99990845
1691	858	0.9990486
1691	919	0.9962076
1691	1374	0.9853396
1691	1242	0.89516526
1691	2947	0.87924516
1691	2951	0.8208637
1691	1079	0.6773517
1691	1610	0.5875157
1692	2303	0.9928215
1692	2396	0.9827511
1692	2731	0.9688425
1692	441	0.94394076
1692	306	0.91523194
1692	1198	0.8957143
1692	953	0.863979
1692	978	0.85864675
1692	1941	0.8530777
1692	1204	0.8472326
1693	1225	0.99718094
1693	2947	0.98693
1693	1193	0.9766724
1693	2070	0.9675182
1693	930	0.9641384
1693	1213	0.95358
1693	785	0.95149505
1693	2064	0.9208522
1693	1219	0.9110426
1693	2959	0.8735448
1694	1175	0.99992657
1694	2321	0.98527396
1694	590	0.98171264
1694	2028	0.923632
1694	1320	0.8987954
1694	2890	0.86046547
1694	2094	0.8424909
1694	1552	0.8379047
1694	785	0.83002925
1694	1370	0.8074064
1695	2455	0.99985754
1695	196	0.98749477
1695	671	0.9863057
1695	2985	0.97929454
1695	1301	0.90934694
1695	3032	0.79738975
1695	1375	0.7810503
1695	3033	0.6503929
1695	1909	0.648509
1695	1960	0.59103966
1696	434	0.99996376
1696	2403	0.99939185
1696	10	0.9987305
1696	3418	0.99645054
1696	1101	0.99509954
1696	1200	0.9858619
1696	1385	0.9849542
1696	1222	0.98356926
1696	2115	0.947658
1696	1918	0.94252837
1697	1285	0.9981265
1697	1954	0.99796057
1697	1225	0.9923321
1697	2028	0.9844729
1697	1136	0.9829937
1697	3396	0.9632114
1697	589	0.95669353
1697	3095	0.94238853
1697	1206	0.9366303
1697	2243	0.91958666
1698	1200	0.9920065
1698	1	0.9891516
1698	380	0.96896243
1698	1719	0.96179307
1698	253	0.95866716
1698	1254	0.95476437
1698	1101	0.9183819
1698	3160	0.9077668
1698	2020	0.8843388
1698	3044	0.81029433
1699	2300	0.9999924
1699	1226	0.99789226
1699	2132	0.9889523
1699	1078	0.98826754
1699	2203	0.9867941
1699	1029	0.971289
1699	2395	0.9672475
1699	1294	0.95816374
1699	608	0.95570683
1699	2788	0.94156134
1700	745	0.9988617
1700	1223	0.95642614
1700	2028	0.91130376
1700	3409	0.7884602
1700	3173	0.6876549
1700	3301	0.56872815
1700	1197	0.5524012
1700	145	0.54210377
1700	338	0.43975002
1700	1196	0.31928992
1701	1127	0.9890193
1701	2357	0.9851425
1701	2700	0.9803716
1701	3006	0.97831595
1701	1378	0.9644203
1701	299	0.96250165
1701	3108	0.95932233
1701	1259	0.9576531
1701	1252	0.9514628
1701	2028	0.93001723
1702	2502	0.99951196
1702	2699	0.9964637
1702	1527	0.9880371
1702	3147	0.9820943
1702	3081	0.9731437
1702	223	0.970751
1702	2581	0.9681686
1702	3113	0.9625362
1702	1909	0.9322776
1702	849	0.9215896
1703	480	0.9780458
1703	2571	0.96952844
1703	32	0.71647346
1703	1196	0.6692188
1703	1233	0.32549506
1703	1243	0.321873
1703	1270	0.15507737
1703	1215	0.1000655
1703	2916	0.088397324
1703	2657	0.08166897
1704	3263	0.99999297
1704	180	0.99964327
1704	3213	0.9996006
1704	2668	0.9958407
1704	1274	0.99269193
1704	1887	0.9781029
1704	2149	0.9657562
1704	358	0.89164096
1704	3033	0.88091636
1704	1215	0.83025193
1705	838	0.99445987
1705	356	0.9876103
1705	2606	0.9865838
1705	180	0.9741758
1705	1270	0.9700445
1705	2007	0.9696647
1705	2774	0.96838075
1705	1566	0.9396101
1705	2167	0.934438
1705	589	0.9334421
1706	2248	0.99784863
1706	1269	0.98648304
1706	1148	0.98464024
1706	1446	0.983083
1706	1069	0.97696614
1706	1259	0.9631377
1706	1265	0.95583844
1706	2384	0.9553704
1706	2797	0.947927
1706	2918	0.92867726
1707	480	0.99868906
1707	3101	0.9978229
1707	1277	0.9887838
1707	2966	0.97684634
1707	1354	0.976151
1707	661	0.97267276
1707	1212	0.9690455
1707	1544	0.8870321
1707	457	0.8557377
1707	162	0.8208943
1708	2694	0.9147969
1708	3175	0.25757682
1708	1389	0.121295005
1708	2598	0.07193622
1708	1358	0.070240974
1708	3005	0.06982964
1708	2995	0.05837348
1708	2762	0.048897058
1708	2134	0.03986779
1708	2699	0.033735126
1709	1269	0.99857146
1709	2683	0.9925734
1709	3421	0.99191225
1709	1500	0.9869033
1709	2791	0.98228943
1709	2108	0.97883403
1709	1732	0.973634
1709	104	0.95710427
1709	348	0.91745377
1709	3200	0.9124993
1710	3174	0.99995905
1710	2712	0.9999532
1710	2710	0.9999492
1710	2723	0.9991379
1710	2394	0.9982405
1710	2628	0.99791884
1710	2881	0.9973135
1710	2541	0.99631256
1710	1912	0.9958048
1710	3052	0.9948491
1711	154	0.99969304
1711	2997	0.99947476
1711	247	0.9969051
1711	903	0.96846724
1711	593	0.95508254
1711	1354	0.9326079
1711	2370	0.92916393
1711	3102	0.9217912
1711	123	0.91598856
1711	697	0.6947105
1712	1263	0.9994203
1712	1834	0.9985424
1712	1079	0.9928198
1712	1449	0.9826307
1712	2657	0.9790906
1712	1028	0.97065985
1712	1358	0.9656049
1712	2804	0.95563126
1712	3148	0.9270033
1712	1285	0.913269
1713	1246	0.9521453
1713	2797	0.7408115
1713	1918	0.7275642
1713	127	0.6386963
1713	110	0.55906594
1713	2333	0.5391192
1713	1673	0.5286681
1713	1652	0.5089419
1713	3106	0.46470237
1713	2147	0.40616626
1714	3052	0.99982667
1714	480	0.9973676
1714	333	0.9941335
1714	588	0.9897316
1714	1909	0.98936343
1714	21	0.98205113
1714	1689	0.98120135
1714	2321	0.97266114
1714	440	0.9698322
1714	1882	0.95205986
1715	3408	0.9999681
1715	3355	0.9997647
1715	3300	0.9902681
1715	3148	0.9895452
1715	3190	0.9717495
1715	3285	0.96552014
1715	1721	0.921281
1715	3114	0.8596044
1715	3176	0.83576965
1715	3354	0.76488477
1716	2908	0.99947846
1716	788	0.9994137
1716	36	0.99223256
1716	1393	0.98679113
1716	2599	0.9704891
1716	3354	0.9658965
1716	1653	0.96037436
1716	589	0.94721353
1716	1408	0.9298842
1716	1914	0.92289156
1717	908	0.9997738
1717	2311	0.9990406
1717	866	0.9911467
1717	2624	0.99026275
1717	1299	0.94530857
1717	1949	0.94461405
1717	1224	0.9199022
1717	1228	0.8964976
1717	3091	0.87903047
1717	29	0.8788457
1718	50	0.9984635
1718	3160	0.9982427
1718	1213	0.99628216
1718	1259	0.98858255
1718	593	0.89644086
1718	1673	0.830811
1718	1089	0.71829003
1718	3385	0.35165197
1718	1193	0.34527415
1718	2997	0.26975417
1719	3179	0.7496805
1719	2369	0.7172586
1719	2770	0.40972766
1719	3175	0.18936485
1719	2355	0.101304024
1719	2572	0.092341214
1719	223	0.05521664
1719	2407	0.05041486
1719	830	0.04453942
1719	969	0.021238506
1720	480	0.9997365
1720	3160	0.9985672
1720	2791	0.99002415
1720	2924	0.64396036
1720	266	0.48204407
1720	527	0.47339982
1720	2959	0.18516299
1720	1784	0.16580927
1720	45	0.16409418
1720	507	0.10898465
1721	258	0.99999976
1721	2683	0.9994559
1721	743	0.9965066
1721	3263	0.99366385
1721	2694	0.9917567
1721	2335	0.98100114
1721	532	0.96933305
1721	2428	0.9392892
1721	4	0.91936445
1721	1	0.9070914
1722	2633	0.9998432
1722	2315	0.9985988
1722	2746	0.851974
1722	2159	0.8102803
1722	1342	0.6227195
1722	2606	0.61799294
1722	1327	0.6080926
1722	110	0.5088632
1722	2867	0.46137422
1722	1330	0.46063036
1723	1371	0.9988314
1723	3354	0.9813062
1723	2553	0.7381096
1723	1653	0.73194814
1723	610	0.39599174
1723	1580	0.20906737
1723	2287	0.12896308
1723	3070	0.082653284
1723	2641	0.06379706
1723	2010	0.06376985
1724	105	0.9995185
1724	555	0.99416864
1724	1569	0.98962045
1724	1617	0.98738986
1724	1265	0.92106086
1724	339	0.9153638
1724	1094	0.9074695
1724	1466	0.90583825
1724	2297	0.8954221
1724	2248	0.8919552
1725	2676	0.9934051
1725	2492	0.9923122
1725	2683	0.9897107
1725	3285	0.9823576
1725	2572	0.96581817
1725	2716	0.9442888
1725	1580	0.91294414
1725	407	0.90874153
1725	1214	0.80687654
1725	2861	0.7857384
1726	1429	0.9994823
1726	1518	0.9992695
1726	1785	0.99898195
1726	1215	0.99851
1726	592	0.9916386
1726	1370	0.9726622
1726	3301	0.919143
1726	2054	0.9170375
1726	507	0.8245042
1726	1261	0.8121058
1727	2973	0.99942124
1727	2699	0.99631655
1727	1587	0.9960705
1727	303	0.98006046
1727	1017	0.96565664
1727	2779	0.93137
1727	1831	0.9248219
1727	1179	0.84388244
1727	2468	0.8324572
1727	3424	0.8323164
1728	1023	0.98002297
1728	2394	0.9538509
1728	364	0.871187
1728	1197	0.79789674
1728	260	0.7589091
1728	1028	0.7227611
1728	1907	0.5825451
1728	3398	0.56022805
1728	2991	0.46572068
1728	1031	0.43735182
1729	2160	0.998901
1729	2400	0.99670625
1729	3301	0.9665039
1729	2747	0.9301257
1729	3160	0.82695043
1729	1101	0.7877824
1729	1247	0.75184923
1729	973	0.73976064
1729	3350	0.6371827
1729	1252	0.62703717
1730	1580	0.9746827
1730	2791	0.931671
1730	110	0.87413406
1730	2912	0.17925361
1730	527	0.15262604
1730	296	0.047551125
1730	1965	0.02029565
1730	586	0.016899139
1730	1	0.01671198
1730	1784	0.016168267
1731	608	0.8833122
1731	480	0.8360113
1731	804	0.75372773
1731	1784	0.73269224
1731	1193	0.63385075
1731	492	0.62471455
1731	3408	0.47347102
1731	2858	0.42885178
1731	111	0.42545366
1731	3	0.3715893
1732	2858	0.9925957
1732	1265	0.7057383
1732	527	0.46245208
1732	1213	0.35874522
1732	1721	0.3151837
1732	1617	0.21340784
1732	223	0.18943667
1732	1197	0.15050042
1732	1207	0.1259552
1732	2791	0.07942459
1733	2858	0.9980615
1733	3176	0.9694101
1733	2159	0.93581283
1733	589	0.9115832
1733	223	0.85212123
1733	3363	0.84603286
1733	1215	0.816405
1733	474	0.81262815
1733	1089	0.7803048
1733	3052	0.7503419
1734	1217	0.9987317
1734	1132	0.9982403
1734	919	0.99122643
1734	111	0.9904666
1734	858	0.98944134
1734	1222	0.95803833
1734	593	0.9013502
1734	1617	0.8961146
1734	920	0.8831742
1734	924	0.84211004
1735	1449	0.9995965
1735	1042	0.9948439
1735	1641	0.9938378
1735	101	0.9910295
1735	1923	0.9898993
1735	441	0.9772727
1735	2321	0.9563155
1735	21	0.5473977
1735	11	0.38204312
1735	1895	0.31947237
1736	2470	0.9999956
1736	2174	0.9996476
1736	3210	0.9996227
1736	2000	0.9993237
1736	1321	0.99920344
1736	3071	0.99891984
1736	3111	0.99695724
1736	1261	0.99666387
1736	1242	0.99072075
1736	1198	0.968776
1737	2012	0.99613523
1737	454	0.9958338
1737	2424	0.9939027
1737	2985	0.9802638
1737	2956	0.9768965
1737	3386	0.9655171
1737	1271	0.94039136
1737	2746	0.9395136
1737	2003	0.8961712
1737	2763	0.8854706
1738	1093	0.9998044
1738	2291	0.99928755
1738	480	0.99791074
1738	608	0.99115574
1738	1221	0.9849837
1738	2881	0.9732516
1738	235	0.9363325
1738	1189	0.93073
1738	678	0.9226735
1738	2395	0.91817623
1739	2436	0.99945474
1739	2396	0.99835014
1739	912	0.99736995
1739	593	0.9749999
1739	1225	0.96813214
1739	356	0.95574653
1739	141	0.9450879
1739	1784	0.9401759
1739	3175	0.9302503
1739	1304	0.92117137
1740	2023	0.99999166
1740	919	0.9998231
1740	1212	0.99979734
1740	260	0.9997106
1740	2186	0.99520004
1740	2762	0.98692775
1740	1198	0.98165053
1740	913	0.97247297
1740	296	0.97165656
1740	162	0.92626685
1741	208	0.80374295
1741	293	0.7882633
1741	2804	0.7469449
1741	1204	0.7247243
1741	1499	0.68257797
1741	367	0.6296418
1741	1674	0.59400237
1741	1244	0.55883014
1741	426	0.5485259
1741	1939	0.51950157
1742	1218	0.9847567
1742	1200	0.9130372
1742	1097	0.91042054
1742	593	0.9046731
1742	1198	0.8872651
1742	2139	0.83368635
1742	1	0.8087926
1742	2571	0.7605418
1742	1997	0.6912198
1742	1240	0.59687245
1743	2924	0.9570576
1743	1284	0.93072504
1743	3148	0.8765228
1743	1036	0.83691514
1743	1580	0.7787777
1743	2987	0.7705542
1743	678	0.7512611
1743	3000	0.74063444
1743	1210	0.6945833
1743	2657	0.6458313
1744	3098	0.9997207
1744	110	0.9956752
1744	337	0.98023236
1744	1961	0.97959507
1744	1396	0.97958755
1744	1185	0.96951216
1744	3252	0.9524937
1744	253	0.93619275
1744	529	0.8913183
1744	2352	0.8765537
1745	1214	0.9999363
1745	454	0.9993973
1745	593	0.9968245
1745	296	0.996191
1745	253	0.9959259
1745	364	0.995132
1745	1043	0.9931838
1745	1200	0.99269795
1745	1635	0.9921781
1745	2688	0.9870262
1746	3033	0.9980704
1746	173	0.98294514
1746	913	0.75973684
1746	2657	0.7047374
1746	2285	0.60400987
1746	788	0.5920268
1746	1610	0.5694728
1746	1301	0.53841805
1746	3201	0.53421
1746	742	0.528155
1747	1608	0.9996667
1747	541	0.9977529
1747	2971	0.9874314
1747	1203	0.9726932
1747	913	0.92899895
1747	933	0.8960211
1747	2706	0.88817585
1747	999	0.8594487
1747	1215	0.8579178
1747	922	0.8110577
1748	2664	0.99045014
1748	527	0.98552346
1748	515	0.97920036
1748	2987	0.9622321
1748	2009	0.9300438
1748	910	0.9102899
1748	3354	0.8819856
1748	1082	0.85348785
1748	933	0.83815277
1748	593	0.8346189
1749	1266	0.99967885
1749	750	0.9729192
1749	1226	0.7860259
1749	3088	0.74132836
1749	1240	0.61054426
1749	2139	0.5648326
1749	1734	0.56112516
1749	3089	0.5211667
1749	1077	0.51743925
1749	2001	0.48170102
1750	3408	0.99999976
1750	3150	0.9928701
1750	2710	0.85455936
1750	201	0.7951233
1750	2791	0.7327448
1750	1413	0.7294225
1750	480	0.71083254
1750	425	0.7042494
1750	1046	0.69620967
1750	2624	0.6034202
1751	2628	0.9916153
1751	2393	0.8691684
1751	1544	0.83150494
1751	480	0.6140658
1751	551	0.40796474
1751	1035	0.15709105
1751	442	0.10622397
1751	3101	0.047950327
1751	1356	0.04036963
1751	2396	0.02180633
1752	1608	0.9998527
1752	2105	0.9943664
1752	2615	0.98745143
1752	2527	0.98638654
1752	1374	0.97124267
1752	1198	0.9690327
1752	2421	0.95111895
1752	1953	0.9367923
1752	2414	0.9125283
1752	2288	0.91035354
1753	6	0.9860666
1753	44	0.9538255
1753	2916	0.94714034
1753	3159	0.9462999
1753	494	0.91283774
1753	2126	0.9000412
1753	459	0.8803101
1753	2002	0.76695716
1753	1591	0.65119505
1753	1827	0.6077523
1754	223	0.99580634
1754	2188	0.98780584
1754	2700	0.9836024
1754	2959	0.9803877
1754	2028	0.9725588
1754	1206	0.9548739
1754	1382	0.9529067
1754	2060	0.9388981
1754	1259	0.93029374
1754	32	0.9194937
1755	2762	0.9993232
1755	1059	0.98983616
1755	1394	0.9872472
1755	1292	0.9858493
1755	594	0.9847512
1755	16	0.98325264
1755	2028	0.96978426
1755	1094	0.9687465
1755	527	0.9557563
1755	1500	0.94059336
1756	2710	0.99612284
1756	2485	0.9915485
1756	2858	0.9354832
1756	2188	0.89876837
1756	2657	0.56997544
1756	1093	0.5394046
1756	2622	0.43800807
1756	223	0.32281107
1756	2723	0.31770095
1756	2369	0.26228797
1757	2143	0.9998472
1757	1376	0.99973714
1757	924	0.9991265
1757	1277	0.9988579
1757	1030	0.99814004
1757	708	0.9979783
1757	224	0.99442303
1757	930	0.96902645
1757	252	0.95104575
1757	648	0.94026077
1758	866	0.9997695
1758	527	0.9986206
1758	52	0.9984692
1758	2797	0.99769366
1758	2028	0.9681752
1758	1060	0.952595
1758	1092	0.9344101
1758	2020	0.92208225
1758	1966	0.9075055
1758	3424	0.90228546
1759	1282	0.9999801
1759	3213	0.99858916
1759	934	0.9982853
1759	223	0.9970126
1759	1376	0.99028623
1759	180	0.9838873
1759	514	0.98362416
1759	2502	0.9825745
1759	1277	0.9782307
1759	2167	0.9706198
1760	252	0.9999724
1760	1457	0.99880266
1760	2190	0.99791133
1760	357	0.9972974
1760	1285	0.99711084
1760	902	0.99276996
1760	2291	0.99237525
1760	912	0.9877839
1760	1277	0.9821874
1760	2020	0.97433835
1761	2021	0.99968326
1761	2287	0.9992206
1761	1396	0.9912148
1761	1127	0.98595273
1761	1129	0.9761374
1761	2364	0.97177434
1761	1965	0.96206594
1761	2143	0.86558163
1761	589	0.84722483
1761	2916	0.8204361
1762	1201	0.99384195
1762	858	0.97218406
1762	1497	0.9537146
1762	474	0.9510219
1762	527	0.93945014
1762	1912	0.9197489
1762	1573	0.91830015
1762	2916	0.91654694
1762	434	0.8829138
1762	2353	0.8798743
1763	3175	0.9999838
1763	2355	0.99916637
1763	1240	0.9595233
1763	1	0.877214
1763	1210	0.70704055
1763	788	0.67067087
1763	1196	0.64533114
1763	2599	0.58818483
1763	2888	0.32304084
1763	2396	0.29825678
1764	1330	0.97436136
1764	2355	0.9545519
1764	2000	0.9022325
1764	3264	0.89429915
1764	2414	0.8914121
1764	2053	0.8839466
1764	1991	0.85038733
1764	15	0.78321636
1764	688	0.7680125
1764	1201	0.71733856
1765	3238	0.98944604
1765	2433	0.974807
1765	2718	0.9162409
1765	2997	0.7498839
1765	2395	0.4132692
1765	3113	0.39069724
1765	2581	0.34677643
1765	2840	0.26570708
1765	2762	0.21477222
1765	3354	0.16303942
1766	1193	0.9997183
1766	480	0.99842554
1766	1920	0.99534476
1766	2826	0.980154
1766	1064	0.9647088
1766	509	0.9472119
1766	1247	0.7712158
1766	1821	0.7492561
1766	1673	0.60016024
1766	111	0.5983983
1767	2289	0.9976947
1767	3267	0.99717605
1767	2890	0.99046975
1767	3421	0.9490881
1767	3285	0.9420682
1767	671	0.9064423
1767	999	0.8209193
1767	720	0.8149736
1767	497	0.79384863
1767	2750	0.78361666
1768	1097	0.99999815
1768	2420	0.99997973
1768	3308	0.99970543
1768	1298	0.9977061
1768	1198	0.99720395
1768	1228	0.9961846
1768	2915	0.9918166
1768	1956	0.9865657
1768	1270	0.9803752
1768	2130	0.97875005
1769	2428	0.996217
1769	3298	0.9909835
1769	2541	0.9894091
1769	2827	0.9340223
1769	3052	0.86093724
1769	2770	0.83513993
1769	3189	0.81368893
1769	2699	0.56838405
1769	2842	0.46646872
1769	2759	0.16945612
1770	2144	0.9990457
1770	3039	0.9973389
1770	1968	0.98682
1770	1079	0.95221174
1770	3104	0.63623387
1770	2081	0.5197543
1770	2134	0.4946163
1770	2867	0.4633862
1770	3308	0.16375178
1770	2423	0.061708212
1771	1240	0.9993155
1771	589	0.9119924
1771	2916	0.7874776
1771	1645	0.57779557
1771	1198	0.23792845
1771	750	0.13873416
1771	1320	0.08362681
1771	1036	0.05635175
1771	2947	0.047786623
1771	1210	0.03991726
1772	2710	0.99986696
1772	2572	0.9895895
1772	2555	0.9602375
1772	968	0.9544068
1772	2706	0.9122038
1772	3250	0.7826376
1772	1012	0.63851476
1772	2982	0.58632624
1772	3004	0.51340765
1772	924	0.46512976
1773	2599	0.9947331
1773	392	0.9903728
1773	2966	0.9892062
1773	2580	0.95081174
1773	2501	0.94308543
1773	150	0.88016546
1773	457	0.83057296
1773	1873	0.7205019
1773	919	0.6639048
1773	2396	0.639723
1774	2599	0.9228089
1774	1240	0.79353845
1774	2700	0.6899679
1774	3325	0.6473356
1774	673	0.5481296
1774	2792	0.5322565
1774	891	0.52675843
1774	370	0.34386635
1774	1197	0.26071543
1774	338	0.19085097
1775	2804	0.9999769
1775	908	0.99481845
1775	2070	0.98386085
1775	162	0.9785086
1775	2871	0.9442173
1775	3421	0.9059068
1775	3098	0.787784
1775	1263	0.78539366
1775	3160	0.74947923
1775	1220	0.71740186
1776	1276	0.99553
1776	1091	0.9910891
1776	2034	0.98294884
1776	2710	0.981652
1776	3174	0.97119755
1776	344	0.95858896
1776	1220	0.9364096
1776	2335	0.92855024
1776	485	0.9168225
1776	1544	0.8761668
1777	2917	0.9999982
1777	1321	0.99997807
1777	2288	0.99855065
1777	2348	0.99634457
1777	1957	0.98241615
1777	1231	0.9639127
1777	1150	0.9546281
1777	1036	0.9538631
1777	858	0.9482831
1777	32	0.93640184
1778	539	0.98386526
1778	1681	0.95676774
1778	1259	0.95532036
1778	919	0.952433
1778	1393	0.93961406
1778	1644	0.90351224
1778	587	0.9004879
1778	733	0.89946216
1778	2720	0.88407093
1778	1625	0.87836456
1779	2395	0.999938
1779	153	0.9963969
1779	849	0.98123866
1779	2599	0.97644305
1779	919	0.97192633
1779	24	0.97102463
1779	2841	0.96640205
1779	1073	0.965232
1779	2115	0.96178293
1779	3253	0.9538677
1780	2081	0.9983555
1780	1201	0.9943845
1780	1019	0.9910749
1780	2076	0.9894451
1780	1079	0.98461795
1780	3037	0.98060024
1780	434	0.9751011
1780	1517	0.9551972
1780	1078	0.95474374
1780	2683	0.95001936
1781	2746	0.99929875
1781	1717	0.9940078
1781	2428	0.99283874
1781	1193	0.9874869
1781	1258	0.9867789
1781	2867	0.97475004
1781	1196	0.9662123
1781	1097	0.9522095
1781	2710	0.9460194
1781	1644	0.86832947
1782	2901	0.98317635
1782	2706	0.9414172
1782	223	0.9298924
1782	1221	0.92156434
1782	2433	0.9154421
1782	2687	0.8920926
1782	2688	0.7780014
1782	2707	0.751917
1782	2686	0.72728884
1782	2710	0.6732936
1783	858	0.9979365
1783	2622	0.99164987
1783	2093	0.6842848
1783	2795	0.61945975
1783	2023	0.5479893
1783	1958	0.53542256
1783	383	0.4046381
1783	562	0.3297556
1783	3178	0.32459152
1783	282	0.31661823
1784	329	0.9945377
1784	1876	0.9768547
1784	1590	0.9762287
1784	2232	0.9232327
1784	1214	0.8732188
1784	1909	0.8418853
1784	1200	0.7168676
1784	1396	0.71473897
1784	1253	0.65686333
1784	1573	0.6519601
1785	3300	0.99995226
1785	3354	0.988575
1785	1799	0.8947226
1785	3317	0.8860291
1785	2596	0.7235413
1785	2136	0.6974005
1785	3238	0.6618192
1785	1366	0.62566334
1785	234	0.6200646
1785	511	0.4913809
1786	3265	0.99967444
1786	1252	0.99724483
1786	1953	0.98381424
1786	3354	0.97173166
1786	858	0.9232433
1786	3000	0.8309815
1786	3357	0.7804263
1786	1270	0.29226375
1786	3416	0.25979596
1786	2628	0.20260608
1787	223	0.99802333
1787	1608	0.996389
1787	1093	0.9958494
1787	3005	0.96349394
1787	1784	0.90436155
1787	736	0.24829474
1787	2712	0.23883548
1787	2188	0.22034839
1787	3179	0.18383941
1787	3257	0.17651507
1788	1095	0.99995446
1788	247	0.9987173
1788	1213	0.9924016
1788	229	0.99193907
1788	41	0.9800465
1788	1699	0.97895765
1788	1633	0.97697294
1788	2912	0.9512931
1788	2396	0.9254675
1788	1734	0.9243164
1789	2580	0.9994463
1789	2707	0.9992945
1789	2770	0.9692393
1789	1213	0.9623962
1789	3160	0.9610357
1789	2598	0.88655686
1789	2395	0.8308668
1789	2541	0.7864952
1789	3408	0.73833805
1789	2881	0.48765832
1790	2657	0.9997736
1790	1500	0.9995829
1790	1476	0.9948046
1790	1301	0.9925693
1790	2640	0.9912625
1790	1242	0.986567
1790	2531	0.9616702
1790	2706	0.95512265
1790	1663	0.9385931
1790	1379	0.92443424
1791	1251	0.9992448
1791	2351	0.998084
1791	2204	0.996077
1791	162	0.99560374
1791	2203	0.99541235
1791	1211	0.9924506
1791	2699	0.9863728
1791	235	0.98181224
1791	1649	0.97689533
1791	1236	0.9763591
1792	380	0.9999863
1792	3316	0.99995416
1792	3298	0.99990606
1792	2581	0.9998846
1792	2424	0.9998795
1792	2724	0.99942875
1792	2827	0.99848056
1792	2959	0.99133694
1792	2762	0.98864686
1792	2396	0.97997546
1793	1387	0.9995389
1793	1240	0.9994329
1793	2302	0.99850655
1793	2580	0.9904381
1793	1288	0.9901159
1793	2858	0.9886848
1793	2329	0.98764217
1793	34	0.9723083
1793	32	0.97046506
1793	2396	0.9651235
1794	2268	0.9991791
1794	2118	0.97481966
1794	2000	0.9737492
1794	1573	0.95430124
1794	2407	0.9430463
1794	1242	0.9325688
1794	2804	0.9279214
1794	11	0.9215796
1794	104	0.91859967
1794	1994	0.89117527
1795	1923	0.93397313
1795	1641	0.82512856
1795	3101	0.78679025
1795	2306	0.7568793
1795	2324	0.6240582
1795	1395	0.5583743
1795	2997	0.5448749
1795	3255	0.48382947
1795	1	0.45092732
1795	3022	0.40762988
1796	1172	0.9999825
1796	1220	0.9991257
1796	908	0.9961246
1796	2700	0.9956001
1796	3260	0.9943242
1796	2359	0.9926927
1796	2352	0.9848398
1796	3210	0.9838733
1796	3362	0.9837177
1796	2997	0.983665
1797	2937	0.99999183
1797	1250	0.99938977
1797	1673	0.9980197
1797	923	0.9560982
1797	3030	0.9438144
1797	906	0.93956614
1797	905	0.89621663
1797	1294	0.89618707
1797	918	0.8915037
1797	2858	0.8835155
1798	1219	0.9751735
1798	2009	0.9440168
1798	1242	0.9275613
1798	1387	0.8225571
1798	3173	0.80614954
1798	589	0.74395734
1798	527	0.7248409
1798	2288	0.64921206
1798	1036	0.64769167
1798	750	0.6060649
1799	529	0.99998957
1799	1639	0.9999665
1799	3147	0.9998627
1799	318	0.9998014
1799	1704	0.99675393
1799	2087	0.9944821
1799	1277	0.99067926
1799	1050	0.97573113
1799	293	0.9633641
1799	229	0.94766176
1800	2002	0.99991906
1800	1387	0.9852896
1800	1214	0.984367
1800	303	0.9815089
1800	1876	0.9726291
1800	1792	0.9545027
1800	1438	0.9541149
1800	1037	0.94445825
1800	2617	0.9438274
1800	379	0.9191035
1801	1345	0.9878169
1801	589	0.98638916
1801	616	0.98100746
1801	480	0.97716177
1801	2455	0.9476327
1801	1997	0.94344676
1801	1982	0.87040806
1801	1785	0.8600254
1801	318	0.7578132
1801	428	0.70004594
1802	2761	0.99783456
1802	1230	0.99643004
1802	2791	0.99358404
1802	3300	0.98204833
1802	3265	0.9803027
1802	750	0.97434545
1802	538	0.96952385
1802	2997	0.95777726
1802	32	0.9559909
1802	3090	0.94481146
1803	553	0.9989735
1803	2334	0.9956839
1803	50	0.9816942
1803	2002	0.9265151
1803	661	0.8909433
1803	1385	0.87058854
1803	1968	0.81476533
1803	1597	0.76742196
1803	318	0.7648496
1803	611	0.69613314
1804	3006	0.99987537
1804	2827	0.99597615
1804	1644	0.92046654
1804	2987	0.9168041
1804	2993	0.9107772
1804	2908	0.9091747
1804	1610	0.900109
1804	2188	0.89445317
1804	592	0.8851876
1804	10	0.8694981
1805	1278	0.999995
1805	1610	0.99587387
1805	1079	0.9831874
1805	2699	0.9819584
1805	1912	0.98137057
1805	1923	0.9804349
1805	39	0.9715905
1805	2028	0.9535465
1805	1219	0.94919634
1805	1411	0.9484756
1806	3105	0.96123654
1806	2700	0.9568455
1806	26	0.94554746
1806	3159	0.9313137
1806	534	0.929173
1806	2687	0.92479867
1806	524	0.900936
1806	3054	0.83220196
1806	1282	0.81256545
1806	2321	0.8102351
1807	47	0.99964726
1807	1968	0.9911956
1807	2194	0.98434883
1807	2403	0.9777341
1807	1219	0.94269943
1807	2628	0.93879944
1807	2700	0.92267144
1807	2528	0.8805041
1807	2858	0.85806406
1807	372	0.85701036
1808	745	0.9999689
1808	3324	0.99696755
1808	364	0.995345
1808	551	0.98663425
1808	3408	0.9808225
1808	1907	0.97677565
1808	3316	0.9754127
1808	141	0.96009654
1808	588	0.9406296
1808	3355	0.9283503
1809	2433	0.99970675
1809	2995	0.99734807
1809	3113	0.9971671
1809	2605	0.989105
1809	2188	0.98461366
1809	2580	0.97051454
1809	3203	0.9010601
1809	24	0.8301134
1809	2826	0.82535744
1809	1653	0.5816622
1810	904	0.9999968
1810	913	0.9999909
1810	1269	0.9994081
1810	2583	0.9972606
1810	1252	0.9962093
1810	648	0.9918549
1810	928	0.97815174
1810	2945	0.9755994
1810	111	0.9524819
1810	750	0.9436525
1811	2683	0.99978995
1811	1221	0.9156153
1811	489	0.7153691
1811	223	0.6899609
1811	527	0.65697265
1811	434	0.6410744
1811	490	0.62340313
1811	3203	0.54091966
1811	2028	0.43718928
1811	349	0.36042273
1812	562	0.9993211
1812	2243	0.994559
1812	2735	0.9882585
1812	2987	0.97631407
1812	1873	0.9750963
1812	329	0.94983256
1812	1617	0.94169044
1812	1298	0.9407848
1812	2390	0.9404628
1812	3252	0.9235634
1813	3270	0.9949416
1813	2885	0.8828167
1813	848	0.80287033
1813	564	0.7321584
1813	691	0.66627693
1813	1541	0.6226187
1813	2506	0.58347833
1813	2266	0.41312307
1813	804	0.4122938
1813	2188	0.41163388
1814	1676	0.99968886
1814	1584	0.99804974
1814	480	0.9972011
1814	1489	0.90005004
1814	2393	0.6531344
1814	1617	0.5438294
1814	1653	0.51185036
1814	1372	0.33042863
1814	351	0.28731266
1814	329	0.20201394
1815	2010	0.99999464
1815	589	0.9999855
1815	32	0.9960071
1815	2455	0.9952891
1815	541	0.99490225
1815	750	0.98877186
1815	1210	0.95216167
1815	223	0.9500113
1815	2140	0.9484333
1815	70	0.9353488
1816	1690	0.9997364
1816	1387	0.9984281
1816	1214	0.9980881
1816	1200	0.980031
1816	3264	0.9686805
1816	2571	0.8851439
1816	2352	0.8265487
1816	1333	0.81654084
1816	2747	0.77605665
1816	3016	0.75707185
1817	1372	0.9989991
1817	2012	0.981568
1817	2916	0.7614075
1817	1095	0.592261
1817	1690	0.55339646
1817	2827	0.47164297
1817	1050	0.45309508
1817	1591	0.45015278
1817	1965	0.430008
1817	2555	0.40873897
1818	60	0.9998554
1818	2161	0.9995671
1818	110	0.9991958
1818	1210	0.9984794
1818	2987	0.9965822
1818	1967	0.99599314
1818	1029	0.98308
1818	2081	0.9697352
1818	2	0.9619513
1818	480	0.9511076
1819	940	0.99997556
1819	1210	0.9969852
1819	2657	0.99429214
1819	1197	0.9893718
1819	2948	0.9842172
1819	1127	0.9727868
1819	2028	0.9484205
1819	2616	0.9373834
1819	111	0.9170364
1819	2366	0.8812833
1820	2571	0.9993483
1820	2094	0.99914575
1820	2628	0.9984286
1820	2407	0.9945611
1820	3104	0.98659664
1820	322	0.98360085
1820	1387	0.9826554
1820	2054	0.9777565
1820	34	0.9701749
1820	349	0.9417142
1821	978	0.9949471
1821	1212	0.98884696
1821	2488	0.98856056
1821	702	0.97978747
1821	2313	0.964113
1821	1196	0.93393815
1821	3266	0.9269991
1821	3223	0.76249146
1821	2019	0.4819762
1821	924	0.47475013
1822	2145	0.9993198
1822	2797	0.9919919
1822	1259	0.9907966
1822	2100	0.9449899
1822	1186	0.93110275
1822	2109	0.91182876
1822	2370	0.8998271
1822	2081	0.86231726
1822	2941	0.80998
1822	2858	0.7917983
1823	3408	0.9999225
1823	497	0.9866164
1823	1188	0.97587454
1823	2355	0.97433007
1823	661	0.9688761
1823	3004	0.9679003
1823	3176	0.9460625
1823	2628	0.87808824
1823	3299	0.855716
1823	3160	0.83089375
1824	356	0.9999423
1824	1	0.9997911
1824	3157	0.98411494
1824	3301	0.98239386
1824	2762	0.9745184
1824	2302	0.9691336
1824	2321	0.9686379
1824	1393	0.9648171
1824	648	0.95358515
1824	3316	0.9480053
1825	1225	0.9996632
1825	597	0.9991065
1825	1810	0.9986023
1825	3324	0.99791104
1825	2699	0.9962566
1825	25	0.9947244
1825	1441	0.9936378
1825	333	0.99115103
1825	1242	0.9826931
1825	1955	0.9781152
1826	1210	0.99408674
1826	2287	0.947171
1826	1527	0.90611637
1826	1240	0.89661944
1826	2498	0.61639875
1826	2010	0.60337776
1826	982	0.55294234
1826	1960	0.5037428
1826	1127	0.4507988
1826	2009	0.44485685
1827	50	0.99047536
1827	1717	0.97950125
1827	3101	0.97237766
1827	589	0.9597114
1827	2877	0.9358548
1827	1947	0.92347866
1827	3	0.7963735
1827	1673	0.78935015
1827	356	0.6911584
1827	2792	0.5606467
1828	1	0.9998528
1828	2572	0.99900365
1828	551	0.99662286
1828	2355	0.995711
1828	866	0.9927335
1828	277	0.99221766
1828	1641	0.9909359
1828	1210	0.9698292
1828	2501	0.96477103
1828	2324	0.9605664
1829	290	0.99999905
1829	3101	0.9999978
1829	2762	0.98717517
1829	2902	0.98554754
1829	2692	0.976758
1829	1446	0.96995413
1829	1225	0.95740616
1829	308	0.9506248
1829	306	0.94024324
1829	1127	0.93662554
1830	1198	0.9999994
1830	2193	0.99995375
1830	1275	0.99907726
1830	1374	0.9989668
1830	2643	0.9604904
1830	3104	0.9454585
1830	2628	0.92219275
1830	2987	0.8458712
1830	2105	0.8161411
1830	2406	0.75127584
1831	2976	0.9989557
1831	1093	0.99022365
1831	440	0.9201207
1831	2720	0.9070059
1831	3250	0.8878547
1831	2188	0.8476732
1831	2828	0.78580135
1831	2395	0.76800656
1831	3052	0.7548086
1831	1513	0.75162923
1832	1704	0.9999692
1832	1730	0.99918884
1832	1547	0.9906416
1832	1213	0.9880569
1832	593	0.97046477
1832	34	0.9667891
1832	190	0.9395337
1832	1639	0.9394259
1832	1210	0.90995467
1832	2336	0.8336215
1833	1673	0.99950874
1833	36	0.99733055
1833	2700	0.99616086
1833	2571	0.99000716
1833	2694	0.9834746
1833	1393	0.98187387
1833	3114	0.9767908
1833	1912	0.9661064
1833	441	0.94929767
1833	858	0.93401074
1834	260	0.9999943
1834	594	0.98703814
1834	1688	0.9807644
1834	1210	0.97397363
1834	1333	0.9520751
1834	1136	0.9493328
1834	595	0.9219955
1834	3408	0.9218992
1834	1345	0.83739054
1834	780	0.8235448
1835	17	0.954311
1835	3250	0.92705595
1835	2747	0.9256919
1835	111	0.91536784
1835	2420	0.87424433
1835	2686	0.87391603
1835	2291	0.85295546
1835	1748	0.85024464
1835	904	0.8368
1835	2407	0.81049764
1836	2797	0.9950712
1836	111	0.9859945
1836	3174	0.9790803
1836	104	0.9721782
1836	2683	0.9600942
1836	346	0.9187102
1836	45	0.88759494
1836	2111	0.8875667
1836	2699	0.88402915
1836	514	0.87407917
1837	1387	0.9997988
1837	1617	0.99943954
1837	1704	0.9986347
1837	46	0.8815881
1837	3254	0.76220864
1837	1465	0.7599331
1837	3361	0.7477884
1837	671	0.70473546
1837	1	0.69130915
1837	1615	0.6059216
1838	2858	0.8184961
1838	3301	0.39863968
1838	2918	0.3797136
1838	3354	0.29036313
1838	3317	0.27470982
1838	1307	0.13583055
1838	3173	0.12648466
1838	3101	0.040689945
1838	1270	0.03449011
1838	2324	0.032568842
1839	608	0.96611756
1839	1784	0.95750844
1839	3213	0.9344382
1839	1923	0.92652
1839	318	0.9112054
1839	1617	0.81834805
1839	1270	0.8127734
1839	1385	0.61620235
1839	39	0.6020605
1839	2890	0.37285763
1840	3024	0.97166157
1840	2644	0.9580599
1840	1270	0.95236635
1840	2535	0.9379916
1840	1196	0.9209348
1840	750	0.5655413
1840	407	0.5129487
1840	3418	0.48869452
1840	451	0.48254776
1840	2377	0.40069503
1841	380	0.9992456
1841	3081	0.99901414
1841	2321	0.99540144
1841	1089	0.995278
1841	2108	0.99295926
1841	6	0.9925573
1841	2058	0.98058647
1841	2302	0.97088003
1841	3173	0.9613652
1841	1653	0.9467366
1842	2318	0.99791837
1842	1610	0.99744105
1842	1914	0.9942217
1842	112	0.9899684
1842	3148	0.9821817
1842	514	0.9715195
1842	628	0.95646167
1842	1200	0.95236045
1842	2891	0.9260241
1842	1243	0.9258811
1843	1387	0.99978125
1843	3185	0.99963474
1843	2643	0.9953847
1843	69	0.9909791
1843	1198	0.98052156
1843	780	0.98020446
1843	1927	0.9778639
1843	1224	0.97585666
1843	1208	0.97119117
1843	3354	0.969164
1844	2858	0.9944027
1844	527	0.9321485
1844	608	0.7854522
1844	480	0.37850863
1844	1089	0.3724812
1844	2628	0.36231786
1844	1213	0.30589733
1844	50	0.20422956
1844	1614	0.14029545
1844	111	0.08520809
1845	562	0.99412733
1845	2502	0.98392963
1845	11	0.9812954
1845	233	0.9554281
1845	1961	0.9545609
1845	1193	0.94870424
1845	501	0.943148
1845	1222	0.89288366
1845	3246	0.88324904
1845	2134	0.8636301
1846	3265	0.999992
1846	1288	0.9990394
1846	1189	0.9895834
1846	1228	0.9785056
1846	32	0.96960604
1846	1223	0.9314915
1846	593	0.92971444
1846	1266	0.8983821
1846	2028	0.8635614
1846	589	0.862461
1847	1267	0.9999666
1847	1213	0.9905602
1847	1670	0.99047935
1847	800	0.9771031
1847	50	0.92603976
1847	110	0.9187181
1847	2449	0.89495325
1847	3260	0.8661566
1847	593	0.8420228
1847	2186	0.7448949
1848	1284	0.99988544
1848	1673	0.9997637
1848	2677	0.9985641
1848	2160	0.9983998
1848	3007	0.9975352
1848	1580	0.99608344
1848	1248	0.9955406
1848	1327	0.9831794
1848	2716	0.88292646
1848	2455	0.833287
1849	1370	0.931535
1849	1573	0.8628718
1849	1198	0.7190756
1849	1210	0.63212824
1849	318	0.59828544
1849	474	0.43264532
1849	1200	0.30434856
1849	380	0.30111086
1849	3256	0.27241513
1849	1265	0.15859258
1850	1907	0.9999951
1850	1032	0.9994107
1850	2033	0.9991659
1850	2092	0.96656215
1850	2089	0.94665754
1850	1221	0.88025695
1850	1566	0.7218782
1850	709	0.71807325
1850	1196	0.6754489
1850	919	0.51653826
1851	1035	0.9993137
1851	2333	0.9992728
1851	2580	0.9929264
1851	2532	0.98819244
1851	2093	0.9785106
1851	2263	0.92484033
1851	1653	0.8451467
1851	529	0.8059728
1851	2053	0.793255
1851	432	0.7876017
1852	2985	0.9999817
1852	3421	0.9126617
1852	541	0.88583183
1852	1224	0.8261389
1852	692	0.7620211
1852	2664	0.75606287
1852	2527	0.7390958
1852	1097	0.670771
1852	1584	0.5968826
1852	172	0.54842347
1853	2788	0.9999256
1853	1923	0.99987
1853	2542	0.9977566
1853	1136	0.9976168
1853	232	0.98880345
1853	1784	0.9757944
1853	588	0.9467256
1853	1285	0.94048285
1853	1288	0.9371185
1853	2384	0.9346013
1854	2826	0.99717665
1854	2147	0.98852026
1854	1186	0.97779846
1854	86	0.97386265
1854	3104	0.9658779
1854	2359	0.964406
1854	2700	0.8985099
1854	3147	0.87865067
1854	1259	0.83717406
1854	2860	0.8017378
1855	112	0.9995736
1855	145	0.9975935
1855	2985	0.99702954
1855	2916	0.9795089
1855	1586	0.88877916
1855	1687	0.8836782
1855	2763	0.8659438
1855	1610	0.86249655
1855	2058	0.8428565
1855	1198	0.5349287
1856	1334	0.9845724
1856	2968	0.94416076
1856	1909	0.85041964
1856	2140	0.77036786
1856	2985	0.53949803
1856	1127	0.23409757
1856	2346	0.1482481
1856	2311	0.03652093
1856	1396	0.023112208
1856	3024	0.018998057
1857	2083	0.99999976
1857	595	0.9999981
1857	596	0.99969864
1857	531	0.99923515
1857	1022	0.9976671
1857	13	0.9975307
1857	421	0.98902094
1857	2687	0.97324324
1857	2081	0.95534956
1857	2018	0.95381534
1858	2879	0.9961821
1858	2366	0.9882564
1858	2085	0.9760871
1858	1333	0.9740705
1858	2081	0.9688682
1858	2710	0.9484162
1858	3213	0.9223714
1858	941	0.90443075
1858	3000	0.88827586
1858	2706	0.8705498
1859	802	0.9999538
1859	527	0.99770445
1859	1233	0.9924064
1859	1270	0.99102986
1859	1225	0.9834454
1859	1204	0.9652122
1859	2324	0.95605373
1859	920	0.93896973
1859	1294	0.8562777
1859	1266	0.80960655
1860	647	0.99456203
1860	150	0.99363476
1860	1586	0.99282825
1860	1694	0.9613511
1860	2287	0.9541392
1860	1094	0.9366767
1860	3253	0.9175447
1860	2889	0.91286564
1860	1230	0.881613
1860	1939	0.86468804
1861	1580	0.9986148
1861	1020	0.9852898
1861	1370	0.98388517
1861	1240	0.9610459
1861	2302	0.95998114
1861	383	0.9524534
1861	2427	0.942678
1861	480	0.9132354
1861	3397	0.90889263
1861	590	0.88402426
1862	2572	0.997699
1862	2759	0.99373364
1862	355	0.9878202
1862	3035	0.9555863
1862	2336	0.94863784
1862	954	0.9393141
1862	2396	0.93241453
1862	2683	0.81830233
1862	2694	0.76313365
1862	969	0.73146594
1863	1254	0.9999827
1863	858	0.9981313
1863	608	0.9753561
1863	3196	0.9600401
1863	908	0.6493159
1863	3201	0.62403506
1863	3022	0.49738988
1863	1210	0.4399401
1863	1219	0.4389842
1863	1094	0.40569192
1864	3388	0.92684734
1864	3198	0.28423512
1864	1097	0.065240175
1864	521	0.04586497
1864	1440	0.01336652
1864	1043	0.007411808
1864	1839	0.0037712753
1864	1450	0.0032667518
1864	360	0.0027568042
1864	438	0.0024633706
1865	3060	0.949044
1865	2861	0.8321138
1865	17	0.82162863
1865	2421	0.70162314
1865	368	0.6318483
1865	2671	0.5347558
1865	2572	0.46279532
1865	1916	0.4609153
1865	1923	0.42353052
1865	2959	0.42059147
1866	1994	0.9995835
1866	2916	0.9976822
1866	1036	0.9913237
1866	1552	0.9909854
1866	1674	0.98741746
1866	2490	0.9828688
1866	1617	0.98083115
1866	2174	0.9361044
1866	480	0.91569746
1866	1805	0.90471566
1867	2858	0.9999387
1867	1617	0.9998803
1867	1269	0.99194384
1867	1282	0.99030733
1867	1270	0.97757566
1867	1230	0.975862
1867	2918	0.962114
1867	1527	0.94282067
1867	3408	0.9310703
1867	1288	0.9068731
1868	1221	0.99996126
1868	1945	0.99933136
1868	1304	0.9985726
1868	599	0.9983671
1868	1256	0.98534703
1868	1104	0.9727267
1868	1267	0.9644642
1868	111	0.9034195
1868	940	0.9001492
1868	260	0.8744223
1869	1234	0.99402124
1869	3101	0.98315865
1869	3328	0.9545649
1869	1247	0.9526701
1869	247	0.9392252
1869	3091	0.92052066
1869	1394	0.91933817
1869	3022	0.9085064
1869	903	0.8021695
1869	3341	0.7203409
1870	2058	0.99708664
1870	1198	0.9943489
1870	648	0.98828566
1870	1101	0.98767924
1870	1370	0.97659266
1870	457	0.9668362
1870	21	0.9413761
1870	2406	0.924875
1870	940	0.9059191
1870	3418	0.8699195
1871	2985	0.9965625
1871	1200	0.9944776
1871	1028	0.9290527
1871	2640	0.9129713
1871	1032	0.85857403
1871	2662	0.7788066
1871	1408	0.7498313
1871	2363	0.6711114
1871	589	0.6229288
1871	1214	0.52918696
1872	589	0.9998511
1872	47	0.9976618
1872	2571	0.6603423
1872	293	0.6521968
1872	1219	0.11444357
1872	2858	0.10700548
1872	587	0.102131754
1872	1845	0.098528415
1872	902	0.06920433
1872	1625	0.03668329
1873	1270	0.9980234
1873	858	0.9828023
1873	1265	0.9802798
1873	1380	0.9755324
1873	1225	0.9683688
1873	17	0.9601585
1873	1208	0.92686886
1873	2985	0.921417
1873	367	0.9194548
1873	2002	0.9050992
1874	969	0.999977
1874	3363	0.9986974
1874	1419	0.9983349
1874	1219	0.9923239
1874	923	0.9519253
1874	1939	0.9445355
1874	1284	0.9309319
1874	318	0.9300487
1874	908	0.9259427
1874	549	0.9154911
1875	1277	0.99974465
1875	922	0.98874545
1875	2770	0.9823148
1875	3099	0.96859753
1875	2690	0.9418441
1875	3176	0.9358599
1875	2667	0.89787996
1875	1918	0.8971147
1875	2723	0.86786366
1875	2915	0.8660671
1876	1291	0.9897264
1876	3004	0.97988945
1876	2710	0.9780601
1876	1036	0.8988893
1876	3113	0.84778
1876	1210	0.83797234
1876	2492	0.6713454
1876	1240	0.62572396
1876	2871	0.33897582
1876	2355	0.2572135
1877	804	0.9991364
1877	3328	0.9822639
1877	551	0.88321567
1877	3160	0.8132912
1877	3083	0.7503617
1877	2284	0.6525763
1877	31	0.5613235
1877	277	0.52587837
1877	3173	0.5244485
1877	3319	0.36420768
1878	2628	0.9998483
1878	2916	0.97919166
1878	435	0.9678824
1878	3269	0.9577024
1878	1527	0.9518714
1878	587	0.8981508
1878	1387	0.8809025
1878	1603	0.869262
1878	2701	0.86402744
1878	1909	0.8532293
1879	21	0.9991291
1879	1777	0.99452645
1879	590	0.9804303
1879	1544	0.9732778
1879	786	0.9710743
1879	1876	0.930506
1879	1100	0.9304398
1879	805	0.9223917
1879	145	0.9007089
1879	3396	0.8355111
1880	1385	0.99971414
1880	3408	0.9967028
1880	1408	0.9951354
1880	1653	0.9906262
1880	1965	0.9832181
1880	204	0.98255
1880	2762	0.9706397
1880	141	0.9676383
1880	2046	0.9561796
1880	2558	0.91911125
1881	3255	0.9999895
1881	500	0.99984765
1881	2567	0.9998451
1881	52	0.9993001
1881	1641	0.9948352
1881	1042	0.9815624
1881	1265	0.97859097
1881	1646	0.9771141
1881	1476	0.8648537
1881	2355	0.826949
1882	1253	0.99784386
1882	1344	0.9925237
1882	1175	0.9921072
1882	750	0.9811969
1882	2987	0.9796469
1882	2064	0.974138
1882	3366	0.9679718
1882	1147	0.9672861
1882	968	0.96521336
1882	2676	0.9646549
1883	1079	0.9986608
1883	475	0.9792454
1883	908	0.96489143
1883	2054	0.89322793
1883	314	0.88305235
1883	1094	0.88184655
1883	1965	0.8659499
1883	1961	0.8645341
1883	2725	0.83595973
1883	902	0.8316377
1884	2761	0.9883448
1884	1215	0.98138845
1884	1748	0.93884015
1884	858	0.9113047
1884	380	0.86152315
1884	2291	0.85155463
1884	32	0.81470096
1884	1945	0.6803643
1884	915	0.6663492
1884	2331	0.65886104
1885	480	0.99979085
1885	1259	0.9997903
1885	2455	0.99978304
1885	1327	0.9992858
1885	2527	0.9918835
1885	858	0.99093986
1885	597	0.99084693
1885	1580	0.9857422
1885	1997	0.9096348
1885	1233	0.82277787
1886	3355	0.94933045
1886	2493	0.27807876
1886	1544	0.23768085
1886	2670	0.09467062
1886	3148	0.07172108
1886	3285	0.06469214
1886	2455	0.047522396
1886	940	0.041566193
1886	3301	0.02903828
1886	1196	0.025834203
1887	1270	0.9996927
1887	260	0.9992093
1887	1092	0.99904
1887	541	0.9975471
1887	380	0.9971573
1887	1206	0.9920879
1887	32	0.98784995
1887	1727	0.98763144
1887	2762	0.98748034
1887	1625	0.9867047
1888	1376	0.99984574
1888	1196	0.99219567
1888	2628	0.9901999
1888	260	0.882685
1888	329	0.88076925
1888	2641	0.8695624
1888	1270	0.85338235
1888	1461	0.7204152
1888	3028	0.61591697
1888	1985	0.44466034
1889	3253	0.9968748
1889	3087	0.9874338
1889	3418	0.98465824
1889	342	0.9615883
1889	2395	0.9551262
1889	1962	0.95104814
1889	2671	0.94475204
1889	1573	0.9106419
1889	25	0.9100697
1889	1965	0.90655893
1890	2028	0.99955183
1890	1073	0.99882275
1890	1029	0.9976216
1890	2096	0.95998955
1890	1721	0.9549467
1890	2947	0.9147248
1890	1951	0.9051813
1890	364	0.8801129
1890	1473	0.87809634
1890	529	0.87292856
1891	2806	0.99985975
1891	316	0.98320687
1891	1199	0.95488214
1891	2828	0.946237
1891	2881	0.9323151
1891	2528	0.91099066
1891	2672	0.903803
1891	1079	0.8838913
1891	2336	0.88172126
1891	589	0.87551105
1892	1206	0.80224
1892	1294	0.5555035
1892	1247	0.4284795
1892	3363	0.17041361
1892	919	0.11842659
1892	920	0.017317683
1892	1193	0.016740799
1892	2858	0.0148380995
1892	1267	0.013497204
1892	3015	0.013474792
1893	412	0.9909456
1893	2611	0.973557
1893	296	0.72810644
1893	1466	0.47433132
1893	2432	0.3256564
1893	4	0.25196686
1893	922	0.14971742
1893	270	0.08862832
1893	1726	0.056221783
1893	1083	0.049619645
1894	608	0.99995893
1894	1280	0.9985198
1894	1673	0.99648035
1894	1411	0.9911331
1894	296	0.98764527
1894	912	0.9778476
1894	2020	0.9765568
1894	1213	0.9752917
1894	45	0.92641604
1894	2501	0.9044758
1895	1259	0.9999877
1895	3104	0.9999278
1895	1197	0.99658674
1895	2804	0.9900864
1895	919	0.9856395
1895	1303	0.9835535
1895	941	0.98058844
1895	1304	0.94440496
1895	3362	0.9374451
1895	1207	0.93317807
1896	750	0.9993404
1896	858	0.99874604
1896	1086	0.99101573
1896	2677	0.9770824
1896	246	0.9631749
1896	3089	0.938316
1896	800	0.90572566
1896	1299	0.90539724
1896	1178	0.87962276
1896	3035	0.85059184
1897	2359	0.9987408
1897	2761	0.99469376
1897	1243	0.95739067
1897	2108	0.8749727
1897	3072	0.8298933
1897	2138	0.8280381
1897	497	0.8251129
1897	1249	0.75632983
1897	1212	0.68348634
1897	39	0.63269174
1898	2858	0.9998473
1898	50	0.99937254
1898	608	0.9992211
1898	1617	0.99878997
1898	3317	0.996609
1898	1041	0.9882574
1898	3083	0.975713
1898	1704	0.96698093
1898	745	0.96654475
1898	527	0.93989646
1899	1267	0.9874637
1899	2488	0.96796966
1899	1078	0.96074426
1899	1967	0.92640746
1899	2739	0.919253
1899	1635	0.9068997
1899	1129	0.88446313
1899	2728	0.8615707
1899	2750	0.85875773
1899	589	0.853962
1900	3408	0.9999789
1900	2712	0.9997818
1900	2882	0.9995614
1900	2770	0.99920607
1900	3005	0.99424803
1900	3285	0.9763279
1900	3176	0.9714308
1900	2842	0.8810932
1900	2881	0.8748919
1900	2858	0.78397214
1901	2081	0.9998691
1901	165	0.99982446
1901	517	0.99855554
1901	1380	0.98623955
1901	711	0.9810085
1901	2012	0.9700786
1901	457	0.9641054
1901	2617	0.9634129
1901	2761	0.96093005
1901	1921	0.95512056
1902	861	0.97718495
1902	349	0.9531896
1902	2997	0.93632376
1902	1627	0.9196322
1902	671	0.90763426
1902	1752	0.8653177
1902	1431	0.8209537
1902	692	0.7705425
1902	2700	0.72285324
1902	2278	0.7041348
1903	1234	0.998253
1903	1188	0.9967241
1903	1254	0.9260237
1903	3198	0.8908545
1903	1954	0.88803315
1903	551	0.8820602
1903	2686	0.8063562
1903	480	0.7623641
1903	1193	0.76051307
1903	595	0.7258308
1904	1544	0.9995814
1904	2018	0.9994722
1904	2054	0.9971131
1904	1967	0.9946956
1904	2096	0.99139327
1904	2735	0.98567224
1904	2423	0.9820765
1904	1022	0.97636735
1904	2657	0.9746984
1904	1376	0.968514
1905	745	0.999946
1905	926	0.99961007
1905	750	0.9995682
1905	1252	0.99927956
1905	969	0.9991746
1905	2010	0.99327236
1905	1186	0.99317414
1905	2732	0.9907945
1905	3307	0.9827814
1905	1260	0.98276967
1906	568	0.9975511
1906	2455	0.99179536
1906	908	0.99121517
1906	1259	0.9852437
1906	502	0.8909917
1906	2102	0.880604
1906	2624	0.8375402
1906	454	0.8267518
1906	906	0.81418276
1906	480	0.7788771
1907	1193	0.9784715
1907	344	0.89418757
1907	1230	0.87506664
1907	750	0.85136485
1907	1203	0.79440296
1907	34	0.74525017
1907	1247	0.5880276
1907	2720	0.57606304
1907	2498	0.56995416
1907	2384	0.5149683
1908	457	0.99468225
1908	1894	0.9927127
1908	2762	0.99119616
1908	1358	0.99113107
1908	3186	0.99027383
1908	3079	0.9885204
1908	2353	0.9804561
1908	673	0.9738823
1908	1393	0.9650434
1908	2617	0.96355075
1909	63	0.9996847
1909	2028	0.99868476
1909	1704	0.99837863
1909	1005	0.9968127
1909	296	0.99655145
1909	2359	0.9883249
1909	1	0.94662046
1909	1580	0.9068046
1909	1148	0.7820508
1909	1784	0.7435032
1910	2109	0.9986927
1910	2023	0.9970107
1910	356	0.978315
1910	858	0.9642406
1910	2716	0.90078545
1910	2796	0.8799548
1910	1617	0.85251886
1910	785	0.805827
1910	2770	0.8015108
1910	2617	0.50676346
1911	1104	0.9999409
1911	923	0.9945344
1911	296	0.9920081
1911	1252	0.99191713
1911	3260	0.9910288
1911	1041	0.9378855
1911	750	0.92749035
1911	608	0.82109773
1911	1617	0.7904517
1911	778	0.73896956
1912	1283	0.9976952
1912	589	0.9700093
1912	3255	0.9170925
1912	902	0.8965521
1912	1653	0.8809774
1912	2174	0.8789023
1912	1307	0.8650203
1912	150	0.84583235
1912	1248	0.84231365
1912	1393	0.84198487
1913	1223	0.9982886
1913	260	0.24120617
1913	457	0.13866863
1913	1032	0.072064966
1913	2010	0.04946515
1913	1584	0.049007326
1913	1127	0.039844453
1913	593	0.029643118
1913	595	0.022073537
1913	32	0.021715224
1914	3114	0.9984668
1914	1265	0.9858575
1914	1097	0.73874515
1914	291	0.43482026
1914	2513	0.22126281
1914	1196	0.12373626
1914	110	0.09072125
1914	527	0.08044964
1914	1197	0.07171646
1914	2355	0.053844243
1915	110	0.7863343
1915	2160	0.7490939
1915	2455	0.35156828
1915	908	0.337488
1915	1171	0.3096509
1915	1269	0.17521662
1915	1673	0.10014832
1915	1277	0.06306085
1915	951	0.037032336
1915	17	0.027736753
1916	2010	0.98147726
1916	608	0.97789574
1916	1293	0.97703624
1916	1041	0.9757441
1916	940	0.96295667
1916	1249	0.9561099
1916	3007	0.9513875
1916	2186	0.91270214
1916	1233	0.90889716
1916	1172	0.8970331
1917	1272	0.99860626
1917	1527	0.98113436
1917	2322	0.9746345
1917	1097	0.9550593
1917	2916	0.8809563
1917	405	0.8512904
1917	3408	0.8325427
1917	164	0.8284801
1917	377	0.81548315
1917	527	0.8080366
1918	2858	0.992893
1918	2321	0.9705354
1918	356	0.6390959
1918	150	0.6121191
1918	1537	0.4237219
1918	2997	0.27398327
1918	1680	0.2415112
1918	2959	0.23019624
1918	3176	0.18683687
1918	345	0.17440116
1919	2120	0.999941
1919	2328	0.99033064
1919	2338	0.9860076
1919	2428	0.9818546
1919	273	0.97675896
1919	2560	0.9752468
1919	332	0.9397268
1919	2107	0.8882291
1919	1992	0.8860115
1919	735	0.7433442
1920	2096	0.9966527
1920	2915	0.9917159
1920	1566	0.9876587
1920	2094	0.96766746
1920	2378	0.9359501
1920	1387	0.8756218
1920	586	0.81854415
1920	288	0.81589735
1920	610	0.7938924
1920	2469	0.79050976
1921	1291	0.99964017
1921	2640	0.99725735
1921	1275	0.992533
1921	1931	0.99156624
1921	2161	0.97737193
1921	10	0.9643121
1921	3287	0.95626235
1921	2236	0.9521438
1921	1027	0.94617033
1921	1552	0.93155503
1922	1584	0.9999062
1922	1213	0.99366075
1922	11	0.9819739
1922	780	0.9791889
1922	2642	0.9744612
1922	2355	0.97082007
1922	151	0.9695521
1922	2324	0.96555233
1922	2140	0.9566745
1922	2100	0.9483532
1923	1973	0.99794495
1923	1259	0.8656079
1923	2288	0.7627673
1923	1995	0.70019245
1923	893	0.6952082
1923	2858	0.673455
1923	2948	0.66565454
1923	1035	0.5180228
1923	1240	0.33379185
1923	2791	0.3202698
1924	2436	0.9999871
1924	2671	0.99994314
1924	1682	0.9988259
1924	3255	0.9982654
1924	3108	0.9851663
1924	2324	0.9727959
1924	497	0.96531254
1924	2321	0.95776963
1924	605	0.95224273
1924	3408	0.91434157
1925	599	0.99989724
1925	589	0.99898875
1925	1358	0.97430825
1925	2287	0.94671804
1925	3104	0.9384102
1925	3176	0.91845953
1925	2561	0.9145669
1925	1215	0.91398454
1925	2580	0.9002112
1925	1649	0.89792573
1926	1077	0.9800256
1926	3060	0.9774316
1926	1094	0.9687289
1926	317	0.9233378
1926	1080	0.91886616
1926	3033	0.91443866
1926	110	0.8937092
1926	2087	0.8925196
1926	1374	0.8645538
1926	2160	0.837191
1927	2384	0.99428475
1927	3072	0.9718609
1927	551	0.86744606
1927	1965	0.85647726
1927	1270	0.681692
1927	2858	0.63841313
1927	1747	0.44727674
1927	480	0.38292384
1927	2804	0.23209688
1927	1079	0.20818752
1928	800	0.9999069
1928	36	0.9997335
1928	1584	0.99758494
1928	2012	0.99011
1928	2770	0.99010813
1928	110	0.9897212
1928	300	0.9875965
1928	356	0.978858
1928	1396	0.9689373
1928	2908	0.9593451
1929	3325	0.9969007
1929	2995	0.9563002
1929	1093	0.8854435
1929	480	0.8588093
1929	2990	0.72767365
1929	2710	0.67475104
1929	2694	0.66716325
1929	2770	0.6273941
1929	3396	0.516402
1929	1353	0.43593863
1930	2406	0.99847317
1930	1923	0.99684346
1930	1250	0.991778
1930	466	0.99100775
1930	2078	0.9842856
1930	1282	0.98162
1930	3087	0.9749913
1930	231	0.97223103
1930	2161	0.9709723
1930	1909	0.9675517
1931	1130	0.99985015
1931	1982	0.9997411
1931	2513	0.99960005
1931	1974	0.9963175
1931	1128	0.9863348
1931	2782	0.95178473
1931	3265	0.94997907
1931	188	0.94268507
1931	2560	0.9307262
1931	1342	0.85076
1932	555	0.9999141
1932	589	0.9975729
1932	1089	0.9970917
1932	2700	0.9929174
1932	296	0.9708688
1932	162	0.9468931
1932	2028	0.9432936
1932	3006	0.8904489
1932	866	0.7876441
1932	246	0.65595835
1933	1580	0.9445013
1933	1673	0.40126553
1933	1544	0.31345153
1933	1794	0.19044253
1933	2324	0.122273505
1933	307	0.09541407
1933	551	0.0855141
1933	2791	0.050625324
1933	648	0.03845051
1933	344	0.03284353
1934	2707	0.99961966
1934	2686	0.9941872
1934	2699	0.96335924
1934	3285	0.888855
1934	1804	0.83224356
1934	920	0.80070496
1934	2987	0.79659504
1934	2333	0.7727226
1934	408	0.74035585
1934	2908	0.35783577
1935	2654	0.9989184
1935	2633	0.920687
1935	908	0.7664407
1935	1997	0.56420434
1935	1961	0.13444531
1935	1682	0.10996565
1935	212	0.10182935
1935	2096	0.09393659
1935	62	0.07082307
1935	2646	0.053394645
1936	1971	0.8577218
1936	480	0.7971226
1936	2064	0.74182993
1936	1277	0.5136324
1936	2291	0.4263578
1936	2948	0.36253983
1936	529	0.3600526
1936	1544	0.120761395
1936	2997	0.10087612
1936	2501	0.09122425
1937	1953	0.99999964
1937	1244	0.999939
1937	2081	0.9929853
1937	2918	0.9880185
1937	2369	0.9864062
1937	2289	0.9811974
1937	1381	0.9788251
1937	1378	0.9753977
1937	41	0.97314656
1937	908	0.9443986
1938	2085	0.99999964
1938	2687	0.9998594
1938	356	0.9975011
1938	1220	0.9843347
1938	2092	0.9249567
1938	631	0.8639457
1938	246	0.8409336
1938	2096	0.8304601
1938	2123	0.821679
1938	1197	0.7993929
1939	1204	0.9991009
1939	1259	0.99607205
1939	1172	0.9911083
1939	968	0.9884013
1939	952	0.98833615
1939	1393	0.9849403
1939	293	0.98493147
1939	936	0.97375107
1939	50	0.9642665
1939	1669	0.96382487
1940	1136	0.9994285
1940	1197	0.95155305
1940	356	0.94294727
1940	1222	0.9344438
1940	1294	0.9241676
1940	3396	0.9041245
1940	1277	0.8590888
1940	1387	0.84593177
1940	1214	0.69137466
1940	1089	0.68112206
1941	1136	0.9902133
1941	2804	0.9752478
1941	2496	0.9544913
1941	2706	0.92156494
1941	2333	0.83753395
1941	1222	0.80604756
1941	1225	0.79458284
1941	208	0.78493357
1941	441	0.7741507
1941	2463	0.7678075
1942	551	0.9997469
1942	2455	0.9991835
1942	951	0.9971942
1942	1976	0.99184155
1942	2657	0.9913824
1942	804	0.9881058
1942	110	0.9858017
1942	2948	0.98429775
1942	2427	0.98163605
1942	2943	0.97388655
1943	45	0.99936324
1943	1968	0.99892807
1943	2788	0.9897233
1943	2997	0.98226273
1943	3273	0.9601449
1943	592	0.95752263
1943	2599	0.9570291
1943	1954	0.95240164
1943	1760	0.9424144
1943	110	0.9408095
1944	2712	0.9999687
1944	2093	0.99707764
1944	2433	0.9965949
1944	1210	0.9863286
1944	2038	0.9746331
1944	2041	0.96045065
1944	2188	0.8380185
1944	218	0.80539864
1944	1271	0.6124094
1944	1270	0.46112177
1945	1264	0.9999013
1945	1214	0.999579
1945	1198	0.99824053
1945	2732	0.9979634
1945	2210	0.99313396
1945	954	0.98793817
1945	913	0.9700146
1945	2159	0.9632628
1945	2010	0.94900906
1945	3201	0.92550766
1946	2329	0.9998496
1946	290	0.999756
1946	2908	0.9996383
1946	111	0.9994703
1946	2114	0.99910116
1946	3102	0.99721146
1946	3203	0.996276
1946	1916	0.98414516
1946	2702	0.9805917
1946	527	0.94977105
1947	1228	0.998143
1947	3418	0.9939539
1947	1217	0.99218345
1947	1222	0.9802439
1947	3424	0.9683578
1947	1208	0.95496523
1947	1277	0.94809926
1947	1036	0.9307511
1947	908	0.9260373
1947	2929	0.9060551
1948	2194	0.99424696
1948	1259	0.98616457
1948	1376	0.9671215
1948	1129	0.95009476
1948	2722	0.93936586
1948	110	0.929147
1948	2617	0.9042675
1948	3256	0.86521494
1948	2763	0.8237116
1948	2529	0.7988915
1949	1584	0.9997905
1949	2918	0.9990567
1949	16	0.9923943
1949	1079	0.9901479
1949	1307	0.9870802
1949	1288	0.9646895
1949	1240	0.94304836
1949	2166	0.9120239
1949	589	0.8947499
1949	1219	0.8635384
1950	1676	0.9999123
1950	1301	0.9977927
1950	160	0.99692434
1950	2393	0.9954362
1950	1690	0.9692793
1950	3175	0.9181069
1950	519	0.9116248
1950	1909	0.8167571
1950	2664	0.79758525
1950	940	0.7519967
1951	2080	1.0
1951	1059	0.9995295
1951	594	0.99936795
1951	3176	0.9957991
1951	1895	0.9929695
1951	543	0.983021
1951	1580	0.97207475
1951	920	0.9706012
1951	588	0.96662295
1951	2297	0.95423186
1952	1230	0.9999949
1952	348	0.9999477
1952	2396	0.99963117
1952	247	0.9901202
1952	2144	0.9735254
1952	2762	0.93964386
1952	3362	0.9289355
1952	3044	0.92852515
1952	1500	0.9194837
1952	608	0.9053608
1953	1291	0.99502146
1953	1171	0.51402384
1953	597	0.3660463
1953	266	0.33129728
1953	1784	0.19562095
1953	1198	0.19155467
1953	1721	0.17377391
1953	1973	0.14147744
1953	524	0.13101363
1953	1270	0.11820018
1954	162	0.9993673
1954	589	0.9974802
1954	1358	0.98870426
1954	1653	0.98710084
1954	3255	0.97807527
1954	1399	0.9772626
1954	372	0.96788865
1954	778	0.9657137
1954	858	0.96179867
1954	527	0.92673635
1955	2722	0.99357736
1955	72	0.8440585
1955	2336	0.8208554
1955	2605	0.7503009
1955	2712	0.6943998
1955	2485	0.5867686
1955	2699	0.5323411
1955	2772	0.52614856
1955	2694	0.5118317
1955	2716	0.34004214
1956	2089	0.99924463
1956	2083	0.9932308
1956	2394	0.989157
1956	1920	0.98231244
1956	673	0.9131316
1956	260	0.88160086
1956	986	0.5942775
1956	2090	0.4411221
1956	48	0.3511914
1956	2161	0.28245923
1957	1394	0.94836545
1957	1228	0.82398224
1957	3095	0.7260355
1957	1219	0.7119482
1957	2692	0.7070813
1957	1169	0.4853544
1957	3051	0.4443204
1957	1084	0.43685886
1957	1204	0.35877866
1957	1304	0.23248243
1958	11	0.99985313
1958	1909	0.99887675
1958	589	0.9650483
1958	1381	0.92970264
1958	161	0.89907146
1958	1544	0.89706886
1958	3418	0.88469696
1958	3263	0.86657566
1958	832	0.8644136
1958	2006	0.8630537
1959	608	0.99701965
1959	2028	0.81255466
1959	1949	0.67618805
1959	3160	0.5159503
1959	2791	0.5118658
1959	1293	0.39826125
1959	1090	0.31826904
1959	661	0.3164308
1959	2662	0.29677665
1959	1250	0.28972173
1960	2791	0.9999442
1960	1136	0.9995911
1960	1250	0.9970174
1960	1238	0.99643874
1960	17	0.9899167
1960	2529	0.98573864
1960	994	0.9850078
1960	1500	0.975137
1960	1953	0.9375243
1960	3097	0.9374516
1961	1610	0.9999994
1961	2289	0.9999227
1961	1201	0.9999005
1961	110	0.99986315
1961	3418	0.99972826
1961	2000	0.9996297
1961	25	0.9972974
1961	1594	0.87815183
1961	590	0.8719301
1961	3104	0.8410771
1962	480	0.99718857
1962	2841	0.9941528
1962	3081	0.9938022
1962	2770	0.9417107
1962	2792	0.9266372
1962	1249	0.89914906
1962	2490	0.87156475
1962	3005	0.86674625
1962	2774	0.8585671
1962	1271	0.84374034
1963	2908	0.9996529
1963	1678	0.9989846
1963	529	0.9987464
1963	272	0.9929967
1963	1357	0.98256266
1963	36	0.96828437
1963	34	0.96583664
1963	3100	0.96137
1963	509	0.8777636
1963	3105	0.8674164
1964	260	0.9985813
1964	2100	0.99834543
1964	316	0.98422015
1964	1097	0.958257
1964	3398	0.95596015
1964	1721	0.8205331
1964	1215	0.68210936
1964	1617	0.6625378
1964	678	0.4558238
1964	1197	0.38445255
1965	2683	0.99996275
1965	3408	0.9999473
1965	2369	0.9995877
1965	2770	0.99830186
1965	1513	0.98903906
1965	2395	0.9647875
1965	2995	0.9339829
1965	2724	0.92694706
1965	2023	0.91994524
1965	348	0.859683
1966	2947	0.99998206
1966	909	0.99988353
1966	1252	0.9995189
1966	293	0.9994881
1966	3181	0.99880433
1966	1466	0.9986819
1966	2391	0.9926318
1966	1089	0.9907664
1966	2804	0.9831135
1966	3160	0.98216105
1967	1759	0.6635057
1967	3341	0.48438373
1967	2842	0.4426122
1967	2324	0.3926425
1967	685	0.30090362
1967	3010	0.19679624
1967	3160	0.118336946
1967	2022	0.07613674
1967	1935	0.0605852
1967	2357	0.043618828
1968	2000	0.99744546
1968	2918	0.99222225
1968	2640	0.9864552
1968	2291	0.96518195
1968	36	0.95925385
1968	1297	0.9508245
1968	2948	0.946953
1968	1573	0.9300262
1968	1465	0.9000679
1968	111	0.89904773
1969	1079	0.99596465
1969	441	0.99318266
1969	590	0.98964596
1969	2324	0.98689854
1969	924	0.97244835
1969	2580	0.9563011
1969	110	0.94206107
1969	1587	0.90611905
1969	1884	0.8892456
1969	480	0.87776136
1970	2533	0.9961338
1970	1193	0.98243916
1970	3129	0.97907245
1970	1277	0.9779688
1970	3362	0.97770417
1970	3328	0.8197074
1970	1858	0.8060572
1970	2347	0.72482353
1970	2622	0.42910263
1970	2826	0.35701716
1971	2858	0.99975914
1971	3324	0.9996395
1971	266	0.99890995
1971	161	0.9956254
1971	2443	0.9943919
1971	1605	0.99334764
1971	593	0.99118936
1971	1097	0.9861794
1971	3155	0.98602164
1971	356	0.98262554
1972	1250	0.99999917
1972	750	0.999919
1972	1284	0.9993932
1972	1247	0.9964576
1972	3421	0.9960164
1972	50	0.9922795
1972	3363	0.9892607
1972	1270	0.9738264
1972	913	0.9662057
1972	2571	0.9605081
1973	2791	0.8986441
1973	1673	0.89797354
1973	2289	0.8436264
1973	538	0.7046011
1973	3160	0.6218393
1973	2948	0.53053904
1973	2792	0.5122998
1973	608	0.5043585
1973	300	0.47980818
1973	1580	0.3786344
1974	223	0.999744
1974	1610	0.99826896
1974	1259	0.99486554
1974	1250	0.9870591
1974	750	0.97213614
1974	588	0.9720582
1974	2087	0.9478091
1974	1875	0.9379475
1974	1997	0.9196271
1974	1213	0.91023064
1975	1148	0.9994513
1975	2482	0.999219
1975	1641	0.9948404
1975	745	0.9924545
1975	2282	0.95987356
1975	2772	0.90199864
1975	476	0.7462606
1975	3408	0.6654072
1975	2711	0.6163833
1975	766	0.6082049
1976	150	0.9999891
1976	367	0.999442
1976	3354	0.9990612
1976	1363	0.99825394
1976	36	0.9976244
1976	2391	0.9941475
1976	1485	0.9873277
1976	2891	0.98262775
1976	1784	0.9764961
1976	3301	0.96103835
1977	2137	0.99998033
1977	596	0.98765826
1977	1032	0.9767915
1977	3287	0.9693129
1977	2090	0.96869344
1977	2139	0.9603985
1977	1260	0.9507302
1977	3034	0.92240524
1977	1033	0.9139413
1977	2033	0.58572125
1978	2987	0.99995625
1978	2762	0.99922144
1978	480	0.9986513
1978	1250	0.9982604
1978	558	0.9857811
1978	2709	0.97918105
1978	500	0.9729571
1978	2470	0.9552728
1978	592	0.9149592
1978	1513	0.9054201
1979	2432	0.994014
1979	3317	0.9923056
1979	2613	0.84876096
1979	678	0.6420885
1979	2401	0.49567157
1979	2041	0.44934526
1979	662	0.4320644
1979	3101	0.3538143
1979	2629	0.2516071
1979	3072	0.19802165
1980	3363	0.99930537
1980	2028	0.99923253
1980	1923	0.93611294
1980	592	0.90939796
1980	164	0.8406824
1980	2167	0.8308922
1980	3082	0.8175884
1980	2291	0.81444657
1980	2	0.7944007
1980	2947	0.79309916
1981	1215	0.7868017
1981	70	0.748421
1981	3	0.61256593
1981	368	0.51209897
1981	608	0.28971958
1981	266	0.21294278
1981	1171	0.18414733
1981	318	0.14351344
1981	648	0.11785385
1981	804	0.1159454
1982	2976	0.9972718
1982	1617	0.9946308
1982	223	0.97876716
1982	1527	0.91769296
1982	2161	0.89882153
1982	2392	0.862265
1982	2336	0.85362303
1982	593	0.77744925
1982	1097	0.73030245
1982	741	0.7133786
1983	2815	0.9928175
1983	648	0.9917097
1983	3174	0.985699
1983	3334	0.98506665
1983	1334	0.9636213
1983	2900	0.93558186
1983	2808	0.8959552
1983	2186	0.8500782
1983	2657	0.84280705
1983	1263	0.81053627
1984	1283	0.9969132
1984	2396	0.99657035
1984	2966	0.99431926
1984	1277	0.99419194
1984	778	0.9875499
1984	1247	0.9834009
1984	1954	0.98204356
1984	1206	0.9752537
1984	1721	0.95976186
1984	1272	0.9544443
1985	1372	0.998811
1985	1376	0.99862623
1985	2105	0.9973813
1985	3354	0.9950011
1985	2985	0.988935
1985	1653	0.9878702
1985	2322	0.97067773
1985	2527	0.9521476
1985	2951	0.86902124
1985	2363	0.8252213
1986	942	0.99999213
1986	2203	0.9997501
1986	2206	0.9993903
1986	1284	0.99887013
1986	913	0.9967003
1986	1152	0.97509706
1986	1260	0.9550834
1986	2287	0.9460268
1986	419	0.8007829
1986	3334	0.78131175
1987	1270	0.99978524
1987	2194	0.99751955
1987	1968	0.99701405
1987	589	0.98597634
1987	805	0.985371
1987	47	0.9799269
1987	457	0.9790187
1987	208	0.97697943
1987	2028	0.9704902
1987	3255	0.94216275
1988	2081	0.9999559
1988	534	0.9970373
1988	1821	0.9856552
1988	1784	0.9690299
1988	3246	0.95730126
1988	1794	0.9511269
1988	942	0.9439619
1988	1210	0.9247012
1988	2114	0.9164194
1988	2940	0.9060693
1989	110	0.9683021
1989	2791	0.9424087
1989	589	0.88647985
1989	1967	0.8854079
1989	2762	0.785766
1989	1269	0.6850965
1989	3101	0.64290273
1989	1617	0.59450704
1989	919	0.5036833
1989	1127	0.4856939
1990	1193	0.9998934
1990	848	0.9950238
1990	3147	0.9861659
1990	527	0.960459
1990	2028	0.85092026
1990	1357	0.84808695
1990	1419	0.8342184
1990	3362	0.68966275
1990	608	0.604264
1990	2427	0.540846
1991	3420	0.2903077
1991	1729	0.28390417
1991	2762	0.21329856
1991	2779	0.16974714
1991	2990	0.12548608
1991	3114	0.111038774
1991	296	0.062585175
1991	34	0.055254072
1991	50	0.035359234
1991	2355	0.029332876
1992	1517	0.9998538
1992	3052	0.9998015
1992	588	0.99779356
1992	1732	0.99252087
1992	180	0.99034846
1992	1476	0.9871374
1992	1777	0.97071713
1992	471	0.9593371
1992	3114	0.9343002
1992	3175	0.9163043
1993	1278	0.98847866
1993	1080	0.9491378
1993	2393	0.9232916
1993	1294	0.78253686
1993	1375	0.7633953
1993	1372	0.6659802
1993	1079	0.641857
1993	1371	0.4533328
1993	2804	0.18859643
1993	1256	0.15493697
1994	296	0.98258495
1994	593	0.8738054
1994	318	0.8064485
1994	1617	0.7723537
1994	2028	0.490652
1994	2396	0.47298193
1994	3247	0.42674616
1994	923	0.28647417
1994	2355	0.27368414
1994	1704	0.26651978
1995	2422	0.99936944
1995	356	0.99930036
1995	1042	0.9972555
1995	1584	0.9944116
1995	1197	0.98297966
1995	2858	0.962703
1995	2355	0.94928026
1995	186	0.9467342
1995	700	0.8853998
1995	2861	0.8608156
1996	653	0.9994613
1996	2291	0.9954334
1996	2871	0.96224904
1996	2005	0.95542014
1996	2797	0.9449303
1996	380	0.93387103
1996	1920	0.93047726
1996	3255	0.92703485
1996	2367	0.91536176
1996	1387	0.89952266
1997	2997	0.9999604
1997	2858	0.9997984
1997	223	0.9986541
1997	1	0.9975327
1997	1641	0.9955921
1997	480	0.9324265
1997	1527	0.89840436
1997	648	0.87906164
1997	1573	0.8736391
1997	733	0.79363257
1998	1035	0.99958706
1998	1207	0.9983653
1998	1302	0.998161
1998	2398	0.99212116
1998	1079	0.96537614
1998	1196	0.94772196
1998	950	0.943907
1998	1287	0.9219322
1998	594	0.9027277
1998	1230	0.9001693
1999	1258	0.9994847
1999	1339	0.9984593
1999	1128	0.89346695
1999	2716	0.82005775
1999	1617	0.71641654
1999	2327	0.7149258
1999	2107	0.6967678
1999	2118	0.5905844
1999	3384	0.5248031
1999	1690	0.42853984
2000	1527	0.9985826
2000	589	0.9977859
2000	1513	0.9949451
2000	2605	0.9905613
2000	2763	0.9868418
2000	1682	0.98008776
2000	1270	0.9787655
2000	2700	0.9759735
2000	2628	0.9584193
2000	2916	0.900751
2001	2555	0.9997422
2001	1221	0.9974246
2001	3219	0.98719084
2001	111	0.9575397
2001	118	0.857733
2001	3115	0.65513265
2001	2976	0.4765709
2001	1961	0.2885744
2001	389	0.24984816
2001	3101	0.14608312
2002	1179	1.0
2002	608	0.99999416
2002	2186	0.99978983
2002	911	0.999745
2002	1783	0.9982468
2002	950	0.99617124
2002	1276	0.98735034
2002	1394	0.9860309
2002	707	0.9800098
2002	34	0.9779999
2003	2085	1.0
2003	1967	0.9999684
2003	588	0.9989363
2003	2355	0.9984635
2003	2687	0.9979451
2003	2140	0.9941695
2003	1907	0.9858648
2003	1005	0.98580635
2003	2082	0.9830923
2003	1025	0.9794494
2004	1301	0.999999
2004	780	0.9993049
2004	1372	0.99506336
2004	1371	0.99394304
2004	2105	0.9939242
2004	3070	0.98080623
2004	2455	0.9806895
2004	3033	0.9609691
2004	1356	0.95516145
2004	2901	0.93051094
2005	3285	0.99999225
2005	2700	0.999974
2005	2722	0.9998083
2005	3177	0.9997481
2005	2581	0.996382
2005	3325	0.9632698
2005	3301	0.9134109
2005	3176	0.8916458
2005	2840	0.8332354
2005	1282	0.8201051
2006	1380	0.9999949
2006	918	0.9997938
2006	912	0.998862
2006	3013	0.99757105
2006	1947	0.9951302
2006	3394	0.9927505
2006	914	0.97865653
2006	1024	0.9723527
2006	1198	0.95228785
2006	1029	0.9367472
2007	1253	0.9622135
2007	1387	0.8892189
2007	2410	0.77208966
2007	2010	0.7265164
2007	1240	0.5845493
2007	1617	0.4967202
2007	912	0.4098816
2007	1200	0.4014578
2007	1918	0.3289525
2007	2985	0.29921246
2008	3363	0.998436
2008	541	0.9969624
2008	1267	0.9954531
2008	1276	0.8990523
2008	2997	0.88736093
2008	2870	0.87332773
2008	1784	0.8698054
2008	1206	0.8446801
2008	2859	0.8342825
2008	1916	0.82803077
2009	2804	0.9997796
2009	2324	0.99819875
2009	1259	0.99317586
2009	25	0.99261504
2009	3083	0.9916843
2009	1518	0.98466814
2009	1635	0.9771867
2009	2391	0.97162735
2009	2692	0.9635267
2009	36	0.9073876
2010	2581	0.9983747
2010	2108	0.979056
2010	1476	0.96593714
2010	1371	0.9384297
2010	2407	0.8927808
2010	3269	0.89120746
2010	2641	0.80027825
2010	1387	0.7973211
2010	1566	0.7406142
2010	3258	0.7302383
2011	1220	0.99966997
2011	2881	0.998634
2011	2617	0.99800456
2011	2334	0.99061555
2011	348	0.9807831
2011	6	0.962209
2011	2567	0.9415426
2011	1597	0.9360993
2011	2802	0.9280242
2011	2690	0.9105257
2012	1967	0.9992554
2012	34	0.9503341
2012	1370	0.90565634
2012	2005	0.9012618
2012	720	0.8247303
2012	1876	0.7217262
2012	748	0.7197737
2012	2687	0.71295214
2012	48	0.7071111
2012	377	0.68888927
2013	1196	0.9998544
2013	2454	0.9995686
2013	1210	0.99876297
2013	1374	0.97058433
2013	3364	0.8666189
2013	2021	0.67412245
2013	3362	0.39043686
2013	3033	0.29210967
2013	1199	0.2545997
2013	2985	0.23654294
2014	1222	0.9993224
2014	1257	0.99859977
2014	1136	0.99788654
2014	1291	0.99741125
2014	1230	0.9973084
2014	1212	0.9970447
2014	1079	0.99054754
2014	111	0.98999107
2014	2023	0.98568076
2014	1095	0.9772471
2015	2723	0.9975094
2015	3052	0.98124826
2015	2140	0.97778684
2015	1779	0.9471208
2015	1805	0.93407583
2015	1678	0.92344254
2015	1294	0.9171339
2015	1784	0.8873184
2015	588	0.8846344
2015	1252	0.8752935
2016	2076	0.99557304
2016	1690	0.9918431
2016	784	0.93947256
2016	1210	0.901279
2016	3379	0.90022254
2016	159	0.895851
2016	2567	0.89388037
2016	2352	0.88683957
2016	1441	0.8670335
2016	850	0.86388004
2017	1690	0.9999964
2017	1544	0.9999174
2017	1608	0.99982667
2017	1385	0.99572456
2017	2	0.9933295
2017	2167	0.9918208
2017	153	0.9701024
2017	170	0.9601413
2017	2701	0.9475328
2017	1391	0.9035814
2018	913	0.94537926
2018	1948	0.94201016
2018	2863	0.9417275
2018	1649	0.9377842
2018	246	0.79450774
2018	3363	0.77354646
2018	34	0.7218556
2018	2716	0.6876401
2018	955	0.6722939
2018	2160	0.6613487
2019	2369	0.9877769
2019	2683	0.95325166
2019	223	0.88911647
2019	3203	0.8207725
2019	1093	0.69124585
2019	2000	0.67673707
2019	2908	0.49885345
2019	3219	0.4001745
2019	1291	0.3198619
2019	3384	0.18492985
2020	1208	0.999995
2020	232	0.9999312
2020	1387	0.99943805
2020	1408	0.9994351
2020	1912	0.99516314
2020	2841	0.98875225
2020	1213	0.9880625
2020	1721	0.9805771
2020	1078	0.9245809
2020	2278	0.8911756
2021	2279	1.0
2021	1387	0.9961308
2021	2327	0.97156215
2021	2995	0.9638835
2021	1992	0.84964913
2021	1336	0.83365464
2021	1261	0.7936069
2021	3418	0.70800674
2021	2719	0.6846692
2021	1210	0.6817953
2022	2115	0.9998118
2022	2997	0.99939126
2022	260	0.99820745
2022	1101	0.99097526
2022	1214	0.9867867
2022	2108	0.9813074
2022	1092	0.9692111
2022	595	0.9647385
2022	2046	0.9564626
2022	1834	0.953271
2023	1954	0.9941134
2023	441	0.9754516
2023	1042	0.9666196
2023	1080	0.96125495
2023	551	0.9282877
2023	1883	0.9251083
2023	1089	0.9223086
2023	1805	0.90987
2023	2353	0.9078303
2023	2424	0.8741467
2024	2108	0.99978775
2024	3072	0.99428976
2024	1476	0.9936832
2024	2088	0.9911845
2024	1777	0.99102205
2024	1	0.98653555
2024	2671	0.9787861
2024	3160	0.9735854
2024	3363	0.95767045
2024	2599	0.9438398
2025	10	0.999977
2025	1729	0.9906906
2025	364	0.988369
2025	2916	0.98678535
2025	1129	0.9831637
2025	1754	0.9720189
2025	16	0.9675384
2025	3256	0.94080675
2025	1221	0.9314686
2025	1645	0.9177022
2026	947	0.9999988
2026	1014	0.995903
2026	1016	0.98774385
2026	1250	0.9866705
2026	1935	0.9862738
2026	2628	0.9848758
2026	3175	0.93247145
2026	2405	0.92501277
2026	1953	0.90663654
2026	1525	0.89236236
2027	1641	0.9977817
2027	1282	0.9973988
2027	2268	0.99069697
2027	923	0.9903798
2027	2174	0.9795979
2027	2959	0.97577655
2027	1	0.97160006
2027	608	0.96452314
2027	919	0.95594907
2027	2791	0.95048875
2028	1785	0.92517424
2028	2872	0.8630228
2028	2028	0.7981739
2028	2622	0.7293453
2028	1783	0.7237972
2028	3160	0.59887683
2028	3068	0.51294696
2028	527	0.4129571
2028	593	0.37841552
2028	2312	0.33541548
2029	663	0.99288017
2029	596	0.99166965
2029	898	0.99143904
2029	2687	0.9910008
2029	1257	0.9838482
2029	1080	0.97490394
2029	2791	0.96558875
2029	1073	0.9577458
2029	2918	0.95261335
2029	2352	0.9432034
2030	1104	0.99925435
2030	260	0.9938648
2030	47	0.9801993
2030	1079	0.97750413
2030	2099	0.9358024
2030	1266	0.9333222
2030	1097	0.8442425
2030	1292	0.73340666
2030	1013	0.7142109
2030	1907	0.66616786
2031	728	0.99989617
2031	1784	0.99347407
2031	1215	0.9916681
2031	551	0.98618495
2031	1690	0.9827795
2031	968	0.9768082
2031	2455	0.97322357
2031	2940	0.96396387
2031	123	0.9601597
2031	2966	0.9422447
2032	2409	0.9999986
2032	1210	0.9995284
2032	2533	0.996618
2032	2991	0.98006153
2032	1556	0.9533739
2032	1792	0.90884835
2032	2410	0.89194053
2032	442	0.8538646
2032	2532	0.8063103
2032	319	0.75139827
2033	2188	0.9913398
2033	2355	0.9306947
2033	1210	0.89472187
2033	223	0.8335705
2033	2433	0.6028548
2033	2554	0.56398785
2033	2718	0.5367157
2033	1617	0.3137956
2033	910	0.25570384
2033	2296	0.22680524
2034	1188	0.96658957
2034	1480	0.8404584
2034	1211	0.82598674
2034	3060	0.67089033
2034	2023	0.6062861
2034	1252	0.5419409
2034	2858	0.5391989
2034	1221	0.45111397
2034	1732	0.4041229
2034	750	0.29714274
2035	2857	0.99993384
2035	1387	0.99970424
2035	2423	0.99927926
2035	1035	0.99587375
2035	2406	0.99334574
2035	3072	0.990543
2035	260	0.98997426
2035	919	0.98882115
2035	1073	0.98539263
2035	2628	0.9850155
2036	1641	0.999948
2036	2858	0.99747854
2036	232	0.9968424
2036	1961	0.9903276
2036	199	0.86094
2036	2542	0.8455989
2036	635	0.7776221
2036	3067	0.7559372
2036	1643	0.70929414
2036	475	0.68207014
2037	448	0.24618104
2037	2858	0.07283771
2037	1545	0.009148747
2037	1784	0.003929198
2037	1734	0.003902167
2037	908	0.0024282336
2037	318	0.0022858083
2037	3108	0.0009276867
2037	1968	0.0008828938
2037	608	0.0008519888
2038	1247	0.99999326
2038	1945	0.99993765
2038	1958	0.9974005
2038	1185	0.9973621
2038	838	0.9931068
2038	1276	0.98048633
2038	1103	0.97800577
2038	1136	0.96197045
2038	1674	0.9580725
2038	508	0.9216509
2039	1225	0.9999956
2039	2300	0.9999616
2039	3296	0.99983513
2039	908	0.9995714
2039	951	0.9993313
2039	1136	0.98939204
2039	1196	0.97030884
2039	1219	0.9559293
2039	1079	0.9428669
2039	3147	0.9367002
2040	2683	0.9999981
2040	2762	0.99859816
2040	2770	0.99210703
2040	2997	0.9650622
2040	1959	0.7500705
2040	2987	0.74933773
2040	2188	0.74439836
2040	2712	0.7225207
2040	3176	0.6158859
2040	593	0.615844
2041	1042	0.9990407
2041	1094	0.98319364
2041	1614	0.97948384
2041	1944	0.97412324
2041	1225	0.9607743
2041	230	0.9507804
2041	1387	0.93372095
2041	589	0.93214756
2041	1277	0.9298245
2041	1527	0.90781474
2042	2683	0.99918115
2042	3147	0.99892545
2042	2788	0.99712557
2042	1080	0.9966458
2042	2719	0.99593055
2042	2706	0.9916097
2042	21	0.9855268
2042	1689	0.94976926
2042	2657	0.943565
2042	1269	0.9433708
2043	2369	0.9987896
2043	2599	0.9899006
2043	2770	0.98752093
2043	2712	0.9450238
2043	3355	0.9362549
2043	2392	0.85918057
2043	2433	0.8528373
2043	3285	0.82210386
2043	1193	0.8075065
2043	2861	0.77673924
2044	1566	0.9987246
2044	2085	0.99457407
2044	745	0.9613867
2044	1080	0.9233495
2044	902	0.8099805
2044	355	0.58989376
2044	1230	0.57585955
2044	915	0.3990181
2044	3022	0.31652445
2044	2761	0.3055434
2045	1713	0.9977108
2045	258	0.9952305
2045	1097	0.86913115
2045	2042	0.78083503
2045	2886	0.71793604
2045	1806	0.6826122
2045	2354	0.6590062
2045	986	0.6375273
2045	1919	0.59435177
2045	2142	0.57934535
2046	1973	0.9999876
2046	514	0.9991336
2046	2716	0.99661344
2046	1077	0.99472535
2046	1721	0.9942765
2046	2248	0.9891733
2046	1970	0.9755335
2046	1238	0.9694824
2046	898	0.9350812
2046	551	0.87672377
2047	3264	0.9999299
2047	2858	0.9998477
2047	595	0.9968441
2047	364	0.9924815
2047	153	0.9909951
2047	150	0.976705
2047	2268	0.97011405
2047	333	0.96684086
2047	586	0.9575814
2047	1225	0.941712
2048	3354	0.984522
2048	1673	0.97844124
2048	2791	0.97334254
2048	2160	0.9506477
2048	1277	0.892637
2048	615	0.8833993
2048	1961	0.7927207
2048	480	0.66004974
2048	2657	0.5096157
2048	1097	0.40105867
2049	2303	0.99356556
2049	2351	0.94204843
2049	1104	0.91774064
2049	678	0.8528198
2049	162	0.75385785
2049	926	0.7344145
2049	1267	0.58714926
2049	3030	0.46227735
2049	2348	0.32952094
2049	1077	0.2490119
2050	2959	0.9999795
2050	2702	0.9999421
2050	3408	0.9965632
2050	1302	0.98705983
2050	2686	0.9860053
2050	903	0.94804746
2050	2721	0.9353541
2050	2676	0.9267164
2050	2093	0.9195603
2050	1093	0.8944969
2051	112	1.0
2051	1616	0.99967647
2051	1573	0.996765
2051	3301	0.9930246
2051	593	0.99080265
2051	70	0.90970075
2051	306	0.8976655
2051	2023	0.8680301
2051	1243	0.8625742
2051	532	0.8603865
2052	2770	0.9475604
2052	2392	0.9364158
2052	1917	0.8973968
2052	2355	0.89631975
2052	2722	0.78575504
2052	3177	0.5660446
2052	2694	0.552973
2052	2842	0.4824413
2052	415	0.4779466
2052	3300	0.3139434
2053	2686	0.9038842
2053	920	0.8102167
2053	110	0.7814398
2053	265	0.5626414
2053	529	0.5602635
2053	3035	0.32515097
2053	232	0.2595181
2053	34	0.25244713
2053	454	0.14190915
2053	1625	0.124976724
2054	780	0.97139204
2054	1748	0.9636297
2054	2687	0.9621627
2054	16	0.95921886
2054	2716	0.95210594
2054	2081	0.91251206
2054	2701	0.9125059
2054	3104	0.88177955
2054	3072	0.8724162
2054	1391	0.81084216
2055	1094	0.9995724
2055	2947	0.99671507
2055	3035	0.9966625
2055	750	0.9931127
2055	858	0.9923508
2055	1247	0.99016476
2055	1204	0.9891343
2055	111	0.9845856
2055	429	0.98405826
2055	2858	0.9439086
2056	2428	0.9891392
2056	2985	0.94304514
2056	1584	0.9206177
2056	3264	0.9036463
2056	3013	0.9033623
2056	3267	0.88998765
2056	1544	0.8837853
2056	2710	0.8465347
2056	608	0.79827094
2056	2003	0.6801353
2057	150	0.9999958
2057	1608	0.999976
2057	1092	0.99927104
2057	2539	0.99083996
2057	2706	0.9832156
2057	1266	0.8957952
2057	352	0.8363481
2057	2804	0.8183338
2057	524	0.61080724
2057	3005	0.5748624
2058	2676	0.9998295
2058	2842	0.99799037
2058	2762	0.99685633
2058	2686	0.99343634
2058	2683	0.9928106
2058	2706	0.9758544
2058	2395	0.97183967
2058	2598	0.9545926
2058	223	0.9275992
2058	2712	0.4496241
2059	2791	0.9999284
2059	1214	0.9995289
2059	1252	0.9990428
2059	1200	0.9989071
2059	2918	0.9984221
2059	1293	0.9967072
2059	2145	0.99071145
2059	2003	0.9738341
2059	1667	0.9679276
2059	2513	0.96698976
2060	1923	0.9998978
2060	2959	0.9974618
2060	2890	0.9952843
2060	2797	0.9807413
2060	367	0.9773389
2060	2858	0.9696254
2060	50	0.96301675
2060	1917	0.9350649
2060	588	0.90936154
2060	235	0.9053653
2061	3317	0.98040575
2061	2997	0.7188176
2061	1189	0.6937713
2061	162	0.56910324
2061	246	0.5576389
2061	2942	0.4698612
2061	1246	0.41502163
2061	1302	0.40782487
2061	1185	0.38372728
2061	2474	0.2618637
2062	1222	0.9997934
2062	1729	0.9992565
2062	1245	0.99690557
2062	1178	0.99646026
2062	1078	0.99271286
2062	1126	0.96613735
2062	377	0.96425396
2062	3066	0.95892066
2062	527	0.93759805
2062	2571	0.932279
2063	2320	0.9534457
2063	141	0.92500365
2063	1393	0.90799177
2063	2424	0.83421016
2063	2906	0.81171554
2063	924	0.78468025
2063	912	0.67598796
2063	337	0.65869105
2063	2987	0.58765054
2063	1357	0.51432765
2064	2070	0.99738824
2064	1262	0.99551755
2064	1077	0.99363554
2064	3379	0.99064696
2064	3066	0.9901929
2064	930	0.9373836
2064	898	0.85943526
2064	2890	0.74079514
2064	1254	0.72625256
2064	541	0.6291931
2065	1748	0.918919
2065	32	0.9063851
2065	527	0.80448216
2065	300	0.7292322
2065	480	0.70698035
2065	457	0.6681472
2065	50	0.4284553
2065	364	0.42235404
2065	1210	0.39963347
2065	2686	0.39501822
2066	3189	0.99850976
2066	2059	0.9899851
2066	1580	0.97143614
2066	527	0.96594405
2066	2858	0.9503575
2066	586	0.93140984
2066	3185	0.92808414
2066	2500	0.8712654
2066	1721	0.6305064
2066	1584	0.5634211
2067	3095	0.99998
2067	1204	0.9722084
2067	1299	0.951093
2067	1228	0.9245392
2067	1197	0.8885145
2067	2287	0.8825294
2067	2920	0.8612069
2067	3144	0.6998566
2067	1284	0.61478484
2067	2208	0.6076856
2068	2125	0.9998119
2068	2087	0.9996911
2068	1393	0.9972489
2068	110	0.9933039
2068	2394	0.98754066
2068	2687	0.96358454
2068	2822	0.89117515
2068	1240	0.87103677
2068	3257	0.87088513
2068	1197	0.81390613
2069	1248	0.99837565
2069	1223	0.9982722
2069	164	0.9969306
2069	368	0.9285549
2069	893	0.86987054
2069	678	0.8489736
2069	432	0.82092226
2069	922	0.7126715
2069	901	0.6506636
2069	1249	0.5979848
2070	2253	0.99947536
2070	553	0.99901795
2070	2571	0.99863636
2070	448	0.9984286
2070	707	0.9976643
2070	2686	0.9965972
2070	21	0.9961635
2070	2396	0.99559516
2070	2762	0.99464
2070	3006	0.9934803
2071	2115	0.99999845
2071	1022	0.9991394
2071	1196	0.99847186
2071	551	0.9954525
2071	3104	0.99543595
2071	1197	0.9947094
2071	2763	0.9857681
2071	1952	0.980886
2071	608	0.9774878
2071	661	0.9754627
2072	1721	0.99919534
2072	2160	0.99720967
2072	951	0.9869602
2072	2392	0.9815379
2072	1269	0.98080325
2072	377	0.97188526
2072	1950	0.96330905
2072	3203	0.9572361
2072	943	0.9313172
2072	3251	0.92958486
2073	969	0.99879473
2073	2701	0.9955425
2073	318	0.99162245
2073	1784	0.9817004
2073	514	0.9789718
2073	3421	0.9628645
2073	2059	0.9570665
2073	1127	0.9318994
2073	2346	0.8900119
2073	1265	0.88684344
2074	3386	0.9988418
2074	457	0.9987595
2074	2279	0.9985321
2074	2028	0.9959322
2074	2107	0.9941784
2074	2713	0.98563296
2074	3081	0.97810495
2074	3114	0.95777607
2074	1240	0.952932
2074	1385	0.94582367
2075	2580	0.9839009
2075	3005	0.9766818
2075	2702	0.973371
2075	2716	0.87761116
2075	2973	0.8267729
2075	2300	0.6441684
2075	2706	0.6412322
2075	2953	0.5700376
2075	1270	0.3278057
2075	233	0.17944744
2076	3298	0.9999503
2076	2959	0.99951607
2076	223	0.95313835
2076	2694	0.9480903
2076	2770	0.93016577
2076	1057	0.83224297
2076	1923	0.69212425
2076	2747	0.56182677
2076	2793	0.39927644
2076	1721	0.35836452
2077	2952	0.99990463
2077	2997	0.9939196
2077	36	0.9874913
2077	144	0.953747
2077	1374	0.9496299
2077	3273	0.9430942
2077	364	0.93785644
2077	1552	0.93377626
2077	2146	0.9297842
2077	3253	0.8993504
2078	2918	0.99999917
2078	1097	0.9974152
2078	2248	0.993173
2078	2302	0.97884506
2078	1196	0.9481901
2078	3361	0.92856956
2078	3421	0.88623
2078	339	0.87047935
2078	1840	0.84202826
2078	2289	0.7937994
2079	1620	0.9985987
2079	2989	0.998203
2079	50	0.99710274
2079	2642	0.9920726
2079	1645	0.9755956
2079	2408	0.95685875
2079	2000	0.9505557
2079	2643	0.9071565
2079	1370	0.8714136
2079	2617	0.8425089
2080	593	0.99895036
2080	527	0.99843574
2080	1617	0.9861963
2080	1104	0.7122434
2080	2712	0.48891398
2080	296	0.45102844
2080	1193	0.36071348
2080	1953	0.2897341
2080	750	0.2267102
2080	1240	0.18398732
2081	3354	0.9792798
2081	3286	0.96756697
2081	3285	0.965597
2081	3190	0.938194
2081	589	0.65983504
2081	3409	0.48173222
2081	3150	0.1778894
2081	3326	0.16930285
2081	2677	0.15328225
2081	3287	0.14098006
2082	1608	0.99939996
2082	1792	0.99740434
2082	2539	0.99627143
2082	1784	0.99434996
2082	2311	0.9923953
2082	1584	0.99185395
2082	2324	0.9903741
2082	260	0.9869078
2082	380	0.98226285
2082	349	0.9820308
2083	318	0.998906
2083	1198	0.9964572
2083	1210	0.98641163
2083	480	0.9669542
2083	1214	0.9208959
2083	150	0.91610175
2083	2355	0.9006215
2083	2804	0.87583685
2083	1240	0.8631075
2083	527	0.83383876
2084	1357	0.999905
2084	2396	0.999838
2084	2728	0.9985557
2084	1262	0.9981047
2084	3408	0.9980546
2084	2324	0.9950988
2084	2020	0.9938965
2084	1208	0.9833292
2084	1293	0.9812139
2084	2501	0.9693727
2085	837	0.9968957
2085	1866	0.9935749
2085	1020	0.99342906
2085	585	0.9897101
2085	2282	0.9893179
2085	2581	0.9769318
2085	1175	0.96718943
2085	2558	0.9658209
2085	1500	0.9625557
2085	339	0.943243
2086	2392	0.99720556
2086	2710	0.9952824
2086	2874	0.96365577
2086	2671	0.9358063
2086	1617	0.83859575
2086	2369	0.7107086
2086	1300	0.69184345
2086	1911	0.69182485
2086	2571	0.54391193
2086	2694	0.5418478
2087	1171	0.96675336
2087	1965	0.039646715
2087	260	0.028241992
2087	329	0.027065545
2087	1544	0.0107086
2087	648	0.008989692
2087	1356	0.005215317
2087	2396	0.004331827
2087	1784	0.0027514398
2087	1973	0.0025660992
2088	2232	0.9991373
2088	3	0.9459739
2088	898	0.91606665
2088	1965	0.9019958
2088	492	0.8825184
2088	2662	0.86788344
2088	2046	0.85822743
2088	1653	0.79919755
2088	8	0.7817316
2088	3406	0.75363815
2089	2454	0.9975427
2089	858	0.9917917
2089	2762	0.9744327
2089	1077	0.9692941
2089	3097	0.95444894
2089	1179	0.9272404
2089	1617	0.9173914
2089	1278	0.9062853
2089	1196	0.8636726
2089	933	0.827266
2090	2916	0.9999862
2090	480	0.998862
2090	2002	0.9943995
2090	208	0.99283016
2090	1676	0.99025035
2090	2628	0.97981966
2090	2723	0.5634686
2090	1275	0.51851636
2090	1562	0.44269687
2090	3104	0.39970872
2091	2699	0.9998789
2091	3114	0.9996573
2091	2770	0.997591
2091	1959	0.9955714
2091	3104	0.9800688
2091	2013	0.9788524
2091	2353	0.9676831
2091	474	0.9653107
2091	2406	0.9633229
2091	233	0.96024656
2092	1259	0.9993502
2092	1221	0.98556113
2092	592	0.9678221
2092	1127	0.9672042
2092	1077	0.871966
2092	2529	0.8378526
2092	2644	0.8152993
2092	2735	0.76790863
2092	36	0.7278551
2092	2184	0.7144931
2093	892	0.9998516
2093	3301	0.99802744
2093	1673	0.9953524
2093	2329	0.99348706
2093	2699	0.98572123
2093	1580	0.97548056
2093	1213	0.96581614
2093	586	0.963807
2093	524	0.9530505
2093	479	0.91861385
2094	1248	0.9985945
2094	1748	0.9917708
2094	1270	0.9900882
2094	1334	0.98645085
2094	2968	0.9786707
2094	2206	0.95852053
2094	931	0.9528781
2094	1193	0.8910165
2094	2553	0.87314093
2094	2203	0.7543344
2095	3354	0.9999974
2095	2572	0.99946547
2095	2599	0.9928686
2095	2707	0.9879105
2095	3148	0.9691452
2095	2355	0.93390083
2095	3203	0.9332944
2095	2906	0.9272413
2095	480	0.884346
2095	1957	0.8536199
2096	2700	0.99979544
2096	2826	0.99870753
2096	1370	0.99779737
2096	2028	0.9973632
2096	2396	0.9972063
2096	232	0.9847617
2096	1923	0.98357856
2096	327	0.97776556
2096	3418	0.9673817
2096	1885	0.9432876
2097	1370	0.9994119
2097	2513	0.9973548
2097	2394	0.9948857
2097	1882	0.99324036
2097	2525	0.9927234
2097	3213	0.9912622
2097	2450	0.9728973
2097	1049	0.95105445
2097	2140	0.9487077
2097	1270	0.9409647
2098	1198	0.9926913
2098	2858	0.9839557
2098	611	0.93693495
2098	1238	0.919817
2098	1258	0.90495145
2098	2881	0.846667
2098	1499	0.8235731
2098	2366	0.81040627
2098	1994	0.7996991
2098	435	0.7804128
2099	480	0.99785733
2099	1270	0.93360204
2099	1350	0.9113245
2099	1580	0.866724
2099	2454	0.81382143
2099	2160	0.80882466
2099	1206	0.7207879
2099	1617	0.67710197
2099	1	0.6358687
2099	1327	0.5118189
2100	265	0.9989709
2100	1357	0.9321906
2100	678	0.91249275
2100	2028	0.9085679
2100	1909	0.8762301
2100	339	0.86112714
2100	1127	0.8344391
2100	223	0.81647027
2100	3358	0.7916812
2100	3044	0.78348553
2101	2628	0.9998288
2101	924	0.9977392
2101	1676	0.9945254
2101	172	0.9942909
2101	849	0.9933966
2101	1573	0.98552537
2101	1097	0.978709
2101	1333	0.97307336
2101	1483	0.94496727
2101	2046	0.94020486
2102	1500	0.9978465
2102	3052	0.96861535
2102	1476	0.9514419
2102	2501	0.88229144
2102	1090	0.875594
2102	1485	0.8748275
2102	589	0.85260403
2102	2321	0.81091934
2102	1513	0.7832942
2102	141	0.75432867
2103	2710	0.9957073
2103	2841	0.98004156
2103	3174	0.9786658
2103	3176	0.9611212
2103	2706	0.9555081
2103	1077	0.9468118
2103	2716	0.9129859
2103	2355	0.8789011
2103	223	0.83306
2103	2336	0.7903388
2104	2174	0.99410635
2104	3264	0.93234766
2104	830	0.9209218
2104	1270	0.866521
2104	2706	0.5669844
2104	2826	0.5064532
2104	1200	0.41443503
2104	260	0.31932688
2104	1645	0.27466565
2104	999	0.21111795
2105	2723	0.9818443
2105	457	0.97714376
2105	1079	0.939402
2105	1747	0.9345372
2105	2735	0.9177978
2105	2240	0.90212333
2105	1917	0.8743692
2105	923	0.8598852
2105	1257	0.8455343
2105	1240	0.79344034
2106	1097	0.9718411
2106	372	0.94227684
2106	902	0.90372086
2106	2797	0.9016807
2106	2723	0.8698096
2106	104	0.85982203
2106	1391	0.82667434
2106	1265	0.8237362
2106	3072	0.78985536
2106	1958	0.7890964
2107	1222	0.99974066
2107	50	0.9949932
2107	1197	0.9937054
2107	1639	0.98524404
2107	1259	0.9809894
2107	223	0.97768176
2107	527	0.9515611
2107	1387	0.9333149
2107	1213	0.8362305
2107	1753	0.788512
2108	1617	0.9664085
2108	1221	0.9455122
2108	720	0.3281318
2108	318	0.24314043
2108	898	0.07751998
2108	1961	0.049381882
2108	296	0.04707715
2108	2687	0.02752477
2108	1721	0.025561124
2108	1704	0.022934794
2109	2167	0.9955323
2109	1097	0.992218
2109	1127	0.985721
2109	1552	0.9818312
2109	541	0.9729303
2109	708	0.94872963
2109	1883	0.93907464
2109	1380	0.93076885
2109	3252	0.9269186
2109	2683	0.9237472
2110	2791	1.0
2110	2135	0.9994761
2110	2396	0.99934196
2110	2	0.9982455
2110	1259	0.9981185
2110	2115	0.997489
2110	1307	0.99431276
2110	1375	0.9873054
2110	930	0.98383677
2110	736	0.9718025
2111	1874	0.9937775
2111	3362	0.98336023
2111	2269	0.9356605
2111	2023	0.9298513
2111	356	0.92165214
2111	1221	0.91615915
2111	2741	0.8416101
2111	2664	0.72176373
2111	3048	0.4267279
2111	1317	0.4199509
2112	1617	0.997211
2112	296	0.9972105
2112	2997	0.99610287
2112	1704	0.9932698
2112	527	0.99254876
2112	36	0.9893936
2112	608	0.97488266
2112	3250	0.9108311
2112	457	0.73032683
2112	1747	0.70272505
2113	1673	0.9999887
2113	551	0.9413196
2113	2948	0.777009
2113	1215	0.6434106
2113	3359	0.5660809
2113	266	0.5184443
2113	3098	0.48537415
2113	2166	0.26479614
2113	1213	0.16530395
2113	1580	0.16185004
2114	377	0.9999978
2114	2628	0.9971071
2114	1499	0.9849551
2114	1518	0.9682379
2114	474	0.9579251
2114	454	0.94629747
2114	2916	0.9250456
2114	1527	0.9244937
2114	1037	0.91135406
2114	380	0.8304464
2115	52	0.99952084
2115	2038	0.9990604
2115	1883	0.9927993
2115	2321	0.99211943
2115	157	0.98958194
2115	1721	0.9790958
2115	1193	0.9633578
2115	339	0.94992673
2115	111	0.90142465
2115	1500	0.8965146
2116	1968	0.9929162
2116	802	0.9905777
2116	2321	0.98964167
2116	2883	0.9673363
2116	1573	0.9419223
2116	288	0.92760086
2116	1694	0.8899186
2116	253	0.8732617
2116	2804	0.8428805
2116	1359	0.8096286
2117	3185	0.99970025
2117	2706	0.99966276
2117	3285	0.9979782
2117	2763	0.9924659
2117	3160	0.98675096
2117	2572	0.98586947
2117	902	0.9843627
2117	2686	0.9791807
2117	2013	0.97888744
2117	3005	0.9752816
2118	307	0.99983835
2118	2725	0.9996098
2118	223	0.9988247
2118	1394	0.9987657
2118	1285	0.9666593
2118	1188	0.9538032
2118	213	0.9420699
2118	2396	0.92707705
2118	2692	0.91070867
2118	1176	0.8711206
2119	1242	0.99995136
2119	329	0.99946153
2119	1375	0.99748886
2119	2985	0.9940833
2119	1334	0.9910975
2119	2657	0.9878615
2119	165	0.98569006
2119	2353	0.98494816
2119	466	0.9814004
2119	1252	0.9809723
2120	2028	0.99924994
2120	1544	0.99200714
2120	260	0.98636854
2120	208	0.87995994
2120	2006	0.7675549
2120	1148	0.75338197
2120	2394	0.7192537
2120	1690	0.7116015
2120	653	0.699272
2120	1873	0.6150343
2121	908	0.99914867
2121	616	0.9792019
2121	2135	0.93412876
2121	1248	0.93239594
2121	1259	0.699957
2121	2182	0.6902015
2121	2947	0.68522626
2121	1293	0.536956
2121	70	0.5100263
2121	2186	0.43787637
2122	2321	0.99853885
2122	3253	0.9952631
2122	678	0.9898844
2122	104	0.98301876
2122	1	0.9727348
2122	2384	0.9659728
2122	2762	0.9615326
2122	2329	0.95362043
2122	858	0.94606453
2122	246	0.9292746
2123	838	0.9998275
2123	39	0.9983945
2123	1617	0.9836207
2123	1569	0.97336835
2123	2081	0.9718447
2123	605	0.94382596
2123	2424	0.8797361
2123	2396	0.8011361
2123	1680	0.61982805
2123	377	0.51670694
2124	1245	0.9906136
2124	1285	0.98856455
2124	1193	0.96478915
2124	2028	0.9449202
2124	3341	0.94292176
2124	1246	0.9409678
2124	1962	0.9349588
2124	1196	0.9321219
2124	1231	0.9045201
2124	1339	0.8561448
2125	474	0.99967027
2125	2791	0.993387
2125	1408	0.99326134
2125	2455	0.9908072
2125	1610	0.9841759
2125	1354	0.9799117
2125	501	0.97273314
2125	2243	0.950652
2125	2948	0.9368235
2125	1719	0.924511
2126	2985	0.99998116
2126	2657	0.9996172
2126	1200	0.99944997
2126	1240	0.975816
2126	2641	0.90255404
2126	3175	0.8447821
2126	1374	0.77548623
2126	2553	0.755682
2126	1356	0.7074549
2126	2968	0.5045915
2127	2340	0.9993559
2127	3253	0.9993524
2127	1894	0.9991498
2127	370	0.9940334
2127	934	0.9926484
2127	39	0.9888426
2127	2416	0.95902824
2127	648	0.9496217
2127	2321	0.94285965
2127	1485	0.93565637
2128	1965	0.999635
2128	1466	0.99506176
2128	2115	0.99428827
2128	2791	0.99363667
2128	480	0.9860028
2128	2399	0.9783311
2128	2427	0.975531
2128	2028	0.9689661
2128	2378	0.95884335
2128	1196	0.9325103
2129	2713	0.993274
2129	1372	0.98950016
2129	1021	0.95759386
2129	306	0.9476545
2129	2571	0.9381098
2129	3405	0.92199147
2129	2624	0.9207182
2129	1231	0.9068782
2129	24	0.87188876
2129	3285	0.826704
2130	2456	0.99999976
2130	1673	0.9974065
2130	3114	0.9854605
2130	524	0.9727726
2130	475	0.9468539
2130	1456	0.94658315
2130	3	0.9386792
2130	2553	0.9170995
2130	3083	0.89941406
2130	788	0.8853178
2131	1544	0.99885917
2131	648	0.99764705
2131	3107	0.9974848
2131	996	0.99647784
2131	2490	0.9893416
2131	2023	0.9880851
2131	1722	0.98267496
2131	1591	0.97339
2131	442	0.96438074
2131	1762	0.9487436
2132	1097	0.999574
2132	2640	0.99908733
2132	2661	0.9983169
2132	1527	0.9961922
2132	2363	0.9925093
2132	750	0.9921211
2132	968	0.9887521
2132	2553	0.91049504
2132	2068	0.8188837
2132	2968	0.7837119
2133	688	0.86513
2133	420	0.72465354
2133	1682	0.46596962
2133	1468	0.39451855
2133	527	0.34580597
2133	1806	0.2678905
2133	480	0.24523717
2133	2571	0.13136315
2133	2706	0.1179544
2133	2617	0.09162614
2134	223	0.99973166
2134	2133	0.99958724
2134	356	0.9990646
2134	1265	0.9990572
2134	2378	0.9989755
2134	1136	0.998458
2134	2867	0.9961397
2134	2797	0.99008536
2134	2401	0.98493767
2134	3033	0.97509766
2135	1408	0.9935726
2135	527	0.9648699
2135	441	0.9615107
2135	1398	0.9397754
2135	110	0.8589088
2135	930	0.5316054
2135	1221	0.39643738
2135	2407	0.3241918
2135	356	0.2394028
2135	1704	0.16799518
2136	595	0.99996436
2136	2297	0.999455
2136	1552	0.99871504
2136	356	0.993814
2136	368	0.99245715
2136	1653	0.9687958
2136	380	0.9634856
2136	110	0.96270305
2136	1848	0.92084044
2136	457	0.9125277
2137	2393	0.99975663
2137	1376	0.9997552
2137	1527	0.99880075
2137	2571	0.9938228
2137	2011	0.9936547
2137	1374	0.9913144
2137	185	0.9909804
2137	2916	0.9678837
2137	2407	0.94362164
2137	329	0.89113647
2138	1779	0.9984904
2138	2012	0.995328
2138	196	0.9820626
2138	1580	0.98024577
2138	198	0.92252856
2138	1126	0.89470446
2138	553	0.85628176
2138	2174	0.6867664
2138	1748	0.6238409
2138	39	0.617365
2139	1097	0.9990971
2139	595	0.9930343
2139	344	0.9925202
2139	1214	0.99200964
2139	2407	0.9911454
2139	1200	0.91145504
2139	2384	0.77842355
2139	2455	0.75838405
2139	2288	0.7523472
2139	105	0.7505084
2140	2997	0.9985013
2140	909	0.99104923
2140	788	0.8972738
2140	1262	0.8898995
2140	3181	0.8882525
2140	1079	0.8482915
2140	922	0.8397459
2140	1201	0.82979363
2140	1	0.8205695
2140	3093	0.8199629
2141	1673	0.9928474
2141	480	0.986919
2141	1259	0.9288795
2141	1035	0.48560846
2141	2791	0.4719804
2141	2762	0.35391682
2141	144	0.33256763
2141	2241	0.3112672
2141	3421	0.24912176
2141	2672	0.2273893
2142	1213	0.988168
2142	296	0.9715168
2142	1917	0.9431299
2142	1810	0.8802777
2142	733	0.83357775
2142	474	0.83136016
2142	3114	0.8115172
2142	678	0.7236598
2142	2427	0.61142826
2142	1214	0.56156015
2143	780	0.99992937
2143	1769	0.99915135
2143	648	0.9983374
2143	741	0.9981053
2143	1527	0.99016714
2143	1036	0.9748721
2143	21	0.9640317
2143	541	0.94969255
2143	420	0.927759
2143	2947	0.8956927
2144	3409	0.9999951
2144	3016	0.98611844
2144	1644	0.9845413
2144	3024	0.9523872
2144	1653	0.922472
2144	1947	0.91002536
2144	1682	0.8878801
2144	2445	0.8818327
2144	240	0.8563987
2144	73	0.81957686
2145	1917	0.99992186
2145	2034	0.99971455
2145	1982	0.99869144
2145	1037	0.99853235
2145	3354	0.95685625
2145	2746	0.93817866
2145	330	0.9367398
2145	1779	0.91500187
2145	724	0.9131917
2145	1924	0.90679574
2146	1196	0.9995729
2146	1610	0.9724519
2146	2916	0.7757933
2146	2327	0.510368
2146	1356	0.28320986
2146	3013	0.25862306
2146	2019	0.251241
2146	2628	0.23229074
2146	2571	0.21428546
2146	762	0.19478124
2147	1909	0.9999608
2147	1580	0.99990106
2147	316	0.99622643
2147	2078	0.99077713
2147	1653	0.9853625
2147	196	0.9682307
2147	596	0.95638514
2147	1387	0.9466018
2147	3044	0.94449353
2147	2393	0.91121256
2148	208	0.9999644
2148	292	0.9923969
2148	780	0.9897307
2148	494	0.98697907
2148	2450	0.98481894
2148	2253	0.98212683
2148	1876	0.9805043
2148	2405	0.97889537
2148	2735	0.97515786
2148	3082	0.9681704
2149	1673	0.9904649
2149	3357	0.9884863
2149	1965	0.98822796
2149	70	0.9745517
2149	3052	0.96921396
2149	1544	0.9398824
2149	3083	0.84856707
2149	524	0.8423407
2149	110	0.8183267
2149	2289	0.7462855
2150	1258	0.99801177
2150	1997	0.9950599
2150	2716	0.99023175
2150	1717	0.98476416
2150	2995	0.95366836
2150	1498	0.88811535
2150	2762	0.88548255
2150	2746	0.86582917
2150	593	0.83459055
2150	1620	0.8121089
2151	1965	0.93772376
2151	110	0.52953136
2151	1259	0.475154
2151	2455	0.4248148
2151	2609	0.25287026
2151	1206	0.20884767
2151	2921	0.20090142
2151	2160	0.17905137
2151	2303	0.11821112
2151	1953	0.10154256
2152	367	0.84695995
2152	3355	0.70605093
2152	2193	0.07706949
2152	3408	0.075182736
2152	382	0.053172737
2152	480	0.038659662
2152	260	0.02448833
2152	1994	0.023065656
2152	2161	0.022576869
2152	3156	0.020654619
2153	110	0.98681176
2153	39	0.9820097
2153	2797	0.9734687
2153	1278	0.97265404
2153	50	0.9700989
2153	34	0.9586283
2153	2706	0.9478991
2153	1210	0.9452841
2153	1259	0.93865985
2153	175	0.9366678
2154	920	0.99993837
2154	912	0.99981344
2154	1358	0.9928209
2154	919	0.9921003
2154	745	0.99110377
2154	1103	0.97180545
2154	50	0.95167935
2154	296	0.88231814
2154	1961	0.8634108
2154	904	0.7788116
2155	2459	0.9995222
2155	2122	0.999184
2155	587	0.9989188
2155	1339	0.99862707
2155	273	0.9915195
2155	1972	0.99054587
2155	1717	0.98906183
2155	2606	0.9873446
2155	382	0.98428065
2155	2338	0.9827968
2156	2467	0.99934536
2156	2028	0.99046546
2156	2529	0.98921436
2156	1375	0.9765457
2156	2080	0.9759571
2156	1321	0.9740044
2156	1610	0.97185147
2156	1298	0.96310866
2156	3160	0.95396215
2156	1270	0.95385647
2157	2858	0.99301875
2157	1997	0.98708665
2157	1214	0.9852584
2157	2699	0.97000575
2157	2395	0.9623858
2157	920	0.95108336
2157	1345	0.9476773
2157	2450	0.93867564
2157	2747	0.8850194
2157	2193	0.83030236
2158	589	0.99961996
2158	593	0.99615264
2158	1245	0.99216557
2158	903	0.9913931
2158	1196	0.99069333
2158	2918	0.9860374
2158	924	0.9827509
2158	1304	0.98216003
2158	475	0.9813651
2158	1682	0.97413164
2159	1248	0.999352
2159	913	0.9965083
2159	1617	0.9493325
2159	3031	0.936858
2159	2010	0.9022651
2159	3022	0.8469796
2159	1178	0.8466011
2159	527	0.8345313
2159	1233	0.8233359
2159	3342	0.77978194
2160	1	0.983786
2160	223	0.95939034
2160	2355	0.9382515
2160	3396	0.6193686
2160	1663	0.5707753
2160	1257	0.4762945
2160	1148	0.41096145
2160	2361	0.38909924
2160	2395	0.28407568
2160	3253	0.24515545
2161	2289	0.999898
2161	1171	0.99989223
2161	2997	0.99977064
2161	3006	0.998629
2161	25	0.99858826
2161	2028	0.99355656
2161	1354	0.9915463
2161	481	0.9711336
2161	222	0.9632187
2161	1095	0.9530134
2162	1036	0.99999547
2162	1035	0.9999913
2162	1285	0.9984358
2162	1357	0.9979504
2162	1270	0.9975759
2162	1673	0.9914454
2162	2160	0.98945856
2162	337	0.9884161
2162	3421	0.9882619
2162	592	0.97482854
2163	2273	1.0
2163	2571	0.999759
2163	1573	0.998085
2163	1047	0.9978553
2163	589	0.9834753
2163	292	0.97901857
2163	2006	0.9725131
2163	2058	0.9038148
2163	1210	0.87387264
2163	3107	0.78678864
2164	2167	0.99780893
2164	1676	0.9973464
2164	172	0.9895606
2164	610	0.97714424
2164	2367	0.9694972
2164	368	0.96500957
2164	1373	0.9629245
2164	1374	0.95832855
2164	3404	0.95820934
2164	1717	0.95225465
2165	349	0.9999825
2165	10	0.9990041
2165	2334	0.9979222
2165	1552	0.996218
2165	1270	0.9951878
2165	380	0.99212205
2165	1242	0.9902543
2165	2628	0.98652244
2165	3274	0.9658303
2165	2001	0.9503651
2166	586	0.99708325
2166	1005	0.9937087
2166	39	0.9904721
2166	2772	0.98600173
2166	1731	0.9491432
2166	380	0.945307
2166	2826	0.9325048
2166	1042	0.8703747
2166	1215	0.810086
2166	231	0.7883831
2167	541	0.9995034
2167	2363	0.9992386
2167	2533	0.9967765
2167	589	0.99369764
2167	2009	0.98371786
2167	750	0.98294973
2167	1274	0.971172
2167	2613	0.96042264
2167	2525	0.94365764
2167	2428	0.9304389
2168	1256	0.99960184
2168	3173	0.9481945
2168	1171	0.94273186
2168	587	0.91677904
2168	1646	0.9038632
2168	1721	0.9025216
2168	2384	0.8453256
2168	1516	0.8176236
2168	2843	0.7874336
2168	352	0.7514578
2169	1973	1.0
2169	366	0.9999019
2169	1717	0.99974656
2169	2338	0.99075234
2169	879	0.9196893
2169	2793	0.9145484
2169	2722	0.90042484
2169	70	0.8790642
2169	2995	0.7658213
2169	1342	0.6884819
2170	1246	0.99161947
2170	3067	0.9857958
2170	2791	0.9511517
2170	1968	0.94231397
2170	2406	0.8848325
2170	3104	0.88473856
2170	1131	0.822052
2170	1242	0.7628361
2170	2872	0.6728252
2170	2417	0.6413913
2171	1212	0.9949727
2171	2732	0.9900726
2171	1204	0.97320664
2171	1244	0.95707613
2171	2351	0.93580794
2171	918	0.93069047
2171	1365	0.9008293
2171	2019	0.8837551
2171	1617	0.8832941
2171	1247	0.87865376
2172	1721	0.9991955
2172	1086	0.9986669
2172	3298	0.98569876
2172	1080	0.98539484
2172	1573	0.9692333
2172	3082	0.96235484
2172	1047	0.9319476
2172	3324	0.9302118
2172	223	0.9288573
2172	788	0.86912584
2173	260	0.99977916
2173	2947	0.99879307
2173	3074	0.99652267
2173	2064	0.9946225
2173	3418	0.9938444
2173	745	0.98550344
2173	318	0.98329246
2173	1206	0.9733298
2173	1097	0.9713441
2173	300	0.9695792
2174	1704	0.9999814
2174	337	0.9960352
2174	1120	0.97138995
2174	994	0.96924967
2174	3189	0.9550744
2174	2686	0.9442933
2174	11	0.924165
2174	1265	0.8938359
2174	3246	0.8892741
2174	2959	0.8585865
2175	21	0.9999713
2175	153	0.9922526
2175	1136	0.9706281
2175	1396	0.9613719
2175	1	0.95590913
2175	1287	0.9435646
2175	1379	0.94100595
2175	34	0.9117976
2175	2001	0.9008287
2175	260	0.8758019
2176	858	0.9999282
2176	778	0.9997485
2176	3362	0.9963742
2176	1580	0.9940102
2176	1997	0.99007165
2176	247	0.98742986
2176	1278	0.976213
2176	1293	0.97308314
2176	2987	0.9550922
2176	2959	0.9478775
2177	2692	0.9999677
2177	940	0.9988955
2177	247	0.97985214
2177	1266	0.95510495
2177	1223	0.9447763
2177	1358	0.9364229
2177	1032	0.9270817
2177	1080	0.8750835
2177	34	0.87296915
2177	2289	0.8716713
2178	300	0.99996835
2178	318	0.99993956
2178	3386	0.9890909
2178	3260	0.9852459
2178	3100	0.9768418
2178	800	0.9738909
2178	2321	0.97383285
2178	2872	0.96941364
2178	529	0.96269506
2178	3361	0.96172905
2179	509	0.9999678
2179	1643	0.9997906
2179	1094	0.9989796
2179	1095	0.99724066
2179	1277	0.9955007
2179	3147	0.99477553
2179	448	0.9787377
2179	1061	0.93492043
2179	1408	0.91499484
2179	1584	0.91346115
2180	1201	0.93650484
2180	1884	0.8758162
2180	2134	0.84533864
2180	2012	0.834705
2180	2951	0.7987722
2180	1690	0.7956855
2180	485	0.79499173
2180	1552	0.7477206
2180	517	0.7465771
2180	3269	0.7421436
2181	2841	0.970845
2181	2687	0.9669709
2181	1371	0.9462304
2181	3386	0.917968
2181	2718	0.8929577
2181	661	0.81752837
2181	2289	0.70814717
2181	2554	0.67042863
2181	1976	0.65078115
2181	50	0.6440041
2182	2628	0.57854855
2182	2393	0.04129541
2182	527	0.008603871
2182	1247	0.0056016445
2182	2858	0.0054573715
2182	480	0.0032486916
2182	802	0.0004839003
2182	1726	0.0003629923
2182	74	0.0003157258
2182	1356	0.00028464198
2183	2355	0.99984926
2183	2433	0.9997213
2183	2683	0.99963814
2183	2396	0.9973802
2183	2581	0.95815253
2183	2712	0.79104304
2183	2861	0.7709924
2183	2858	0.7389595
2183	2701	0.5779824
2183	2723	0.5701052
2184	3174	0.99993765
2184	2699	0.9961326
2184	2722	0.98926973
2184	913	0.98738796
2184	2908	0.93178046
2184	2858	0.91818815
2184	2997	0.9077147
2184	924	0.8413147
2184	233	0.7451021
2184	2759	0.7219324
2185	2108	0.9931825
2185	802	0.96592486
2185	2080	0.95786905
2185	952	0.9344584
2185	232	0.8876789
2185	110	0.88422555
2185	1259	0.869429
2185	2160	0.75095534
2185	1500	0.7167814
2185	1394	0.6543778
2186	1479	0.98382056
2186	1127	0.9482391
2186	480	0.9402595
2186	1676	0.8950176
2186	2421	0.87819123
2186	1866	0.828502
2186	356	0.82479024
2186	1616	0.8153012
2186	208	0.79873776
2186	1379	0.78409475
2187	3386	0.9993627
2187	508	0.99904966
2187	1584	0.9914507
2187	1500	0.9893738
2187	2959	0.9850935
2187	1580	0.98275876
2187	296	0.9654928
2187	1449	0.9630354
2187	1784	0.94888055
2187	1673	0.9431127
2188	1307	0.99433815
2188	1020	0.9912452
2188	2987	0.97766507
2188	25	0.9598203
2188	223	0.9554541
2188	1485	0.9475984
2188	153	0.94263077
2188	592	0.94196796
2188	2797	0.9305299
2188	1584	0.9258436
2189	2572	0.98783225
2189	2335	0.9614403
2189	2706	0.8592379
2189	1097	0.79601765
2189	2687	0.7868591
2189	2722	0.5938941
2189	1240	0.4774462
2189	1200	0.40391004
2189	2720	0.23277771
2189	924	0.21043023
2190	3355	0.9999645
2190	608	0.9990768
2190	2941	0.9988996
2190	2622	0.9978831
2190	2805	0.985036
2190	529	0.98343027
2190	2763	0.97826946
2190	2531	0.97369057
2190	3147	0.9702611
2190	2023	0.9606049
2191	1	0.99609995
2191	2997	0.99148893
2191	260	0.9891987
2191	1196	0.986411
2191	1265	0.985487
2191	2028	0.8917993
2191	1277	0.57487315
2191	358	0.4264713
2191	1883	0.3784965
2191	527	0.1830863
2192	2622	0.99994916
2192	2021	0.9998822
2192	2023	0.9936609
2192	2959	0.9874121
2192	2028	0.98375005
2192	2976	0.980616
2192	1214	0.9751562
2192	2692	0.9712399
2192	1220	0.937829
2192	2968	0.9350572
2193	2421	0.99480224
2193	2641	0.98354733
2193	260	0.98204345
2193	2683	0.9816519
2193	2041	0.97460246
2193	2116	0.95733804
2193	1198	0.91980326
2193	2643	0.81512964
2193	1274	0.7392964
2193	2718	0.70532036
2194	32	0.9988029
2194	2105	0.9985597
2194	1129	0.9979104
2194	2985	0.99209505
2194	3024	0.99107987
2194	1210	0.9703009
2194	1253	0.92805946
2194	1238	0.91640794
2194	1320	0.91465163
2194	2640	0.87930584
2195	2012	0.99996334
2195	1377	0.99986875
2195	3257	0.9955145
2195	2875	0.9703715
2195	589	0.9631542
2195	2355	0.9300351
2195	765	0.89853597
2195	2694	0.8929961
2195	2162	0.8865154
2195	2858	0.8826973
2196	2683	0.9992235
2196	3175	0.9817604
2196	223	0.7582446
2196	1707	0.5908044
2196	2318	0.51196593
2196	260	0.40666172
2196	2501	0.40243462
2196	3113	0.39799353
2196	2699	0.39789942
2196	34	0.27892637
2197	110	0.9992176
2197	2762	0.9990659
2197	2858	0.996989
2197	3160	0.99365085
2197	608	0.97272974
2197	2324	0.95390546
2197	1097	0.90446466
2197	1148	0.86745
2197	556	0.8531506
2197	1089	0.8482678
2198	2915	0.99929214
2198	1663	0.99541336
2198	2475	0.98941964
2198	2248	0.98617244
2198	3104	0.9824134
2198	2144	0.9599459
2198	317	0.9428711
2198	852	0.9366798
2198	2081	0.91612625
2198	2987	0.87883854
2199	299	0.96354306
2199	2392	0.9450716
2199	987	0.9403758
2199	2720	0.84959066
2199	2725	0.84588504
2199	391	0.69208443
2199	1200	0.41745874
2199	3389	0.38463408
2199	3160	0.23877224
2199	2629	0.2336145
2200	1573	0.99995637
2200	349	0.9879708
2200	3077	0.951527
2200	1653	0.8529763
2200	3175	0.8484371
2200	1127	0.7743839
2200	1779	0.5184754
2200	1214	0.49142504
2200	1407	0.30344766
2200	969	0.26347485
2201	2117	0.99944437
2201	1580	0.9987932
2201	1374	0.9985874
2201	1196	0.9960151
2201	2944	0.99581635
2201	1008	0.995626
2201	480	0.99311817
2201	2951	0.9796752
2201	1200	0.9563035
2201	329	0.9324055
2202	1207	0.999683
2202	1639	0.99576324
2202	1028	0.9925101
2202	1644	0.9545914
2202	1544	0.92192656
2202	2502	0.9056206
2202	2664	0.90266466
2202	497	0.89305115
2202	2011	0.73433936
2202	2683	0.6985803
2203	761	0.9891201
2203	43	0.9830723
2203	849	0.9633857
2203	3028	0.8348725
2203	293	0.805712
2203	866	0.7910481
2203	920	0.7839345
2203	1004	0.7618537
2203	2125	0.743034
2203	368	0.73420244
2204	2665	0.99998677
2204	1019	0.99997056
2204	2035	0.99840254
2204	3375	0.9917155
2204	2874	0.98664033
2204	3218	0.9572469
2204	2666	0.9379618
2204	2785	0.9306952
2204	3038	0.8234502
2204	3024	0.7461361
2205	953	0.99996316
2205	2160	0.9978082
2205	902	0.98666954
2205	3089	0.98123085
2205	919	0.9741514
2205	2000	0.9600622
2205	1885	0.9423882
2205	3253	0.922423
2205	1500	0.9188777
2205	2915	0.90450287
2206	232	0.9999841
2206	1357	0.99979424
2206	356	0.99856865
2206	364	0.99633443
2206	150	0.98222256
2206	58	0.9702093
2206	500	0.93650645
2206	36	0.92980254
2206	1203	0.92547965
2206	1500	0.92401373
2207	1270	0.42753553
2207	891	0.17054152
2207	1986	0.16906413
2207	1197	0.16752571
2207	1976	0.093058765
2207	2301	0.05861813
2207	2463	0.042052597
2207	3072	0.03803456
2207	2997	0.03529963
2207	2792	0.0348047
2208	1	0.99985313
2208	2707	0.99843025
2208	2248	0.9968616
2208	322	0.99563694
2208	1625	0.99463314
2208	229	0.9929068
2208	1673	0.9869127
2208	508	0.9851573
2208	1810	0.9772432
2208	2918	0.9560504
2209	745	0.99949646
2209	1235	0.88941705
2209	151	0.8589131
2209	720	0.79504406
2209	1196	0.7826363
2209	1270	0.7150735
2209	260	0.6705489
2209	1271	0.552938
2209	1968	0.53661466
2209	2115	0.3555988
2210	3249	0.99948883
2210	161	0.99285626
2210	3145	0.9918181
2210	2028	0.930138
2210	454	0.90490794
2210	912	0.73240244
2210	2645	0.58035046
2210	1197	0.5708648
2210	3186	0.4542599
2210	1411	0.33214068
2211	1961	0.99133295
2211	1077	0.9621464
2211	1082	0.9563749
2211	2950	0.8900941
2211	590	0.88680774
2211	3260	0.85161114
2211	2929	0.82954127
2211	3072	0.8039128
2211	1276	0.7283894
2211	1500	0.68864036
2212	2722	0.9957247
2212	2701	0.9954513
2212	2598	0.99494016
2212	2028	0.98637855
2212	3176	0.94825774
2212	3113	0.8533093
2212	2762	0.83609974
2212	2394	0.803778
2212	3005	0.79453635
2212	2188	0.78828716
2213	110	0.9998311
2213	1035	0.99913234
2213	2657	0.9944067
2213	480	0.9861653
2213	1327	0.7720487
2213	551	0.63649964
2213	3160	0.39891902
2213	2028	0.30244425
2213	1968	0.2708071
2213	2948	0.16829559
2214	25	0.9999995
2214	1277	0.9999486
2214	2396	0.9983804
2214	1073	0.9977679
2214	3044	0.9966757
2214	2572	0.9912472
2214	222	0.9864118
2214	2699	0.97915053
2214	2712	0.97205174
2214	2762	0.9584026
2215	373	0.99991167
2215	1270	0.999865
2215	349	0.998109
2215	70	0.99681115
2215	1259	0.9955728
2215	2126	0.9951038
2215	2542	0.9794245
2215	3256	0.97889537
2215	2918	0.9692912
2215	380	0.9638574
2216	1870	0.9980334
2216	528	0.9946449
2216	2700	0.97447145
2216	1476	0.958919
2216	1701	0.9535111
2216	3037	0.93556654
2216	2804	0.9280218
2216	2639	0.8932627
2216	2301	0.8820548
2216	180	0.87540287
2217	2639	0.9989801
2217	2060	0.8204363
2217	1976	0.7818159
2217	891	0.6077776
2217	902	0.4878151
2217	3138	0.46856296
2217	480	0.34387985
2217	111	0.3363781
2217	2011	0.3022673
2217	2699	0.2868886
2218	2791	0.9950599
2218	1673	0.9830133
2218	1580	0.81088436
2218	3173	0.77960354
2218	2073	0.7400071
2218	1923	0.5717985
2218	648	0.32959622
2218	589	0.32842857
2218	2241	0.24874991
2218	144	0.16668642
2219	818	0.9959606
2219	3174	0.9906119
2219	1449	0.9889512
2219	2424	0.98138773
2219	223	0.97882664
2219	3317	0.9782696
2219	1	0.9618175
2219	1608	0.94995916
2219	3108	0.93500346
2219	104	0.90281665
2220	50	0.9997907
2220	593	0.9997499
2220	858	0.99953383
2220	110	0.99879503
2220	1586	0.9980411
2220	2023	0.9964944
2220	589	0.9907059
2220	1610	0.8879628
2220	3265	0.85605013
2220	2571	0.7904339
2221	2450	0.9995563
2221	1676	0.99896395
2221	1037	0.9954802
2221	247	0.9931263
2221	2046	0.99177027
2221	2571	0.9321941
2221	1358	0.9270003
2221	3070	0.9049875
2221	2355	0.9044697
2221	1960	0.893322
2222	586	0.9970771
2222	11	0.9964421
2222	500	0.9904506
2222	1220	0.98886585
2222	1	0.9871575
2222	1721	0.9844441
2222	1091	0.9816474
2222	2406	0.97905207
2222	1135	0.97235215
2222	597	0.9653901
2223	348	0.9780282
2223	2000	0.9727711
2223	3108	0.9724769
2223	1513	0.9720912
2223	2706	0.9719826
2223	1653	0.9629307
2223	1028	0.9529647
2223	1179	0.94335866
2223	22	0.9320198
2223	1301	0.91797656
2224	1206	0.99979246
2224	2858	0.9981356
2224	1253	0.9625679
2224	589	0.8907144
2224	608	0.86608976
2224	2010	0.81532276
2224	527	0.72405267
2224	2363	0.65326977
2224	1210	0.3083412
2224	2662	0.21773383
2225	1200	0.9996028
2225	2133	0.99956465
2225	3421	0.999535
2225	1028	0.9948104
2225	1136	0.99345994
2225	21	0.9916679
2225	2990	0.98526925
2225	2301	0.982928
2225	903	0.97426224
2225	2145	0.93419087
2226	1213	0.9986063
2226	733	0.99523187
2226	1358	0.97833705
2226	2707	0.9770397
2226	1198	0.9753479
2226	1610	0.9665692
2226	377	0.9603727
2226	2268	0.92697066
2226	161	0.8436392
2226	2501	0.79505527
2227	1089	0.9999
2227	1214	0.9998739
2227	1210	0.9988643
2227	50	0.9982251
2227	1343	0.99772537
2227	2353	0.9788331
2227	454	0.97644675
2227	350	0.97527826
2227	1206	0.967607
2227	1036	0.96594584
2228	673	0.9971655
2228	2000	0.8047651
2228	2762	0.6630025
2228	780	0.60354286
2228	608	0.58898324
2228	913	0.4011709
2228	1617	0.39405847
2228	2377	0.37549448
2228	2789	0.37400392
2228	3037	0.3385427
2229	1641	0.99996567
2229	367	0.96755755
2229	2858	0.9062977
2229	1500	0.62592113
2229	3175	0.5906767
2229	2762	0.5503248
2229	2355	0.5087819
2229	11	0.3636441
2229	3253	0.24744669
2229	50	0.24100554
2230	1704	0.9998405
2230	388	0.9970629
2230	290	0.99665123
2230	1094	0.9917277
2230	150	0.99081093
2230	62	0.9623531
2230	2125	0.9569539
2230	431	0.952477
2230	448	0.9196116
2230	32	0.828048
2231	2791	0.9971757
2231	2858	0.98963463
2231	2054	0.9810053
2231	1036	0.98065627
2231	788	0.9771981
2231	3098	0.9683484
2231	1200	0.949199
2231	2003	0.91576433
2231	380	0.91359437
2231	1965	0.90988815
2232	1544	0.97713673
2232	1722	0.97462845
2232	2997	0.97374386
2232	866	0.9724758
2232	81	0.95302904
2232	2686	0.9343294
2232	3178	0.9219351
2232	2699	0.90823543
2232	1356	0.90558255
2232	2076	0.8997878
2233	1588	0.9996717
2233	2908	0.9980732
2233	2289	0.99385786
2233	2706	0.9851835
2233	1580	0.98248255
2233	34	0.9817939
2233	2375	0.9585093
2233	1747	0.9584854
2233	1126	0.9407892
2233	2436	0.9229605
2234	1625	0.9983678
2234	950	0.99775565
2234	928	0.9483676
2234	1252	0.82534385
2234	111	0.8070651
2234	1909	0.77242184
2234	745	0.76163936
2234	931	0.7018534
2234	911	0.58873695
2234	1077	0.5198623
2235	1020	0.99985206
2235	586	0.99969876
2235	1883	0.99963963
2235	2694	0.9986862
2235	1713	0.99679893
2235	1	0.99673784
2235	3175	0.9966326
2235	39	0.9962497
2235	663	0.99561095
2235	1405	0.99301374
2236	2762	0.99994886
2236	1923	0.9997177
2236	1249	0.9876808
2236	3133	0.9741785
2236	1537	0.9678097
2236	2571	0.94834244
2236	3253	0.9130121
2236	588	0.904065
2236	2395	0.85093176
2236	1148	0.84450245
2237	2396	0.9999665
2237	1090	0.9838376
2237	2240	0.98287594
2237	551	0.9591471
2237	1131	0.953531
2237	1172	0.95277464
2237	515	0.9425318
2237	474	0.93486905
2237	440	0.9169196
2237	608	0.8994155
2238	2908	0.99999714
2238	2336	0.9999522
2238	1719	0.99988914
2238	194	0.99980843
2238	593	0.99847454
2238	260	0.9964619
2238	1236	0.9962067
2238	2611	0.9948302
2238	2324	0.9930028
2238	608	0.9916941
2239	1214	0.99925554
2239	318	0.9989873
2239	2791	0.99861026
2239	1215	0.9965584
2239	1580	0.9948517
2239	473	0.9831527
2239	1673	0.9631014
2239	377	0.95784116
2239	2804	0.95636576
2239	1136	0.9375043
2240	1676	0.9989573
2240	1320	0.9987683
2240	1372	0.99829686
2240	316	0.9979856
2240	1876	0.99229056
2240	1019	0.9905787
2240	2311	0.98751307
2240	1909	0.982383
2240	329	0.9670781
2240	160	0.96092474
2241	1284	0.9999728
2241	910	0.9904473
2241	909	0.98673844
2241	928	0.9624813
2241	1617	0.9571428
2241	2967	0.9527668
2241	2208	0.9424571
2241	954	0.94125706
2241	2654	0.92800033
2241	900	0.8213203
2242	2054	0.9974626
2242	2716	0.99431616
2242	3186	0.99188626
2242	2455	0.9793827
2242	1269	0.9682084
2242	272	0.9664796
2242	741	0.9640999
2242	1748	0.93153954
2242	1095	0.87853014
2242	2442	0.87233114
2243	111	0.9999152
2243	50	0.99976784
2243	750	0.9994546
2243	260	0.99701416
2243	3095	0.994122
2243	1204	0.98267627
2243	296	0.9815654
2243	1213	0.96126735
2243	1188	0.93297565
2243	1228	0.8706185
2244	968	0.9901941
2244	3386	0.98874986
2244	2046	0.9587977
2244	2971	0.9479039
2244	595	0.8997935
2244	160	0.8907074
2244	377	0.8674855
2244	549	0.8380668
2244	2065	0.83801746
2244	1226	0.81036776
2245	3285	0.9929922
2245	3326	0.98717463
2245	1457	0.88882935
2245	2888	0.59024537
2245	2572	0.43748665
2245	1583	0.232602
2245	2593	0.11519158
2245	180	0.103419125
2245	2449	0.09322822
2245	1777	0.08667526
2246	480	0.9999641
2246	1610	0.99799764
2246	608	0.99725974
2246	589	0.9959165
2246	1299	0.9939043
2246	1194	0.9929184
2246	145	0.992478
2246	2115	0.9921686
2246	3418	0.9826156
2246	1228	0.9722849
2247	1207	0.99981636
2247	2130	0.99947715
2247	3022	0.99741894
2247	2336	0.9896138
2247	1185	0.9881245
2247	1834	0.98609304
2247	899	0.9778317
2247	1183	0.96721345
2247	1252	0.9655055
2247	3089	0.9588038
2248	3101	0.9999988
2248	1214	0.99985254
2248	1617	0.9996355
2248	1834	0.9989587
2248	903	0.9956614
2248	1610	0.9791364
2248	377	0.9766694
2248	3249	0.9698055
2248	2571	0.94995093
2248	908	0.93597734
2249	480	0.99701667
2249	344	0.9924649
2249	1215	0.99108475
2249	3354	0.7546152
2249	296	0.6862059
2249	1973	0.6847588
2249	2858	0.6604814
2249	2700	0.6360144
2249	141	0.593291
2249	3250	0.48920614
2250	1544	0.9987438
2250	1917	0.98793185
2250	3	0.9718499
2250	3408	0.94493973
2250	1206	0.9344739
2250	70	0.8082429
2250	2329	0.80456895
2250	111	0.80207133
2250	3173	0.77065265
2250	1215	0.6766189
2251	2599	0.99057233
2251	2997	0.9852203
2251	2291	0.9796665
2251	2028	0.9548515
2251	942	0.95107687
2251	589	0.94408065
2251	25	0.91292536
2251	2245	0.9007577
2251	3108	0.895213
2251	50	0.8926747
2252	1	0.9896618
2252	2416	0.98475254
2252	1210	0.83204633
2252	1221	0.8127297
2252	1663	0.7891809
2252	480	0.69341725
2252	2423	0.6349288
2252	616	0.6346731
2252	858	0.55772316
2252	2794	0.43669385
2253	480	0.98964584
2253	1196	0.97240996
2253	1210	0.9671942
2253	1376	0.9538119
2253	592	0.6486659
2253	1198	0.6305351
2253	2918	0.35462454
2253	421	0.25438377
2253	260	0.14526156
2253	3114	0.11936572
2254	1287	0.994743
2254	1610	0.98433435
2254	2947	0.9508846
2254	2640	0.6740599
2254	1198	0.59676456
2254	3072	0.29902652
2254	1387	0.2346322
2254	1562	0.15269336
2254	2985	0.11897352
2254	2531	0.11165431
2255	2918	0.9806912
2255	2987	0.9667512
2255	2394	0.9431352
2255	2099	0.9365126
2255	1566	0.9210816
2255	3398	0.92004836
2255	1380	0.9151749
2255	1588	0.79291564
2255	3060	0.7791399
2255	2791	0.7026968
2256	1663	0.99507606
2256	1617	0.9880277
2256	593	0.98168224
2256	1394	0.96822655
2256	17	0.76903987
2256	1073	0.6434288
2256	265	0.579793
2256	3039	0.4374107
2256	440	0.40153018
2256	356	0.3655058
2257	3408	0.9999727
2257	2396	0.9513787
2257	2724	0.9410151
2257	3301	0.8651324
2257	3114	0.7764919
2257	48	0.750479
2257	1210	0.6774202
2257	3176	0.66638935
2257	1923	0.56893075
2257	2858	0.5536456
2258	351	0.9998158
2258	3175	0.9962096
2258	361	0.9919367
2258	673	0.94203424
2258	36	0.8995442
2258	1303	0.87461317
2258	2926	0.8449091
2258	1015	0.7225449
2258	2125	0.64727694
2258	2395	0.64599264
2259	1188	0.9999794
2259	720	0.9994625
2259	1150	0.9983947
2259	2313	0.9981213
2259	1199	0.9979217
2259	2997	0.99583066
2259	28	0.99317026
2259	1132	0.99286807
2259	2336	0.9902946
2259	2734	0.9902772
2260	356	0.9998473
2260	34	0.6822399
2260	3114	0.65495896
2260	2395	0.6311614
2260	527	0.2581843
2260	1641	0.21428245
2260	1500	0.17154136
2260	1923	0.15540236
2260	1196	0.15235743
2260	11	0.14993796
2261	76	0.9993423
2261	2336	0.97702086
2261	3418	0.95062226
2261	3100	0.9358127
2261	1210	0.9256558
2261	800	0.84671706
2261	2166	0.8200841
2261	1639	0.7896923
2261	431	0.78642863
2261	2002	0.781345
2262	1275	0.9832902
2262	2657	0.9722004
2262	2012	0.95494103
2262	21	0.94018304
2262	2948	0.92138374
2262	1206	0.91032803
2262	2115	0.9021641
2262	377	0.8676983
2262	2054	0.84813076
2262	1370	0.8163831
2263	1573	0.9969616
2263	1586	0.9773339
2263	163	0.9619485
2263	161	0.95225644
2263	1276	0.92040896
2263	1262	0.9180237
2263	1259	0.9153495
2263	494	0.8850237
2263	589	0.87187666
2263	733	0.8702196
2264	208	0.99994934
2264	1020	0.99894845
2264	62	0.9981136
2264	357	0.997763
2264	380	0.9966188
2264	7	0.9959158
2264	2616	0.9955294
2264	2393	0.9939079
2264	368	0.9905416
2264	185	0.98733795
2265	1527	0.99875313
2265	70	0.9948505
2265	1573	0.9883659
2265	1047	0.98560196
2265	95	0.98112476
2265	1220	0.9675479
2265	733	0.9137447
2265	474	0.820972
2265	2077	0.7289178
2265	2616	0.72712064
2266	2943	0.9999985
2266	678	0.99944043
2266	2908	0.9857036
2266	3178	0.9852403
2266	2611	0.9703741
2266	1584	0.96266174
2266	1188	0.87942684
2266	2966	0.87776065
2266	1094	0.8672693
2266	1280	0.8651648
2267	541	0.9982853
2267	2929	0.998069
2267	1259	0.9960731
2267	2313	0.9950156
2267	3098	0.99309695
2267	2300	0.9897774
2267	1185	0.9817935
2267	1090	0.9790689
2267	3408	0.9685722
2267	1957	0.8566726
2268	21	0.9999922
2268	745	0.9998474
2268	1500	0.9982932
2268	235	0.998034
2268	2302	0.99721044
2268	1784	0.9942014
2268	348	0.99297434
2268	2997	0.97675514
2268	2321	0.9711757
2268	1175	0.96145225
2269	1645	0.99968624
2269	344	0.99583924
2269	162	0.990204
2269	2858	0.9753151
2269	3354	0.9030535
2269	339	0.90281844
2269	1213	0.8092129
2269	1784	0.60651124
2269	17	0.5909339
2269	2572	0.5768775
2270	861	0.9881468
2270	524	0.9202999
2270	2571	0.9121918
2270	2948	0.8485608
2270	648	0.75186884
2270	1748	0.70853746
2270	1327	0.70386726
2270	1959	0.6270459
2270	3155	0.5831974
2270	2011	0.51689965
2271	1256	0.9988458
2271	2303	0.981204
2271	920	0.97818625
2271	1078	0.95510066
2271	1754	0.9331464
2271	266	0.93199843
2271	292	0.88902354
2271	2912	0.88634443
2271	2553	0.8626027
2271	1931	0.8403195
2272	1968	1.0
2272	1259	0.9999865
2272	50	0.99984354
2272	2919	0.99327374
2272	2791	0.98058903
2272	1297	0.9749716
2272	1394	0.9659663
2272	1293	0.9620665
2272	1307	0.944365
2272	3039	0.8078153
2273	3155	0.99655724
2273	3363	0.9954572
2273	345	0.994717
2273	2858	0.9869406
2273	1784	0.9862515
2273	3316	0.9685562
2273	1210	0.966718
2273	440	0.95965075
2273	1148	0.9493581
2273	1721	0.936872
2274	2100	0.9999976
2274	2162	0.9995856
2274	2105	0.9995248
2274	2872	0.9988954
2274	2140	0.9946778
2274	2968	0.941448
2274	1019	0.87851673
2274	2450	0.6618845
2274	2015	0.6271383
2274	2116	0.30874795
2275	1300	0.9961794
2275	223	0.9757699
2275	2710	0.96249974
2275	2716	0.96032524
2275	2605	0.8832511
2275	3120	0.86988866
2275	3219	0.85859275
2275	2858	0.8073424
2275	2375	0.7979413
2275	2757	0.63190055
2276	3105	0.9994686
2276	1358	0.9984615
2276	431	0.99810433
2276	1673	0.9971231
2276	1393	0.9967822
2276	17	0.9914342
2276	249	0.9089335
2276	1095	0.8862098
2276	608	0.8654541
2276	3148	0.8533298
2277	2997	0.9971882
2277	2501	0.9022218
2277	2028	0.6748389
2277	3156	0.5959961
2277	2324	0.59360576
2277	2762	0.54012525
2277	2384	0.50036746
2277	1704	0.22354794
2277	3408	0.14458743
2277	3255	0.13376758
2278	968	0.99969494
2278	2827	0.99871063
2278	2712	0.99578774
2278	1206	0.9611931
2278	3005	0.95121026
2278	1259	0.9509845
2278	2722	0.9170282
2278	2657	0.87363017
2278	3174	0.7825264
2278	2770	0.77985984
2279	1674	0.9994268
2279	1240	0.99927753
2279	1307	0.99853235
2279	1199	0.99647295
2279	592	0.9962292
2279	1982	0.9960544
2279	1259	0.9947541
2279	3029	0.9870409
2279	3152	0.986612
2279	3067	0.98029596
2280	3181	0.9999784
2280	524	0.99958134
2280	2455	0.9983239
2280	892	0.9977354
2280	3060	0.99206233
2280	1171	0.98319054
2280	1641	0.98124623
2280	235	0.97551095
2280	2966	0.95002687
2280	551	0.91595936
2281	2712	0.9990808
2281	2580	0.99562806
2281	1883	0.9925581
2281	2710	0.97473836
2281	2541	0.974561
2281	2694	0.9506835
2281	934	0.93985105
2281	785	0.88849986
2281	2759	0.8824626
2281	2706	0.7093902
2282	1377	0.99940693
2282	1527	0.9989369
2282	112	0.9901885
2282	2634	0.9785584
2282	380	0.97487414
2282	1584	0.9594198
2282	2858	0.95318615
2282	737	0.9518864
2282	2532	0.9447119
2282	1518	0.93451345
2283	1244	0.9895277
2283	2683	0.98887813
2283	193	0.9694642
2283	2355	0.87920433
2283	2396	0.84771776
2283	2333	0.79462886
2283	2712	0.47553498
2283	1197	0.4290744
2283	2707	0.42138115
2283	2710	0.39930582
2284	1253	0.9995933
2284	405	0.9961628
2284	750	0.9929323
2284	2553	0.9726225
2284	282	0.9498391
2284	2205	0.94718957
2284	2232	0.93714863
2284	1175	0.92608404
2284	1653	0.9244707
2284	3417	0.9244436
2285	2858	0.97232544
2285	953	0.9487344
2285	919	0.90994054
2285	2313	0.8958862
2285	587	0.79049516
2285	920	0.7792748
2285	1682	0.60687673
2285	318	0.5852928
2285	1907	0.50056285
2285	1608	0.483424
2286	2580	0.9999988
2286	2694	0.78663516
2286	2502	0.7864911
2286	2605	0.77898085
2286	233	0.7546017
2286	2976	0.6488563
2286	2395	0.57178265
2286	2188	0.3952888
2286	2355	0.2901806
2286	2987	0.16513878
2287	3062	0.9998967
2287	1250	0.9994571
2287	1196	0.9881388
2287	1927	0.97923744
2287	991	0.87455976
2287	1960	0.8474568
2287	3406	0.8362423
2287	1203	0.8141375
2287	260	0.67611635
2287	1262	0.63787675
2288	1230	0.9997703
2288	1265	0.9935634
2288	1584	0.9842452
2288	2109	0.9673768
2288	2004	0.96280783
2288	69	0.94111353
2288	1	0.9351206
2288	1094	0.929379
2288	1499	0.902817
2288	3404	0.8548569
2289	1028	0.9999993
2289	1032	0.9999993
2289	2078	0.9996277
2289	1035	0.98397636
2289	1947	0.96760184
2289	920	0.8123799
2289	899	0.7768732
2289	364	0.71741694
2289	1088	0.70003307
2289	1207	0.54423755
2290	3255	0.999667
2290	1188	0.9978547
2290	2268	0.9910866
2290	2080	0.988214
2290	999	0.9854541
2290	2948	0.9841196
2290	2302	0.9795994
2290	1246	0.9782281
2290	57	0.9525279
2290	3072	0.9512145
2291	3175	0.9995409
2291	107	0.9982099
2291	1374	0.99779844
2291	1291	0.98783636
2291	733	0.97734755
2291	3157	0.9496788
2291	986	0.9470906
2291	380	0.87405384
2291	455	0.8433249
2291	2640	0.8329705
2292	1221	0.96514773
2292	60	0.6065057
2292	316	0.1991761
2292	1201	0.18861562
2292	2916	0.14809212
2292	648	0.14568967
2292	2951	0.109087974
2292	780	0.071552575
2292	2858	0.045255452
2292	2949	0.03882876
2293	235	0.9998334
2293	1276	0.99981093
2293	2194	0.9948784
2293	34	0.9942158
2293	3061	0.9503424
2293	2064	0.94407254
2293	2427	0.94299185
2293	2291	0.9059902
2293	3083	0.8664609
2293	50	0.86544394
2294	1104	0.9991646
2294	1207	0.9990961
2294	954	0.99744666
2294	953	0.98894167
2294	1287	0.9867948
2294	1283	0.9863858
2294	1246	0.9790975
2294	2565	0.9571836
2294	940	0.95370305
2294	928	0.94007087
2295	1214	0.9990809
2295	999	0.9691682
2295	1503	0.9255319
2295	1518	0.89495194
2295	1608	0.8783244
2295	1515	0.5746426
2295	1240	0.43015283
2295	2993	0.41376635
2295	1626	0.38945112
2295	1389	0.2547983
2296	1562	0.9866129
2296	2706	0.83622086
2296	2949	0.8279265
2296	2791	0.6071887
2296	1197	0.5610375
2296	1356	0.49038988
2296	3359	0.3920725
2296	3160	0.35699886
2296	589	0.26957417
2296	648	0.23863044
2297	1204	0.9993994
2297	913	0.9863563
2297	1949	0.963479
2297	1196	0.77816373
2297	3006	0.7677461
2297	1387	0.69838595
2297	2949	0.52715325
2297	1201	0.4986952
2297	1704	0.43743747
2297	2993	0.40356055
2298	2719	0.9994705
2298	2699	0.99931765
2298	3238	0.9613079
2298	1527	0.8747277
2298	3005	0.8695204
2298	2390	0.8554422
2298	2827	0.79296374
2298	3072	0.7575137
2298	3203	0.6566268
2298	3176	0.6495239
2299	1527	0.9999995
2299	1374	0.9999056
2299	1097	0.99963653
2299	1391	0.99914026
2299	1876	0.997184
2299	1356	0.99371845
2299	1690	0.984706
2299	1214	0.96587825
2299	377	0.96126485
2299	2407	0.95926476
2300	1240	0.9987544
2300	2947	0.9863633
2300	1610	0.89318216
2300	589	0.54278076
2300	380	0.41356927
2300	1307	0.3986885
2300	678	0.37072736
2300	1242	0.35055363
2300	1200	0.29657423
2300	1214	0.2264969
2301	1189	0.9999629
2301	306	0.98487115
2301	522	0.969959
2301	3083	0.9547786
2301	3007	0.95345306
2301	2064	0.9477856
2301	1259	0.9423273
2301	246	0.92754984
2301	661	0.9034051
2301	1131	0.8716732
2302	1197	0.9999666
2302	552	0.9996107
2302	21	0.9985399
2302	1320	0.9954467
2302	2353	0.99537283
2302	1580	0.9942025
2302	1954	0.99389344
2302	3107	0.98173404
2302	1036	0.95614636
2302	2396	0.9459876
2303	1210	0.9995712
2303	1291	0.9995604
2303	1196	0.9986213
2303	3082	0.9981221
2303	2391	0.99549806
2303	3421	0.9514738
2303	3147	0.9414867
2303	1320	0.9357122
2303	1527	0.9113356
2303	1265	0.9004343
2304	1883	0.99987006
2304	3255	0.9959569
2304	2531	0.95485044
2304	587	0.9473571
2304	1959	0.9449699
2304	364	0.8866904
2304	1019	0.87958235
2304	24	0.8449981
2304	3039	0.8315426
2304	799	0.7921738
2305	1265	0.99962497
2305	440	0.9968455
2305	2359	0.996122
2305	223	0.9909216
2305	45	0.9907473
2305	3317	0.9894897
2305	2146	0.98857355
2305	441	0.9875779
2305	1485	0.9732466
2305	372	0.9627998
2306	919	0.99934304
2306	1500	0.9971392
2306	1188	0.9965525
2306	899	0.9961094
2306	1028	0.9950299
2306	2276	0.9923302
2306	28	0.9920925
2306	497	0.9917979
2306	1680	0.99177
2306	2398	0.97830415
2307	2890	0.99999225
2307	1449	0.9999125
2307	2427	0.99981093
2307	2391	0.9847958
2307	2115	0.9839212
2307	58	0.977524
2307	1249	0.97250605
2307	1965	0.97100675
2307	318	0.9694567
2307	2529	0.9457471
2308	2336	0.99999964
2308	2433	0.9999995
2308	2605	0.99910843
2308	2688	0.998865
2308	3005	0.99211276
2308	2706	0.96956366
2308	3157	0.9674742
2308	785	0.95710665
2308	2997	0.9418648
2308	1270	0.9354996
2309	1183	0.9989289
2309	2728	0.9908333
2309	1043	0.97899234
2309	265	0.9276936
2309	539	0.9026475
2309	919	0.89902425
2309	440	0.8069829
2309	1094	0.60179543
2309	2881	0.45110697
2309	953	0.43558386
2310	1270	0.9998496
2310	1961	0.99710053
2310	1185	0.9907707
2310	1198	0.9850396
2310	2918	0.9483715
2310	2022	0.9463823
2310	2968	0.93014795
2310	1228	0.91009986
2310	3039	0.91002464
2310	1189	0.8769822
2311	1198	0.9954742
2311	1961	0.9833375
2311	2947	0.96156216
2311	2687	0.96084976
2311	2922	0.82548934
2311	1061	0.7197732
2311	1193	0.7014613
2311	3087	0.2709779
2311	1097	0.25032637
2311	1201	0.12397173
2312	2407	0.9998672
2312	2011	0.99930453
2312	1373	0.9968207
2312	1079	0.9799594
2312	1374	0.9688248
2312	2456	0.59047174
2312	3175	0.5275405
2312	3248	0.37612367
2312	589	0.35374674
2312	1097	0.33042252
2313	1200	0.99968874
2313	1253	0.99532866
2313	1214	0.9908665
2313	589	0.9863285
2313	902	0.9618577
2313	1127	0.8695863
2313	1247	0.7815934
2313	1210	0.55041236
2313	24	0.483084
2313	1084	0.38846344
2314	2707	0.99494886
2314	1193	0.8577961
2314	2336	0.56475896
2314	2572	0.36930403
2314	3053	0.21360123
2314	3005	0.18651953
2314	3298	0.18586087
2314	3006	0.18269125
2314	3178	0.1740444
2314	1784	0.094002664
2315	290	0.99581236
2315	858	0.98890865
2315	2167	0.980891
2315	932	0.9807352
2315	926	0.9534732
2315	1214	0.95345795
2315	2539	0.9481635
2315	527	0.48532757
2315	62	0.43453407
2315	1193	0.3817158
2316	1378	0.9998479
2316	2476	0.97063744
2316	1610	0.9440999
2316	2371	0.9427184
2316	2378	0.9410018
2316	2989	0.9396113
2316	266	0.9213482
2316	1727	0.911394
2316	2085	0.9019102
2316	2890	0.84959173
2317	2706	0.9957369
2317	2712	0.9687791
2317	3005	0.966021
2317	3408	0.93524194
2317	2888	0.8347931
2317	2710	0.8178861
2317	2718	0.63968885
2317	3147	0.5484571
2317	2762	0.39421526
2317	2605	0.3777039
2318	2505	0.9999802
2318	3354	0.9945303
2318	3153	0.97840583
2318	3250	0.94154906
2318	2846	0.9379318
2318	1269	0.8268413
2318	2748	0.6925082
2318	2311	0.6588693
2318	34	0.62456244
2318	1200	0.5995159
2319	1588	0.97127056
2319	1015	0.94070584
2319	3201	0.9345938
2319	60	0.91978025
2319	2057	0.8554057
2319	3156	0.7579913
2319	1552	0.6893496
2319	2916	0.648358
2319	434	0.623507
2319	2429	0.5818986
2320	497	0.99999976
2320	2542	0.9996549
2320	1265	0.9946716
2320	1784	0.9931721
2320	2622	0.99214935
2320	3316	0.9768039
2320	232	0.971444
2320	2926	0.9688897
2320	3363	0.96548045
2320	2863	0.8886783
2321	1517	0.99726546
2321	1476	0.9950392
2321	2918	0.9922173
2321	3250	0.9846145
2321	3210	0.97074735
2321	1569	0.9629129
2321	1259	0.9576297
2321	2580	0.95692766
2321	852	0.956813
2321	1079	0.8704834
2322	2683	0.9999434
2322	2336	0.9982967
2322	2827	0.99802125
2322	50	0.9974635
2322	2710	0.9953577
2322	1513	0.9537461
2322	2598	0.95226216
2322	593	0.78190434
2322	2541	0.7401267
2322	2763	0.66990227
2323	1449	0.9995674
2323	3253	0.9975646
2323	1307	0.99374354
2323	1186	0.9936112
2323	1090	0.99084866
2323	2174	0.9874733
2323	1127	0.9871327
2323	1206	0.9823636
2323	3098	0.96562415
2323	1218	0.95742184
2324	1203	1.0
2324	1953	0.99765044
2324	1086	0.99631476
2324	1231	0.9936255
2324	1956	0.99163955
2324	515	0.9805263
2324	1957	0.97588134
2324	904	0.9614188
2324	3101	0.9490942
2324	26	0.94426024
2325	223	0.9982865
2325	527	0.9391073
2325	2369	0.6004806
2325	2336	0.53793406
2325	2188	0.036921978
2325	480	0.029743075
2325	3159	0.018764108
2325	724	0.009610087
2325	2712	0.007935405
2325	3005	0.007918775
2326	3157	0.97598344
2326	3175	0.96571964
2326	480	0.9568263
2326	3082	0.9308541
2326	2500	0.8707523
2326	2093	0.6899051
2326	3081	0.67571557
2326	2518	0.57925934
2326	1739	0.5683246
2326	3113	0.46557477
2327	2916	0.99935484
2327	260	0.9990767
2327	457	0.9790198
2327	2762	0.9434658
2327	1610	0.8880565
2327	110	0.8832208
2327	208	0.87656826
2327	1210	0.7127751
2327	1370	0.56730753
2327	1552	0.44441414
2328	420	0.99039197
2328	110	0.8563483
2328	908	0.8541341
2328	3148	0.7966391
2328	920	0.6730262
2328	333	0.46745384
2328	2529	0.34570324
2328	480	0.1991092
2328	527	0.18518609
2328	1673	0.15344444
2329	2057	0.9959934
2329	558	0.98044544
2329	2996	0.95483816
2329	2653	0.9217926
2329	2899	0.91546166
2329	908	0.8622427
2329	2208	0.8426973
2329	2087	0.8404062
2329	3096	0.8381766
2329	2622	0.8149444
2330	1909	0.9986063
2330	1965	0.9978791
2330	2968	0.99696255
2330	329	0.9924407
2330	1200	0.9789971
2330	2046	0.9585023
2330	2792	0.9572159
2330	1206	0.91564214
2330	2531	0.89084464
2330	1253	0.74709743
2331	2908	0.99975073
2331	527	0.99742794
2331	3408	0.9965872
2331	1095	0.99618375
2331	2492	0.99201477
2331	1673	0.97947073
2331	144	0.97743726
2331	593	0.97007275
2331	508	0.9665333
2331	2324	0.9481716
2332	3011	0.9981399
2332	1247	0.9696581
2332	2067	0.9686996
2332	1252	0.95449275
2332	902	0.94091195
2332	2950	0.92882526
2332	1617	0.8708605
2332	2728	0.6444072
2332	971	0.622571
2332	111	0.450976
2333	47	0.99874413
2333	3102	0.9986639
2333	1747	0.99855655
2333	3418	0.9980751
2333	1343	0.9977133
2333	1148	0.9896862
2333	800	0.96551615
2333	1210	0.86738
2333	474	0.8173182
2333	539	0.78010845
2334	1263	0.9998306
2334	364	0.9957106
2334	440	0.9944624
2334	2384	0.9570695
2334	17	0.94233847
2334	1721	0.9402585
2334	356	0.9055256
2334	1801	0.9034939
2334	2374	0.89593375
2334	1094	0.8667929
2335	1617	0.9995384
2335	750	0.99910176
2335	2010	0.9968454
2335	2985	0.99509835
2335	160	0.98339903
2335	2182	0.9709623
2335	2467	0.9111974
2335	589	0.899278
2335	648	0.8153061
2335	1221	0.80233586
2336	260	0.99964714
2336	589	0.9974762
2336	1214	0.9820273
2336	2288	0.9075937
2336	1036	0.87437093
2336	1222	0.8554871
2336	542	0.8470938
2336	2028	0.82731485
2336	1197	0.45768565
2336	1954	0.3648607
2337	1584	0.9995264
2337	588	0.9988202
2337	2125	0.9984264
2337	440	0.99769354
2337	780	0.9946519
2337	3255	0.95985085
2337	318	0.9482677
2337	1408	0.94160795
2337	377	0.9092201
2337	2763	0.9040985
2338	1373	0.99944973
2338	2019	0.9961759
2338	1206	0.9952099
2338	3156	0.97793764
2338	3296	0.9773971
2338	1230	0.97071254
2338	1950	0.9497509
2338	2672	0.90359044
2338	2012	0.82474613
2338	379	0.78938794
2339	858	1.0
2339	920	0.9674411
2339	1196	0.93868446
2339	3168	0.9382411
2339	104	0.9320394
2339	1304	0.6347249
2339	1084	0.61865056
2339	1207	0.61231005
2339	508	0.37316287
2339	2728	0.37172595
2340	1721	0.99904156
2340	1208	0.9971047
2340	2291	0.9968521
2340	838	0.99681836
2340	2020	0.9664932
2340	1950	0.96493816
2340	1080	0.9334029
2340	898	0.9012748
2340	1230	0.89213574
2340	1211	0.8651611
2341	2531	0.9995352
2341	2291	0.999282
2341	1259	0.99908674
2341	3072	0.9906991
2341	2792	0.9843422
2341	1097	0.9649471
2341	541	0.95917195
2341	2657	0.947
2341	2759	0.93030477
2341	235	0.9211562
2342	524	0.996505
2342	1080	0.9894477
2342	839	0.8180252
2342	1206	0.7835154
2342	260	0.7731298
2342	1228	0.707563
2342	1969	0.6966276
2342	1224	0.68796325
2342	1248	0.6517609
2342	1240	0.61943
2343	2096	0.9999689
2343	901	0.9998847
2343	935	0.9997168
2343	2941	0.9996803
2343	919	0.9993707
2343	1032	0.8688221
2343	2080	0.6950338
2343	914	0.6529105
2343	932	0.35428303
2343	1270	0.31078088
2344	3053	0.9945731
2344	1372	0.97087854
2344	2502	0.9676051
2344	1198	0.9416729
2344	2699	0.9243033
2344	1197	0.9164858
2344	2094	0.8568547
2344	1199	0.80892265
2344	1356	0.7965232
2344	2968	0.7940575
2345	1185	0.9269013
2345	593	0.9177693
2345	111	0.9073813
2345	609	0.9033153
2345	1744	0.8734478
2345	1206	0.7807592
2345	1041	0.7658331
2345	3217	0.7158267
2345	527	0.6530077
2345	318	0.65034264
2346	2565	0.9999332
2346	919	0.9997959
2346	1947	0.99965155
2346	914	0.99937576
2346	938	0.99555504
2346	2857	0.995093
2346	918	0.98835635
2346	2971	0.8980752
2346	2115	0.84964657
2346	2863	0.84460425
2347	1198	0.99996555
2347	1387	0.9990856
2347	1214	0.99707377
2347	969	0.9723786
2347	1240	0.9290972
2347	3418	0.92556536
2347	1193	0.92161727
2347	2916	0.8746363
2347	1196	0.84521115
2347	920	0.78918993
2348	1222	0.995409
2348	1954	0.99296093
2348	1959	0.99123645
2348	1199	0.97364223
2348	2346	0.9656055
2348	1376	0.9214524
2348	2078	0.8657851
2348	1259	0.865785
2348	1231	0.85259044
2348	2747	0.83766973
2349	2028	0.9982257
2349	1200	0.9964005
2349	1617	0.9887067
2349	1610	0.9514441
2349	2011	0.88211036
2349	2662	0.87953234
2349	1215	0.7173352
2349	1204	0.57060117
2349	1212	0.5313715
2349	2455	0.52787113
2350	2324	0.99752927
2350	1197	0.9804694
2350	3114	0.9774482
2350	1037	0.97129965
2350	596	0.9712057
2350	466	0.9594796
2350	442	0.954613
2350	1207	0.9305346
2350	172	0.89350307
2350	34	0.86221576
2351	2916	0.9994624
2351	1401	0.9988267
2351	1487	0.9988053
2351	1682	0.9983928
2351	235	0.99809885
2351	2427	0.9971008
2351	39	0.9929183
2351	1120	0.9928535
2351	3108	0.96101797
2351	150	0.957991
2352	1321	0.9998077
2352	1345	0.9968765
2352	2649	0.8989103
2352	2867	0.84024596
2352	2782	0.7826899
2352	1340	0.6318941
2352	3018	0.6212267
2352	1997	0.5224302
2352	1982	0.23025063
2352	110	0.123227715
2353	922	0.9984745
2353	2324	0.9975777
2353	3111	0.99744546
2353	1097	0.99333346
2353	480	0.9924412
2353	2239	0.98693216
2353	3251	0.9850373
2353	1299	0.98493314
2353	913	0.9815595
2353	1393	0.9649887
2354	2533	0.9999607
2354	1214	0.9735588
2354	232	0.91991603
2354	1200	0.83102417
2354	2105	0.71151286
2354	3153	0.4898876
2354	2011	0.4283787
2354	2527	0.4000834
2354	24	0.34455633
2354	2641	0.2657962
2355	919	0.99526405
2355	1948	0.9951235
2355	1304	0.99079967
2355	968	0.93391836
2355	1270	0.9161917
2355	898	0.8911669
2355	1945	0.81760454
2355	951	0.79785246
2355	904	0.77511096
2355	596	0.74423265
2356	1362	0.89495337
2356	3201	0.26166356
2356	2732	0.2433362
2356	1150	0.23013598
2356	3073	0.21138537
2356	1014	0.109027386
2356	953	0.075406134
2356	678	0.04378897
2356	1097	0.04250112
2356	1196	0.03946501
2357	2858	0.96297264
2357	3301	0.6391227
2357	3354	0.46778694
2357	3298	0.2970174
2357	1704	0.085341245
2357	3252	0.057789594
2357	1673	0.04683745
2357	454	0.007871002
2357	3355	0.0073277056
2357	3098	0.007216841
2358	3113	0.87521845
2358	782	0.77502084
2358	2683	0.65667963
2358	3101	0.34623802
2358	2763	0.25823236
2358	2762	0.16724578
2358	3299	0.1661843
2358	463	0.14764556
2358	3144	0.10846591
2358	3257	0.1072028
2359	2683	0.9999705
2359	2070	0.9999269
2359	2160	0.9825381
2359	2724	0.98053217
2359	908	0.9743644
2359	1212	0.9551282
2359	2702	0.9321132
2359	1953	0.9093021
2359	1617	0.90853226
2359	2861	0.868593
2360	260	0.9932849
2360	1089	0.99125314
2360	296	0.9890803
2360	919	0.97928977
2360	1234	0.9310149
2360	1259	0.8925452
2360	3296	0.8282949
2360	480	0.7982311
2360	2517	0.7955025
2360	2000	0.7566278
2361	1270	0.9999856
2361	1196	0.9890567
2361	3210	0.9462652
2361	110	0.83172095
2361	780	0.7672724
2361	3042	0.6584967
2361	2973	0.632305
2361	541	0.6032605
2361	3186	0.58412784
2361	2518	0.56519616
2362	3255	0.9997264
2362	2302	0.99861896
2362	2174	0.9840126
2362	2683	0.85647464
2362	2706	0.84062135
2362	318	0.81592107
2362	1213	0.56365895
2362	1784	0.5474809
2362	1476	0.44478044
2362	3174	0.4440944
2363	1249	0.22024536
2363	2657	0.13239059
2363	2533	0.07044992
2363	2571	0.061610192
2363	1673	0.038995057
2363	266	0.034837425
2363	3418	0.033659518
2363	260	0.028192759
2363	1010	0.018724144
2363	1129	0.015202224
2364	1569	0.99996233
2364	3129	0.99905515
2364	1951	0.9987904
2364	920	0.99180996
2364	356	0.9194089
2364	2572	0.8913207
2364	933	0.8171849
2364	1101	0.59074724
2364	914	0.53346825
2364	1197	0.43623227
2365	2300	1.0
2365	1244	0.9935932
2365	3341	0.9844568
2365	2065	0.91404676
2365	3169	0.8352606
2365	2863	0.70113117
2365	621	0.63143325
2365	1247	0.602277
2365	902	0.441401
2365	921	0.41647428
2366	2571	0.9945994
2366	380	0.99399924
2366	292	0.99279046
2366	2463	0.94661784
2366	1552	0.87735087
2366	1608	0.5987236
2366	2916	0.5869091
2366	2791	0.5584822
2366	2797	0.49423537
2366	1210	0.45706412
2367	1573	0.9999515
2367	2028	0.99946195
2367	2096	0.9974922
2367	802	0.99484766
2367	1381	0.99096227
2367	1721	0.9644984
2367	1580	0.8565296
2367	2427	0.80187607
2367	2353	0.75522876
2367	165	0.71029544
2368	1674	0.9999994
2368	3334	0.9990051
2368	1660	0.98900604
2368	36	0.98794436
2368	1236	0.98236203
2368	1466	0.9821391
2368	110	0.97632027
2368	2890	0.9678272
2368	3308	0.96472996
2368	1957	0.959064
2369	1994	0.98844165
2369	1219	0.9730336
2369	1975	0.8801873
2369	2186	0.8092277
2369	858	0.79524255
2369	904	0.7890555
2369	924	0.59475327
2369	2565	0.45320624
2369	1997	0.35258687
2369	1196	0.33803326
2370	1304	0.9999981
2370	266	0.99896836
2370	3062	0.9963459
2370	593	0.992037
2370	1619	0.9893832
2370	553	0.9842388
2370	1294	0.9820154
2370	1221	0.98158395
2370	2951	0.953958
2370	908	0.86648846
2371	1367	0.99997604
2371	1409	0.9998883
2371	1088	0.9996958
2371	2469	0.99872744
2371	1894	0.9983556
2371	1265	0.9736133
2371	902	0.9541755
2371	2266	0.9421267
2371	7	0.8273137
2371	3206	0.79898155
2372	3147	0.9994367
2372	1704	0.9973661
2372	1719	0.9951942
2372	36	0.9815881
2372	1465	0.9722668
2372	3155	0.94613826
2372	1594	0.9361795
2372	2272	0.9092026
2372	62	0.89512384
2372	3160	0.889626
2373	1961	0.9999986
2373	3101	0.9884523
2373	2123	0.9770882
2373	2102	0.97613263
2373	2303	0.9731543
2373	3406	0.9726211
2373	2757	0.8297129
2373	3098	0.79231507
2373	2820	0.744232
2373	2136	0.67829233
2374	1294	0.99982345
2374	736	0.9994464
2374	1517	0.9946878
2374	1275	0.96338964
2374	2384	0.9570458
2374	2628	0.95254624
2374	1079	0.95153415
2374	10	0.94861424
2374	2374	0.93066406
2374	2746	0.9200149
2375	1196	0.99413013
2375	277	0.9649782
2375	1673	0.9261116
2375	1580	0.9201946
2375	2692	0.9198055
2375	1198	0.90868753
2375	2028	0.8617643
2375	1035	0.82839596
2375	3408	0.77668345
2375	2455	0.74811447
2376	1784	0.9961848
2376	481	0.9831743
2376	3100	0.9828718
2376	1678	0.970667
2376	590	0.9602664
2376	1625	0.9597266
2376	920	0.9485688
2376	1701	0.9474619
2376	1747	0.94547457
2376	2745	0.9446521
2377	1240	0.9865223
2377	1198	0.97676504
2377	2028	0.97556245
2377	1304	0.92893696
2377	920	0.8714719
2377	111	0.8423332
2377	1214	0.80719125
2377	2791	0.6931078
2377	1288	0.6478566
2377	1197	0.35967898
2378	2335	0.9999541
2378	333	0.9990158
2378	784	0.9978411
2378	3208	0.9946237
2378	1500	0.96004725
2378	380	0.89586246
2378	1777	0.87484777
2378	413	0.83015394
2378	1453	0.7692989
2378	588	0.7259042
2379	2028	0.98321235
2379	2804	0.8703422
2379	3147	0.62166476
2379	919	0.5542703
2379	920	0.45635223
2379	899	0.45073363
2379	1210	0.33387065
2379	2398	0.27317983
2379	1197	0.2575176
2379	593	0.2529311
2380	2174	0.99825025
2380	1488	0.99624735
2380	2427	0.98809505
2380	1377	0.9857431
2380	2133	0.97735655
2380	281	0.9764259
2380	368	0.9745163
2380	45	0.97365594
2380	2371	0.96380484
2380	235	0.9341606
2381	2306	0.99814916
2381	2706	0.9966477
2381	1193	0.90860236
2381	915	0.80267376
2381	933	0.7480265
2381	3096	0.6302826
2381	858	0.59492344
2381	2971	0.5806726
2381	588	0.57948375
2381	2336	0.57201463
2382	3060	0.999311
2382	2827	0.9887377
2382	1673	0.95573187
2382	1127	0.8170626
2382	2966	0.79962105
2382	1299	0.79327077
2382	1625	0.75376546
2382	3159	0.66751397
2382	648	0.6620498
2382	2291	0.58858925
2383	1079	0.9973545
2383	1307	0.9954542
2383	2997	0.9923098
2383	3253	0.9849378
2383	380	0.95334244
2383	2261	0.94996554
2383	1240	0.9421567
2383	344	0.9344366
2383	2694	0.9314635
2383	39	0.9227989
2384	2294	0.99945915
2384	1	0.999073
2384	1021	0.99833035
2384	1608	0.9899726
2384	2699	0.989181
2384	595	0.9444348
2384	786	0.9240968
2384	2082	0.7867789
2384	377	0.71431506
2384	589	0.48412743
2385	805	0.9985089
2385	1721	0.9401909
2385	370	0.9312192
2385	527	0.92649806
2385	2694	0.52591056
2385	1608	0.5052982
2385	2605	0.31565237
2385	2628	0.30382484
2385	145	0.29763484
2385	2269	0.24829423
2386	1028	0.99963504
2386	2899	0.9986607
2386	3396	0.9954783
2386	2078	0.99483466
2386	924	0.9903827
2386	919	0.9899385
2386	1024	0.96600914
2386	107	0.9385006
2386	3397	0.9338085
2386	2048	0.9304557
2387	2329	0.99998546
2387	296	0.999256
2387	3006	0.9930466
2387	673	0.96411586
2387	2166	0.9197702
2387	1358	0.8660822
2387	3359	0.72430664
2387	1680	0.6981168
2387	380	0.68759775
2387	2692	0.52640814
2388	2944	0.9988404
2388	1196	0.9806377
2388	589	0.94074774
2388	1036	0.89128715
2388	1198	0.8755504
2388	1214	0.6716995
2388	110	0.6337877
2388	1291	0.3979056
2388	2571	0.38915876
2388	1200	0.27804166
2389	1219	0.9997529
2389	2866	0.99861383
2389	1223	0.9975767
2389	247	0.987425
2389	1294	0.9864067
2389	2336	0.98519695
2389	1673	0.9843186
2389	1292	0.9821557
2389	1266	0.9804616
2389	2997	0.97976834
2390	339	0.98028105
2390	3247	0.971785
2390	3255	0.9565573
2390	1441	0.8335576
2390	1265	0.6326345
2390	11	0.5194586
2390	2321	0.5111365
2390	2006	0.5088909
2390	252	0.47910354
2390	1883	0.33917493
2391	1969	0.9957657
2391	593	0.9903102
2391	2455	0.9882842
2391	2529	0.9722365
2391	587	0.97191787
2391	2531	0.895556
2391	1976	0.8861728
2391	480	0.7319718
2391	551	0.6011886
2391	678	0.5506636
2392	2683	0.9963722
2392	3072	0.9773636
2392	2433	0.92930746
2392	2710	0.8952013
2392	2630	0.69691104
2392	3083	0.6799123
2392	2770	0.51057345
2392	2434	0.47107053
2392	3005	0.2784431
2392	2324	0.24088112
2393	858	0.99902815
2393	1196	0.99789643
2393	1304	0.991614
2393	2529	0.9660504
2393	1136	0.9650793
2393	2347	0.9059261
2393	3081	0.87954444
2393	2762	0.8686931
2393	2333	0.8448869
2393	1911	0.81696707
2394	2797	0.99998665
2394	1777	0.9996163
2394	2100	0.99929464
2394	1285	0.99915135
2394	2133	0.998775
2394	1079	0.99488235
2394	2003	0.9661379
2394	2795	0.96286774
2394	1297	0.95975447
2394	2699	0.94849664
2395	2278	0.9999136
2395	589	0.9979462
2395	2396	0.9974483
2395	3160	0.9973025
2395	1265	0.9963738
2395	11	0.9954183
2395	2533	0.9876168
2395	733	0.98584056
2395	648	0.96611226
2395	736	0.9549799
2396	1704	0.99915063
2396	593	0.99868464
2396	1617	0.9861206
2396	920	0.98013586
2396	515	0.9463141
2396	110	0.940573
2396	457	0.91301906
2396	527	0.8589096
2396	1358	0.64730036
2396	1245	0.5865867
2397	1260	0.9988959
2397	1224	0.99697316
2397	377	0.9962146
2397	913	0.99489385
2397	1267	0.99308157
2397	858	0.9896305
2397	1537	0.98096645
2397	2376	0.9777281
2397	25	0.9761095
2397	232	0.9741591
2398	2987	0.99997985
2398	1302	0.9999659
2398	908	0.9991231
2398	1949	0.99813926
2398	1196	0.9863337
2398	978	0.98372686
2398	3095	0.97599137
2398	2574	0.94948715
2398	3219	0.92072666
2398	3108	0.9135839
2399	858	0.99838793
2399	2380	0.9204107
2399	905	0.7617439
2399	1203	0.30563843
2399	1304	0.22686335
2399	527	0.19640815
2399	1259	0.15104961
2399	2791	0.1488697
2399	906	0.12319288
2399	1219	0.122027606
2400	1350	0.9999977
2400	1333	0.9999576
2400	593	0.9987349
2400	1327	0.9957638
2400	2571	0.92710304
2400	3016	0.920979
2400	589	0.6912493
2400	1974	0.6724414
2400	1717	0.41331163
2400	1330	0.21199271
2401	2686	0.99961543
2401	2770	0.99708694
2401	2580	0.9946097
2401	3298	0.9911179
2401	2710	0.99009436
2401	2682	0.9769703
2401	2369	0.97491777
2401	2881	0.97044575
2401	1513	0.96003664
2401	927	0.9510404
2402	2011	0.9964179
2402	2021	0.9955542
2402	2968	0.9927137
2402	2126	0.9918047
2402	1584	0.9615212
2402	849	0.91660786
2402	22	0.9089434
2402	1259	0.8926302
2402	515	0.8905818
2402	1276	0.8897088
2403	112	0.9999888
2403	1210	0.99998075
2403	1275	0.99979717
2403	3256	0.99979466
2403	3354	0.99924
2403	3316	0.994141
2403	3107	0.98494625
2403	1722	0.9443798
2403	653	0.93404245
2403	1028	0.93252504
2404	1210	0.99746364
2404	1060	0.9945663
2404	589	0.9808138
2404	293	0.91616046
2404	1620	0.8112157
2404	529	0.7651824
2404	266	0.7616115
2404	2001	0.7463048
2404	1500	0.6810541
2404	866	0.6728934
2405	2478	0.9999039
2405	2943	0.9899707
2405	1097	0.98754156
2405	593	0.95716494
2405	1198	0.9525379
2405	2918	0.93495053
2405	2406	0.91684157
2405	1203	0.8731634
2405	2167	0.801291
2405	2628	0.7979229
2406	296	0.9996196
2406	7	0.9993464
2406	1721	0.9974635
2406	1955	0.99498624
2406	1393	0.9938346
2406	1225	0.9935719
2406	2671	0.98971474
2406	1918	0.9895958
2406	1682	0.9774285
2406	2268	0.9345966
2407	1269	0.999598
2407	3196	0.9988934
2407	919	0.9912913
2407	1235	0.98407614
2407	2973	0.96801925
2407	1387	0.94734925
2407	1952	0.93487436
2407	3421	0.92928845
2407	1234	0.9268389
2407	1086	0.9170746
2408	1459	0.99999547
2408	1252	0.9996551
2408	608	0.99444747
2408	2764	0.9885267
2408	3316	0.9788141
2408	1610	0.96502185
2408	373	0.9632205
2408	647	0.9627453
2408	350	0.9445455
2408	164	0.90530604
2409	1307	0.9996107
2409	2194	0.9949764
2409	1036	0.99138165
2409	1968	0.9886481
2409	587	0.9820286
2409	2371	0.96508765
2409	2406	0.9640653
2409	3104	0.9631728
2409	2352	0.9604504
2409	1259	0.94335115
2410	36	0.9993894
2410	300	0.9991298
2410	3246	0.99822587
2410	926	0.9980494
2410	953	0.997724
2410	1949	0.992545
2410	1097	0.9875752
2410	3359	0.9800304
2410	1090	0.97858393
2410	1096	0.96838987
2411	2716	0.9998195
2411	349	0.99935186
2411	24	0.99651235
2411	1527	0.9944972
2411	1278	0.9631413
2411	1967	0.94330573
2411	2701	0.9214998
2411	3261	0.92028457
2411	2706	0.89762944
2411	1179	0.879866
2412	1304	0.9893589
2412	1233	0.58276707
2412	1198	0.55281717
2412	2427	0.50015634
2412	1196	0.29373503
2412	1961	0.1751031
2412	1366	0.11161712
2412	2524	0.099421054
2412	1240	0.078210294
2412	2529	0.046575367
2413	2826	0.9822765
2413	247	0.97692907
2413	593	0.9369398
2413	1922	0.9064337
2413	2023	0.81457865
2413	1468	0.8114873
2413	1100	0.76865184
2413	1608	0.52081287
2413	1654	0.517197
2413	145	0.38266382
2414	47	0.9995024
2414	1080	0.99742115
2414	1198	0.9971833
2414	3361	0.99226385
2414	440	0.98177284
2414	2125	0.97922176
2414	1206	0.97860074
2414	2046	0.96744984
2414	953	0.9647267
2414	2140	0.9556625
2415	782	0.9994701
2415	2505	0.9977039
2415	1503	0.98875815
2415	1089	0.9554148
2415	2889	0.9502553
2415	1203	0.83739555
2415	593	0.8367771
2415	2871	0.8036865
2415	1092	0.7703751
2415	431	0.71613425
2416	151	0.9999951
2416	3081	0.9999206
2416	1233	0.9998901
2416	2826	0.9983077
2416	1228	0.98721886
2416	110	0.98180234
2416	498	0.91721964
2416	2572	0.9058964
2416	480	0.90537
2416	2428	0.9027624
2417	1276	0.99995923
2417	3396	0.9933685
2417	1010	0.9870262
2417	1073	0.98455435
2417	1304	0.97813916
2417	1	0.95716727
2417	1278	0.9537337
2417	1219	0.9524513
2417	2078	0.9279424
2417	2657	0.8801981
2418	1353	0.9991621
2418	248	0.99692655
2418	236	0.9944686
2418	2506	0.99273264
2418	586	0.99210125
2418	2302	0.99180603
2418	141	0.98888904
2418	1457	0.98701787
2418	1569	0.9852015
2418	3157	0.9454931
2419	2144	0.9990705
2419	2889	0.99354255
2419	953	0.8737325
2419	2694	0.84437245
2419	1608	0.84254974
2419	1625	0.8423948
2419	1552	0.839772
2419	780	0.7688271
2419	1476	0.76681244
2419	2699	0.73358136
2420	1036	0.99934435
2420	1608	0.997396
2420	1387	0.9968176
2420	1610	0.98175466
2420	474	0.9789295
2420	593	0.97825813
2420	457	0.9434563
2420	110	0.9336548
2420	940	0.93286693
2420	2400	0.9043373
2421	1127	0.99189866
2421	1653	0.9817301
2421	1097	0.8738322
2421	2363	0.8358706
2421	924	0.7940291
2421	2553	0.7355591
2421	1253	0.72057176
2421	2527	0.46621263
2421	593	0.3908674
2421	1573	0.36411804
2422	745	0.99932873
2422	1968	0.9966916
2422	3072	0.9913652
2422	3157	0.96851337
2422	441	0.73104346
2422	1617	0.70684195
2422	2301	0.6861617
2422	3101	0.6638018
2422	2151	0.63872087
2422	527	0.5848927
2423	1408	0.98962355
2423	899	0.97966397
2423	3244	0.9556086
2423	2396	0.9062158
2423	2565	0.8582858
2423	3365	0.8503909
2423	151	0.80696106
2423	919	0.80435
2423	2406	0.63974667
2423	1455	0.6252689
2424	2455	0.9999812
2424	2023	0.9998146
2424	1291	0.9996388
2424	21	0.9991826
2424	380	0.99900025
2424	2427	0.9969865
2424	2000	0.9964689
2424	2058	0.99643725
2424	2881	0.9963151
2424	1220	0.9939677
2425	3256	0.9952103
2425	1240	0.9847005
2425	2797	0.97038496
2425	110	0.95083797
2425	296	0.8732016
2425	1722	0.8667271
2425	2353	0.8589359
2425	2987	0.82548255
2425	736	0.8004383
2425	3114	0.7205595
2426	1193	0.99999344
2426	111	0.9998838
2426	3135	0.99661064
2426	1084	0.9957802
2426	1207	0.9624845
2426	3359	0.9548419
2426	1208	0.90892005
2426	920	0.8392589
2426	1228	0.73042756
2426	2866	0.6120369
2427	2687	0.99998057
2427	3051	0.9998509
2427	1033	0.9980489
2427	595	0.99752
2427	3409	0.9942006
2427	2137	0.98823893
2427	2761	0.98282534
2427	2724	0.91604793
2427	1282	0.9023223
2427	3328	0.82102644
2428	1162	0.99103665
2428	1441	0.9882599
2428	1367	0.9539561
2428	345	0.9509409
2428	1747	0.83592534
2428	440	0.8239416
2428	1307	0.7797649
2428	1304	0.7721815
2428	951	0.7527437
2428	2248	0.73428166
2429	1193	0.9999235
2429	11	0.9999118
2429	1199	0.9998727
2429	1200	0.9989356
2429	1321	0.9977426
2429	2268	0.99727124
2429	858	0.995551
2429	2409	0.9912881
2429	1393	0.9819714
2429	3210	0.97188836
2430	2791	0.9982413
2430	110	0.9928736
2430	2378	0.96409917
2430	1270	0.92909586
2430	2916	0.88547575
2430	349	0.7227551
2430	1527	0.6153736
2430	1210	0.5333049
2430	1196	0.42979228
2430	1259	0.34322137
2431	1784	0.99309593
2431	3101	0.94594455
2431	920	0.92698324
2431	1682	0.91714287
2431	3147	0.84484303
2431	2565	0.8004123
2431	2268	0.5559447
2431	1909	0.53646666
2431	3418	0.40266937
2431	2329	0.3445163
2432	2287	0.9999114
2432	2762	0.99970275
2432	1198	0.99938
2432	1214	0.998634
2432	1196	0.99826324
2432	1240	0.9970584
2432	1200	0.9907529
2432	1127	0.9882914
2432	1222	0.98766017
2432	589	0.98701775
2433	2797	0.9994061
2433	2716	0.99788964
2433	2858	0.9807373
2433	3087	0.97373474
2433	1097	0.9616741
2433	1196	0.95757926
2433	1265	0.9442538
2433	3361	0.9341501
2433	32	0.93225396
2433	1	0.9066123
2434	2997	0.57710254
2434	1219	0.5127477
2434	2858	0.5081225
2434	145	0.25959694
2434	3002	0.25584382
2434	2599	0.08428201
2434	1285	0.04896474
2434	2706	0.045236766
2434	2028	0.0451594
2434	2959	0.036578238
2435	1100	0.99709463
2435	1200	0.99668527
2435	377	0.9886508
2435	1343	0.9753137
2435	507	0.9418969
2435	2278	0.92987907
2435	648	0.91509247
2435	480	0.83723557
2435	2411	0.83221364
2435	1408	0.82213926
2436	1320	0.9962486
2436	2915	0.99364305
2436	3114	0.99064183
2436	1573	0.9807793
2436	1953	0.97106516
2436	2995	0.9690162
2436	2133	0.9651568
2436	3210	0.922879
2436	1674	0.9214467
2436	1597	0.9184517
2437	260	0.994902
2437	1408	0.9851241
2437	608	0.95480645
2437	2012	0.9385997
2437	2122	0.9213758
2437	1222	0.9128792
2437	2997	0.818354
2437	1617	0.7976359
2437	924	0.7397575
2437	2571	0.69374365
2438	954	0.9967166
2438	1097	0.99436116
2438	265	0.9879992
2438	2268	0.9875932
2438	1884	0.9820013
2438	2858	0.97778475
2438	2053	0.9760814
2438	1373	0.97393095
2438	1923	0.9688725
2438	2746	0.96290326
2439	1643	0.9995515
2439	266	0.99933845
2439	3044	0.9987005
2439	1100	0.9969276
2439	480	0.9958314
2439	1777	0.96541464
2439	1593	0.9649076
2439	539	0.87862724
2439	1265	0.8583949
2439	474	0.8192777
2440	2241	0.94319487
2440	2699	0.93908113
2440	1395	0.93233806
2440	2526	0.63450974
2440	2622	0.5729082
2440	1167	0.47828972
2440	2757	0.46165624
2440	2753	0.44298857
2440	3028	0.4003654
2440	2029	0.34238335
2441	1092	0.96903026
2441	1459	0.96591747
2441	1597	0.83204913
2441	924	0.8016751
2441	22	0.7933517
2441	480	0.6924658
2441	3176	0.65935
2441	1252	0.6370045
2441	1909	0.58333343
2441	1129	0.43791652
2442	594	0.85043514
2442	1029	0.63185394
2442	1022	0.5388987
2442	1097	0.26328385
2442	1416	0.20836282
2442	3259	0.20143116
2442	900	0.08242148
2442	596	0.08052924
2442	954	0.06609383
2442	2728	0.06107104
2443	380	0.88728535
2443	11	0.85997176
2443	357	0.7830945
2443	1196	0.44471243
2443	368	0.391021
2443	2424	0.3457833
2443	2716	0.31132674
2443	2321	0.2595316
2443	3263	0.23174125
2443	1097	0.18187806
2444	2279	0.9999793
2444	1029	0.9912088
2444	364	0.96777683
2444	2710	0.93853295
2444	1603	0.9119966
2444	2606	0.8881761
2444	1198	0.82196176
2444	2377	0.8146214
2444	2367	0.78118837
2444	2122	0.7256502
2445	1552	0.9997528
2445	780	0.9896107
2445	736	0.98431194
2445	1499	0.9540215
2445	2334	0.918625
2445	208	0.90004843
2445	145	0.8526056
2445	2991	0.8367384
2445	1275	0.8294374
2445	593	0.82376665
2446	2804	0.997324
2446	431	0.9966076
2446	1719	0.99593294
2446	2657	0.9955828
2446	1584	0.9906761
2446	2110	0.9878347
2446	2706	0.9870453
2446	1379	0.98462117
2446	1374	0.98199576
2446	2072	0.98043925
2447	2470	0.9998333
2447	1136	0.9761827
2447	1663	0.96462786
2447	2797	0.9328289
2447	1079	0.877736
2447	2111	0.7888046
2447	1073	0.78180635
2447	3396	0.762224
2447	2100	0.7126132
2447	1394	0.69309014
2448	1221	0.99766463
2448	150	0.95784
2448	2944	0.94954395
2448	2539	0.948949
2448	2858	0.6835279
2448	2723	0.67335576
2448	1213	0.5414823
2448	1196	0.5410037
2448	3256	0.45226476
2448	1240	0.4234562
2449	480	0.98606414
2449	3301	0.9175674
2449	2791	0.75095963
2449	1580	0.6418865
2449	2948	0.54943645
2449	3118	0.4971231
2449	1721	0.27965653
2449	1203	0.25589067
2449	2028	0.21650043
2449	2291	0.17728871
2450	858	0.93581927
2450	1393	0.82475805
2450	318	0.77897584
2450	265	0.7781298
2450	608	0.60874015
2450	1968	0.31248546
2450	678	0.30956236
2450	527	0.2484721
2450	2023	0.23844132
2450	111	0.23045504
2451	909	0.99368006
2451	2288	0.9930837
2451	380	0.9923557
2451	2539	0.9921025
2451	232	0.9914413
2451	2311	0.9871092
2451	1962	0.98697853
2451	165	0.97442865
2451	2827	0.9744148
2451	2699	0.96587944
2452	3101	0.99902546
2452	110	0.9883745
2452	3287	0.6851963
2452	1036	0.6782401
2452	1573	0.65143746
2452	356	0.6391661
2452	782	0.6176755
2452	3301	0.5494636
2452	2571	0.44955224
2452	319	0.30793497
2453	2762	0.9988471
2453	1732	0.9982238
2453	628	0.9926207
2453	1792	0.99047244
2453	1597	0.98558825
2453	520	0.95188814
2453	163	0.9437347
2453	2334	0.8731146
2453	480	0.82796884
2453	2770	0.7424669
2454	368	0.99959505
2454	1722	0.9993466
2454	10	0.99771714
2454	316	0.9949328
2454	736	0.99307406
2454	1584	0.9927206
2454	107	0.9925505
2454	511	0.9919369
2454	2899	0.98289794
2454	552	0.97841144
2455	2193	0.9988066
2455	2010	0.9984596
2455	1371	0.997441
2455	1301	0.9860852
2455	2529	0.9821347
2455	2528	0.97658545
2455	2474	0.9506116
2455	2363	0.92991763
2455	1584	0.91751665
2455	1391	0.8951839
2456	1092	0.9998002
2456	1343	0.99976826
2456	1270	0.9990989
2456	296	0.99377525
2456	608	0.9643667
2456	588	0.9488224
2456	1957	0.9484165
2456	527	0.9470234
2456	2355	0.929426
2456	2761	0.8799653
2457	2011	0.9976568
2457	905	0.9913354
2457	1136	0.9855281
2457	2427	0.980999
2457	3052	0.94544756
2457	2291	0.8630625
2457	2100	0.8600755
2457	1200	0.8044305
2457	3418	0.8008324
2457	3264	0.8000283
2458	1285	0.99965394
2458	3039	0.9995756
2458	2804	0.99944615
2458	1356	0.9994087
2458	377	0.9989669
2458	3082	0.99797297
2458	3255	0.9979484
2458	2046	0.995427
2458	1197	0.995055
2458	2542	0.98956764
2459	3147	0.99969304
2459	2321	0.9986618
2459	1266	0.9959133
2459	1784	0.99581516
2459	3418	0.9518825
2459	805	0.8730294
2459	2571	0.8220893
2459	474	0.81803334
2459	357	0.8150319
2459	1271	0.7371151
2460	900	0.99715024
2460	899	0.9836795
2460	2067	0.9116703
2460	2017	0.8816497
2460	902	0.8248634
2460	903	0.7934364
2460	1947	0.59706634
2460	940	0.585426
2460	1270	0.54878455
2460	1296	0.48791674
2461	1441	0.9945283
2461	1562	0.95849717
2461	296	0.94382423
2461	1784	0.88843024
2461	3418	0.86368644
2461	2959	0.86085486
2461	368	0.8412687
2461	1393	0.8303174
2461	2808	0.7330726
2461	1961	0.72158873
2462	2987	0.999947
2462	2078	0.9998793
2462	1374	0.99154544
2462	596	0.9813417
2462	527	0.9809427
2462	1073	0.9783269
2462	783	0.9762013
2462	2788	0.9627985
2462	1078	0.95172036
2462	1968	0.94964516
2463	2455	0.99999595
2463	2531	0.9997412
2463	2947	0.9986161
2463	551	0.9977749
2463	2951	0.9956
2463	3173	0.9900639
2463	1218	0.98783445
2463	1295	0.9836726
2463	1466	0.9481033
2463	2917	0.9431627
2464	1244	0.9981611
2464	2324	0.9809102
2464	1873	0.98065764
2464	1193	0.9772897
2464	1358	0.8512246
2464	1916	0.7927466
2464	1097	0.7318181
2464	1213	0.7273995
2464	1210	0.63652873
2464	3072	0.56397223
2465	2762	0.9992949
2465	541	0.9991211
2465	2571	0.99863493
2465	2160	0.9985639
2465	589	0.9950056
2465	1674	0.9937695
2465	1200	0.9766325
2465	904	0.97437465
2465	2959	0.97398794
2465	3066	0.9689181
2466	2454	0.9998745
2466	2066	0.9648206
2466	2399	0.96288365
2466	1259	0.9249998
2466	1253	0.9142702
2466	3300	0.47571528
2466	1127	0.43262053
2466	524	0.42810148
2466	2947	0.29257947
2466	1282	0.21687162
2467	2431	0.99959576
2467	2335	0.9979509
2467	1097	0.9809538
2467	1702	0.9104792
2467	1270	0.8420918
2467	673	0.71427774
2467	344	0.60663086
2467	1496	0.5558576
2467	2413	0.53790796
2467	1018	0.5327951
2468	802	0.99991906
2468	3252	0.99987066
2468	509	0.99981904
2468	339	0.99656093
2468	317	0.9349337
2468	2268	0.93127096
2468	2762	0.90069604
2468	357	0.889493
2468	1367	0.8602978
2468	3163	0.85353875
2469	2700	0.9999231
2469	2976	0.9998739
2469	2692	0.99797696
2469	3408	0.9960346
2469	3005	0.99555486
2469	2622	0.99473524
2469	2699	0.9908346
2469	2979	0.97579134
2469	2770	0.97417665
2469	1546	0.9528334
2470	673	0.99335265
2470	736	0.96051717
2470	1615	0.95676136
2470	434	0.92287374
2470	1552	0.9160098
2470	2470	0.8916614
2470	648	0.6992823
2470	112	0.5192323
2470	1210	0.26331192
2470	1499	0.23966685
2471	3060	0.9978827
2471	1965	0.96692544
2471	1590	0.95679957
2471	1206	0.93487835
2471	2352	0.93185055
2471	3148	0.9211725
2471	2571	0.82451236
2471	1172	0.7381402
2471	1213	0.6033399
2471	1224	0.40186918
2472	3253	0.99942267
2472	908	0.99681175
2472	912	0.9926919
2472	2797	0.98919994
2472	1	0.98885334
2472	2176	0.985286
2472	3108	0.98301125
2472	1090	0.9812658
2472	481	0.9706117
2472	1210	0.968887
2473	2947	0.99274194
2473	2951	0.6948706
2473	3354	0.61251116
2473	2291	0.56211144
2473	474	0.29487097
2473	1222	0.2208885
2473	3160	0.206043
2473	1035	0.11792609
2473	3148	0.055001736
2473	277	0.05322835
2474	1977	0.9998455
2474	1979	0.99848473
2474	1971	0.996621
2474	260	0.989743
2474	593	0.97417825
2474	2570	0.9441718
2474	1197	0.92346156
2474	1350	0.79962254
2474	318	0.7419131
2474	2360	0.6160522
2475	592	0.99949384
2475	1387	0.9985261
2475	1721	0.9809372
2475	968	0.9762154
2475	2366	0.9698045
2475	1198	0.9446361
2475	1196	0.86924636
2475	1333	0.8205539
2475	1240	0.79787666
2475	1036	0.61198306
2476	953	0.9999661
2476	3089	0.99987555
2476	923	0.9989406
2476	926	0.9987711
2476	2920	0.9986321
2476	3083	0.9972205
2476	1952	0.99686927
2476	924	0.9939694
2476	909	0.9933448
2476	3201	0.9900146
2477	2686	0.9996417
2477	2067	0.9973757
2477	2605	0.9928907
2477	3298	0.9914373
2477	1254	0.9911492
2477	2384	0.97771406
2477	1204	0.9303396
2477	2433	0.9264195
2477	1263	0.9245027
2477	2762	0.8913069
2478	2948	0.99935544
2478	969	0.99455786
2478	2987	0.99336994
2478	1225	0.9923651
2478	1262	0.9872328
2478	3114	0.9683417
2478	1200	0.95467454
2478	2289	0.9447931
2478	2396	0.9407662
2478	1256	0.9386902
2479	589	0.99906373
2479	1580	0.9989407
2479	1198	0.9989399
2479	1196	0.98840815
2479	1097	0.98721564
2479	608	0.9797183
2479	367	0.96886575
2479	1	0.9664453
2479	2987	0.9654012
2479	1997	0.9572091
2480	2686	0.99724233
2480	2336	0.9936993
2480	3157	0.99135494
2480	917	0.95426923
2480	1721	0.9437849
2480	2961	0.9347665
2480	2712	0.89746535
2480	3176	0.8345467
2480	1093	0.8261949
2480	1282	0.51121974
2481	1088	0.9999784
2481	1250	0.99970293
2481	2804	0.9988818
2481	3362	0.99771214
2481	1203	0.9946173
2481	1343	0.9935942
2481	1258	0.9882791
2481	1610	0.98704326
2481	3361	0.9846201
2481	3396	0.98151666
2482	344	0.9958544
2482	1203	0.9826995
2482	414	0.9417157
2482	3421	0.88160825
2482	3363	0.8813691
2482	920	0.79807293
2482	2792	0.7060634
2482	2505	0.66198957
2482	1784	0.5439641
2482	924	0.52062845
2483	2132	0.999027
2483	954	0.99649096
2483	3095	0.9957037
2483	1301	0.9952613
2483	1253	0.992102
2483	1210	0.98772734
2483	912	0.8267255
2483	1193	0.75492024
2483	1254	0.71602106
2483	3307	0.64305246
2484	2355	0.9970198
2484	1220	0.9944557
2484	2987	0.98425174
2484	151	0.95984507
2484	852	0.9172504
2484	1263	0.8772356
2484	2395	0.865719
2484	1079	0.8344072
2484	2701	0.81178933
2484	1500	0.7933203
2485	2333	0.9999782
2485	1222	0.9997817
2485	587	0.9846026
2485	858	0.9775358
2485	1127	0.97664213
2485	2020	0.94490206
2485	529	0.9385146
2485	2762	0.9322232
2485	2070	0.9149736
2485	2724	0.8815608
2486	1193	0.9999894
2486	1186	0.999337
2486	2243	0.99896204
2486	34	0.99830675
2486	1635	0.9968084
2486	1097	0.99573946
2486	3095	0.99480677
2486	1099	0.9857259
2486	1704	0.96844226
2486	2336	0.9554213
2487	2797	0.99524397
2487	1079	0.992401
2487	1196	0.9885396
2487	1036	0.92680544
2487	1304	0.90491027
2487	2791	0.69134265
2487	2918	0.44838977
2487	1220	0.42042828
2487	1394	0.257048
2487	2858	0.24970603
2488	3251	0.9724382
2488	3420	0.96325487
2488	1721	0.89303625
2488	1193	0.79533654
2488	1569	0.7674979
2488	1964	0.7259504
2488	1212	0.713398
2488	3152	0.64230305
2488	858	0.6096444
2488	1252	0.29363117
2489	2369	0.999433
2489	2746	0.9986186
2489	296	0.9964857
2489	2278	0.99236417
2489	2987	0.9868454
2489	2918	0.9863019
2489	2968	0.9840447
2489	1747	0.9346559
2489	2105	0.9292618
2489	1923	0.92589897
2490	593	0.99347246
2490	47	0.9108942
2490	480	0.61690456
2490	1060	0.2011191
2490	144	0.07228491
2490	1617	0.06564513
2490	356	0.026634157
2490	1245	0.017357767
2490	1673	0.015406609
2490	1148	0.012771696
2491	891	0.99978876
2491	908	0.99919987
2491	2657	0.99876964
2491	2490	0.9982733
2491	353	0.99756193
2491	1722	0.9903174
2491	18	0.98962337
2491	1986	0.9833168
2491	2792	0.9738598
2491	1356	0.9566885
2492	933	0.99964046
2492	2140	0.9941942
2492	2872	0.986627
2492	2135	0.9862982
2492	58	0.97174656
2492	1196	0.96291757
2492	224	0.96114105
2492	1411	0.95373976
2492	2950	0.92848647
2492	955	0.9136634
2493	1909	0.9994627
2493	2011	0.9994601
2493	1214	0.9974791
2493	2455	0.96504456
2493	1219	0.94549906
2493	1210	0.93363816
2493	2640	0.93137145
2493	2105	0.93076074
2493	1301	0.91314137
2493	451	0.83783925
2494	588	0.9999877
2494	2539	0.9995733
2494	2396	0.9994406
2494	1883	0.99942076
2494	3178	0.9988045
2494	1641	0.99783766
2494	2321	0.993714
2494	2384	0.99220395
2494	1042	0.98966897
2494	1	0.98400605
2495	2125	0.9999981
2495	1393	0.9997028
2495	2581	0.99958277
2495	2424	0.9992578
2495	1835	0.92076004
2495	597	0.9137511
2495	1265	0.83914095
2495	852	0.8021041
2495	2671	0.762777
2495	708	0.7483709
2496	1214	0.99989164
2496	1278	0.9983424
2496	1617	0.9979763
2496	2076	0.93243796
2496	2858	0.93008006
2496	969	0.9190273
2496	1235	0.91873515
2496	2160	0.90962124
2496	36	0.8987926
2496	2967	0.87276715
2497	3167	0.9961759
2497	1333	0.9935732
2497	2259	0.99114394
2497	2153	0.989053
2497	1127	0.9878212
2497	3358	0.986402
2497	2539	0.9853394
2497	2822	0.976136
2497	1269	0.9752577
2497	858	0.97286344
2498	1269	0.9999404
2498	930	0.986796
2498	2916	0.96269417
2498	2762	0.9613277
2498	2181	0.94775903
2498	2527	0.9338654
2498	3384	0.9144585
2498	50	0.90453225
2498	931	0.88120604
2498	1783	0.7673499
2499	2882	0.9999747
2499	3354	0.9993725
2499	2861	0.9982747
2499	2710	0.99764884
2499	2841	0.990239
2499	2706	0.9871026
2499	2762	0.98692465
2499	2840	0.98561037
2499	2147	0.95942163
2499	2961	0.8480202
2500	1479	0.99997556
2500	589	0.9934064
2500	2126	0.98127824
2500	3256	0.975742
2500	227	0.96755177
2500	208	0.8897477
2500	353	0.8716941
2500	2916	0.7934507
2500	2427	0.75641614
2500	377	0.75064504
2501	318	0.9983388
2501	1225	0.9976629
2501	2716	0.9944315
2501	1079	0.99221355
2501	1097	0.9880228
2501	1198	0.9870794
2501	2028	0.96085244
2501	3408	0.9562057
2501	2918	0.9395078
2501	1259	0.8503692
2502	2971	0.99505144
2502	1784	0.8661755
2502	2018	0.84630966
2502	1673	0.83912754
2502	900	0.55878145
2502	2017	0.5357976
2502	2628	0.5278641
2502	1393	0.34802455
2502	2352	0.33280993
2502	3363	0.30336887
2503	1186	0.999698
2503	2915	0.9973724
2503	2115	0.9970888
2503	1127	0.9968826
2503	1956	0.99436915
2503	1259	0.993487
2503	2423	0.9913163
2503	1587	0.98236626
2503	1091	0.96138597
2503	1258	0.9455273
2504	482	1.0
2504	1653	0.9998148
2504	1676	0.98968434
2504	110	0.98845065
2504	1584	0.9879721
2504	521	0.97508097
2504	1215	0.97468895
2504	3354	0.96896785
2504	160	0.9579976
2504	2427	0.95136094
2505	1395	0.82550013
2505	2669	0.78218794
2505	1240	0.77347183
2505	2985	0.49784672
2505	377	0.29745385
2505	2001	0.11729804
2505	2640	0.11631617
2505	1385	0.102207065
2505	1097	0.100948036
2505	750	0.08637741
2506	3004	0.99995345
2506	838	0.99847937
2506	1732	0.99793327
2506	317	0.99635273
2506	2126	0.9243134
2506	931	0.9125984
2506	2247	0.89811647
2506	597	0.8838839
2506	1344	0.85144883
2506	3099	0.8192265
2507	2132	0.9965764
2507	3358	0.99415106
2507	1883	0.9734814
2507	3176	0.96750474
2507	2762	0.9671217
2507	1215	0.9666959
2507	2333	0.9636332
2507	3354	0.93188465
2507	1965	0.91914845
2507	2366	0.9159987
2508	3114	0.9990677
2508	2580	0.9177985
2508	2147	0.8717274
2508	1961	0.8543847
2508	2881	0.7443678
2508	2706	0.7214065
2508	2363	0.6820034
2508	1036	0.6741272
2508	2723	0.63442427
2508	1223	0.5649345
2509	3317	0.977674
2509	3049	0.87819284
2509	446	0.78777623
2509	2028	0.7695025
2509	356	0.6638128
2509	1968	0.645518
2509	2476	0.60248405
2509	912	0.4522379
2509	2234	0.42810073
2509	2044	0.4010715
2510	2530	0.9999963
2510	1587	0.999154
2510	1221	0.99892247
2510	1387	0.99706215
2510	2532	0.99701935
2510	1204	0.99541926
2510	1287	0.9950819
2510	2531	0.9655255
2510	1371	0.91931605
2510	421	0.91309834
2511	3185	0.9996289
2511	1097	0.9990121
2511	1090	0.9984163
2511	2501	0.9967433
2511	2858	0.99572325
2511	524	0.9815227
2511	260	0.97859925
2511	1240	0.9735447
2511	1259	0.9717498
2511	2139	0.9574059
2512	1193	0.99997413
2512	858	0.99854136
2512	2687	0.99665797
2512	919	0.98614013
2512	3359	0.9701394
2512	3114	0.96937686
2512	2028	0.96705544
2512	2501	0.96705484
2512	912	0.9447645
2512	1247	0.93249655
2513	1136	0.9999505
2513	1285	0.99970645
2513	1292	0.997561
2513	3363	0.9787893
2513	2973	0.97160923
2513	2248	0.96612453
2513	2915	0.9350916
2513	2599	0.8510166
2513	527	0.8224715
2513	2997	0.81530505
2514	1617	0.9998218
2514	1252	0.99693954
2514	2583	0.9814951
2514	2803	0.9576639
2514	593	0.95390576
2514	1909	0.95106465
2514	2467	0.89044654
2514	904	0.70626485
2514	3262	0.58584684
2514	1264	0.44501844
2515	446	0.99957204
2515	2533	0.99920994
2515	3033	0.99857724
2515	2805	0.9520158
2515	2531	0.92276525
2515	2529	0.8440545
2515	480	0.82992506
2515	912	0.7524524
2515	2034	0.7213641
2515	1580	0.58105046
2516	3114	0.9998332
2516	318	0.99863493
2516	17	0.983613
2516	2028	0.96073663
2516	678	0.91962755
2516	3175	0.7764689
2516	1693	0.6719509
2516	527	0.5712056
2516	2997	0.5495647
2516	588	0.52366126
2517	423	0.9706444
2517	1784	0.9140539
2517	737	0.8672646
2517	1005	0.65248543
2517	150	0.585658
2517	2002	0.2817176
2517	1021	0.20842713
2517	1588	0.19662002
2517	3107	0.18934304
2517	1327	0.124756455
2518	2291	0.99466896
2518	2006	0.98554665
2518	858	0.9784169
2518	1088	0.9603662
2518	1094	0.8562144
2518	110	0.83717805
2518	2950	0.8282113
2518	1954	0.7985344
2518	260	0.70177734
2518	1678	0.69759405
2519	3079	0.9513165
2519	1544	0.91821826
2519	1921	0.84077716
2519	2622	0.7792294
2519	1704	0.66883284
2519	1967	0.6200642
2519	1917	0.34690642
2519	3175	0.28604603
2519	2797	0.25617748
2519	2005	0.124854326
2520	3384	0.99943084
2520	1733	0.9989157
2520	930	0.9984812
2520	1267	0.99804914
2520	1344	0.99571013
2520	965	0.990238
2520	19	0.9893838
2520	1248	0.9845336
2520	902	0.9780185
2520	750	0.97687316
2521	356	0.9999143
2521	2628	0.99977463
2521	1356	0.9991491
2521	1372	0.9778496
2521	1610	0.9673791
2521	2406	0.9599796
2521	1911	0.9497838
2521	2987	0.94040185
2521	2393	0.93133175
2521	2366	0.9284812
2522	1573	0.9986925
2522	349	0.99853635
2522	21	0.99788857
2522	589	0.9957559
2522	1197	0.9873587
2522	2001	0.9597872
2522	3418	0.95672417
2522	1201	0.9380878
2522	590	0.9295641
2522	2990	0.86742854
2523	1080	0.9999973
2523	1673	0.9999813
2523	1240	0.9972397
2523	1307	0.98388064
2523	1387	0.9804287
2523	1285	0.9027155
2523	2804	0.9005899
2523	2657	0.90007555
2523	1222	0.88689256
2523	300	0.8403358
2524	933	0.9999327
2524	858	0.9813999
2524	953	0.9806952
2524	260	0.9567666
2524	915	0.8828286
2524	1079	0.83004296
2524	1036	0.69014126
2524	1269	0.6203723
2524	1307	0.5399445
2524	1197	0.4953468
2525	1230	0.9992891
2525	2858	0.99916375
2525	1172	0.9847515
2525	1234	0.7474599
2525	3341	0.7077621
2525	1079	0.6108997
2525	2657	0.49290872
2525	3361	0.48031187
2525	3421	0.4522905
2525	1507	0.41029453
2526	923	0.99582475
2526	2212	0.99393594
2526	2186	0.98601705
2526	3006	0.97871804
2526	593	0.9715142
2526	17	0.94830334
2526	903	0.94213337
2526	1200	0.92239517
2526	1129	0.9127958
2526	1949	0.9050889
2527	1954	0.9805269
2527	940	0.77042544
2527	1387	0.7431601
2527	1240	0.4391628
2527	2872	0.34436536
2527	1198	0.15679967
2527	924	0.094825655
2527	3073	0.07195562
2527	1197	0.025622636
2527	1247	0.02491659
2528	1179	0.9994631
2528	517	0.9993711
2528	999	0.9532251
2528	1597	0.79608685
2528	2916	0.5691048
2528	1953	0.3459229
2528	1089	0.32623965
2528	469	0.3126982
2528	3362	0.304498
2528	511	0.18136361
2529	1261	0.8945693
2529	2253	0.8883337
2529	3061	0.88767666
2529	1357	0.8765383
2529	73	0.8640931
2529	538	0.79927635
2529	678	0.73745996
2529	110	0.71405476
2529	1721	0.71024185
2529	745	0.66723657
2530	1788	0.9765289
2530	50	0.9486506
2530	2607	0.89450526
2530	377	0.82608026
2530	1459	0.75701857
2530	886	0.69030863
2530	2025	0.552418
2530	885	0.51669663
2530	489	0.4406116
2530	3418	0.38878778
2531	902	0.99999785
2531	928	0.9994912
2531	1674	0.9855544
2531	3072	0.9823004
2531	3107	0.9066802
2531	2858	0.90344286
2531	597	0.9011416
2531	2020	0.8717482
2531	593	0.8610736
2531	105	0.656098
2532	150	0.99849176
2532	527	0.9982951
2532	1090	0.9969059
2532	2739	0.99088776
2532	3100	0.9797184
2532	608	0.9784205
2532	1259	0.9746283
2532	2728	0.93724453
2532	1131	0.93321776
2532	1293	0.67799336
2533	1919	0.994393
2533	2321	0.9852923
2533	7	0.9848864
2533	317	0.9788284
2533	45	0.9755708
2533	2875	0.96054435
2533	468	0.959846
2533	920	0.9552756
2533	370	0.92607635
2533	595	0.9051027
2534	34	0.99966633
2534	1747	0.9996577
2534	762	0.9915726
2534	2804	0.9843509
2534	1136	0.96975315
2534	3362	0.9492767
2534	104	0.894035
2534	1230	0.8850343
2534	1951	0.8651067
2534	11	0.8583491
2535	1641	0.99253315
2535	2539	0.96767426
2535	1794	0.7534499
2535	46	0.60600024
2535	3317	0.5413779
2535	2396	0.5315743
2535	2300	0.4897277
2535	2321	0.43422824
2535	788	0.43202776
2535	915	0.38630748
2536	357	0.9782995
2536	2805	0.9154421
2536	236	0.9121351
2536	252	0.86620057
2536	1135	0.86385787
2536	2506	0.8107584
2536	3079	0.80213606
2536	1457	0.7901302
2536	2321	0.7457369
2536	171	0.598428
2537	2424	0.9996748
2537	3258	0.99908984
2537	2918	0.9977628
2537	597	0.9944948
2537	153	0.9672247
2537	1566	0.9600854
2537	1968	0.9154252
2537	1176	0.898522
2537	1391	0.87754476
2537	3033	0.8740318
2538	3074	0.9861177
2538	3366	0.7729656
2538	1196	0.71197855
2538	1214	0.4648314
2538	457	0.35312933
2538	2344	0.32754987
2538	1203	0.2565078
2538	2763	0.23946673
2538	1254	0.19077376
2538	380	0.15265113
2539	1240	0.99828315
2539	969	0.56981975
2539	1197	0.48908293
2539	940	0.22906566
2539	1291	0.19245532
2539	2916	0.16256022
2539	480	0.11222616
2539	1374	0.07532257
2539	2527	0.030538589
2539	110	0.010976076
2540	164	0.99198604
2540	1513	0.99148315
2540	1810	0.98950815
2540	507	0.9894289
2540	161	0.9833199
2540	1027	0.98147213
2540	3163	0.97859645
2540	349	0.97844374
2540	288	0.97842264
2540	300	0.9755852
2541	2468	0.93160594
2541	784	0.9185993
2541	3263	0.90577984
2541	2335	0.856731
2541	1485	0.7775639
2541	3394	0.75155205
2541	1394	0.745116
2541	2422	0.73428833
2541	2296	0.7216789
2541	2431	0.72137433
2542	1968	0.9734199
2542	1580	0.93335116
2542	480	0.9298402
2542	1097	0.9096408
2542	912	0.7990822
2542	2989	0.7959976
2542	892	0.77977854
2542	3408	0.59556127
2542	1196	0.5849228
2542	1259	0.4432245
2543	1358	0.9329451
2543	2085	0.79433715
2543	2359	0.7031304
2543	2662	0.6867631
2543	1090	0.5220293
2543	678	0.4901768
2543	919	0.19563729
2543	3072	0.17144069
2543	539	0.14792445
2543	587	0.12894753
2544	36	0.9996035
2544	2348	0.9685843
2544	2952	0.8947854
2544	3418	0.88314784
2544	1732	0.8682786
2544	1914	0.8365581
2544	1909	0.7714944
2544	1249	0.7505952
2544	2324	0.74054515
2544	1610	0.7184134
2545	529	0.99988544
2545	1784	0.9968317
2545	3006	0.99417806
2545	356	0.9720127
2545	1225	0.9647696
2545	3217	0.94782263
2545	1694	0.93739116
2545	1835	0.93703043
2545	3127	0.92520094
2545	1271	0.9223994
2546	1260	0.9994015
2546	2300	0.97682565
2546	1269	0.9700151
2546	912	0.9610603
2546	1276	0.9505528
2546	318	0.94549274
2546	1250	0.94407415
2546	2917	0.9296545
2546	918	0.89966846
2546	3296	0.8960519
2547	1269	0.9999992
2547	2396	0.99968195
2547	2132	0.99915314
2547	1104	0.99873704
2547	1084	0.9959432
2547	594	0.9919406
2547	446	0.9860153
2547	916	0.96590626
2547	1250	0.8899707
2547	924	0.87746376
2548	2688	0.9895085
2548	2706	0.85429764
2548	805	0.79014826
2548	1693	0.7513933
2548	3053	0.6640297
2548	1263	0.60802805
2548	3255	0.47699752
2548	1246	0.357296
2548	2771	0.22706121
2548	2702	0.2168639
2549	3072	0.9899564
2549	2858	0.9678
2549	761	0.8222891
2549	733	0.7978503
2549	380	0.7033239
2549	110	0.70183897
2549	208	0.6682499
2549	2028	0.6167808
2549	1961	0.5552562
2549	21	0.541319
2550	1291	0.999823
2550	608	0.99685746
2550	1212	0.9898203
2550	913	0.9821906
2550	527	0.9759759
2550	2529	0.9697492
2550	1185	0.9419067
2550	3417	0.9310399
2550	3030	0.912938
2550	2997	0.9046334
2551	2015	0.9999959
2551	2622	0.9999188
2551	1019	0.9986837
2551	3328	0.9930538
2551	858	0.9920721
2551	1126	0.9911144
2551	2804	0.9845153
2551	1009	0.97524345
2551	2080	0.97217286
2551	2144	0.9613837
2552	1573	0.9998564
2552	1393	0.999738
2552	1797	0.9996184
2552	2126	0.99932253
2552	553	0.99832845
2552	590	0.99821067
2552	368	0.9970325
2552	2571	0.9969697
2552	597	0.99631536
2552	2268	0.9850307
2553	1101	0.9999697
2553	1240	0.99991786
2553	2403	0.9999099
2553	733	0.99985945
2553	592	0.9995108
2553	1196	0.9966291
2553	457	0.98429644
2553	924	0.98235834
2553	2985	0.9793899
2553	3104	0.9620732
2554	1293	0.9931804
2554	1957	0.99242294
2554	1962	0.9315585
2554	2324	0.92849064
2554	1246	0.82972884
2554	589	0.73270696
2554	1231	0.7113781
2554	2352	0.69179
2554	1207	0.6395222
2554	368	0.6234816
2555	1086	0.9998083
2555	1080	0.99321866
2555	2819	0.98956966
2555	2752	0.9875592
2555	1215	0.9829665
2555	1964	0.97474474
2555	1203	0.95583963
2555	318	0.94175214
2555	1689	0.93618953
2555	1288	0.92267454
2556	2020	0.999673
2556	475	0.9968846
2556	1280	0.9920599
2556	1183	0.98888654
2556	2348	0.98339725
2556	1446	0.9721758
2556	155	0.9702654
2556	1611	0.96290505
2556	2858	0.9587449
2556	232	0.95545685
2557	58	0.9996507
2557	293	0.99901986
2557	1280	0.98442245
2557	2762	0.9644563
2557	475	0.9362553
2557	223	0.9220656
2557	480	0.9082855
2557	1641	0.892864
2557	1535	0.8205825
2557	1670	0.751974
2558	480	0.9857487
2558	1197	0.8990654
2558	3300	0.8528394
2558	2011	0.701772
2558	1127	0.666162
2558	2105	0.4870928
2558	2699	0.4581177
2558	2054	0.35502264
2558	1376	0.3239741
2558	2791	0.29431617
2559	2710	0.99992526
2559	431	0.9916729
2559	1089	0.99117506
2559	1408	0.97953033
2559	1953	0.97887367
2559	1304	0.95735663
2559	2699	0.95649576
2559	1	0.92086583
2559	2581	0.91458035
2559	47	0.9123604
2560	1693	0.9996886
2560	1682	0.9995169
2560	3105	0.99827296
2560	277	0.9973555
2560	802	0.997033
2560	1678	0.9930115
2560	515	0.95965564
2560	635	0.8603871
2560	1704	0.8224156
2560	428	0.7481039
2561	111	0.99995136
2561	527	0.9999099
2561	2019	0.9977478
2561	1203	0.9971249
2561	247	0.9951914
2561	235	0.97274494
2561	750	0.9695009
2561	3114	0.944683
2561	3060	0.80956894
2561	1175	0.80056024
2562	1589	0.9998028
2562	2112	0.9979353
2562	1500	0.99473464
2562	198	0.9880707
2562	2387	0.9695724
2562	112	0.96373975
2562	1019	0.9629762
2562	170	0.9568486
2562	2722	0.9490771
2562	380	0.9267005
2563	527	0.9993916
2563	3006	0.988595
2563	340	0.9821553
2563	2858	0.9538909
2563	1961	0.8849321
2563	493	0.7730415
2563	36	0.7714304
2563	1682	0.49127054
2563	290	0.29730093
2563	1972	0.23347482
2564	1617	0.9997978
2564	380	0.99977493
2564	457	0.9989463
2564	357	0.9968311
2564	141	0.99666095
2564	648	0.98417974
2564	1394	0.97853947
2564	1784	0.97758013
2564	3107	0.9526757
2564	1380	0.94883776
2565	1246	0.99992627
2565	2081	0.99863183
2565	2739	0.9977685
2565	3176	0.9940518
2565	2747	0.98881054
2565	595	0.9867523
2565	2145	0.97890157
2565	2791	0.9714109
2565	36	0.95621336
2565	2335	0.9488025
2566	1367	0.99913734
2566	2641	0.9968587
2566	1193	0.99511313
2566	1101	0.9904571
2566	2429	0.9827559
2566	671	0.98054767
2566	1214	0.96402514
2566	2002	0.9579066
2566	379	0.9295823
2566	2162	0.9127519
2567	2353	0.99855435
2567	1221	0.99720144
2567	610	0.99669117
2567	3104	0.9688742
2567	1617	0.9560208
2567	3052	0.94664145
2567	1263	0.9375435
2567	1265	0.9095751
2567	1200	0.90085506
2567	1288	0.8961829
2568	3203	0.9919573
2568	42	0.96992934
2568	2712	0.954125
2568	1270	0.8634273
2568	2997	0.8358884
2568	2541	0.7912049
2568	288	0.7300669
2568	2599	0.6952106
2568	2188	0.36920476
2568	2710	0.2845856
2569	1269	0.99942034
2569	1673	0.99472094
2569	2455	0.92276704
2569	1965	0.8759253
2569	893	0.52077353
2569	858	0.4462842
2569	1221	0.41832912
2569	235	0.3658651
2569	3354	0.36491197
2569	1250	0.21447968
2570	1694	0.99988925
2570	1358	0.99245137
2570	3386	0.9100481
2570	3176	0.8960608
2570	2028	0.8776715
2570	1179	0.8181585
2570	342	0.77976996
2570	492	0.77741736
2570	1266	0.723688
2570	3252	0.7018825
2571	2407	0.99320596
2571	435	0.9729199
2571	2628	0.95851064
2571	1276	0.9521353
2571	367	0.918764
2571	1375	0.89824474
2571	2287	0.8206335
2571	2797	0.630099
2571	2936	0.5948481
2571	2470	0.46855766
2572	928	0.99836016
2572	1466	0.97902346
2572	2391	0.9551507
2572	428	0.94511735
2572	1969	0.92173946
2572	17	0.90532494
2572	296	0.8919107
2572	3249	0.8869078
2572	3160	0.88178766
2572	300	0.8288424
2573	2427	0.95046365
2573	2949	0.9150845
2573	2699	0.8995625
2573	2724	0.82753897
2573	2802	0.7380637
2573	2058	0.44571772
2573	2352	0.39291584
2573	1370	0.34177798
2573	3006	0.29906237
2573	2502	0.22018829
2574	2359	0.9998503
2574	1136	0.9997431
2574	1947	0.99928117
2574	3363	0.9989135
2574	2396	0.99859273
2574	1276	0.993819
2574	1610	0.9905163
2574	955	0.9842388
2574	898	0.951347
2574	1235	0.9407482
2575	1127	0.9996858
2575	1201	0.99763656
2575	2701	0.9942987
2575	1513	0.98936224
2575	2194	0.9760272
2575	2355	0.88094735
2575	2761	0.8383552
2575	3113	0.81583744
2575	2944	0.624395
2575	733	0.6210176
2576	2021	0.9998646
2576	1129	0.9988885
2576	720	0.9976565
2576	1690	0.99750453
2576	1270	0.9965716
2576	2808	0.9880289
2576	185	0.9741893
2576	1373	0.9711813
2576	1920	0.9703139
2576	2527	0.92152023
2577	3004	0.9989104
2577	2888	0.98715544
2577	1035	0.9822108
2577	1544	0.97630125
2577	3285	0.9064842
2577	2312	0.8872522
2577	490	0.85472137
2577	2456	0.81304425
2577	2028	0.77562344
2577	3299	0.77454746
2578	164	1.0
2578	1267	0.9926003
2578	1219	0.97754014
2578	1092	0.9682784
2578	913	0.9449667
2578	950	0.8649231
2578	922	0.69466305
2578	1597	0.49721834
2578	1892	0.47823262
2578	2467	0.41770756
2579	1617	0.9990569
2579	2300	0.9933497
2579	1947	0.9798209
2579	1094	0.9718304
2579	899	0.95481956
2579	3304	0.9405631
2579	1252	0.8839373
2579	1234	0.8677416
2579	594	0.8507706
2579	1299	0.84731257
2580	1136	0.9999981
2580	141	0.9996493
2580	2359	0.99929583
2580	1294	0.9990234
2580	1073	0.9944519
2580	1078	0.9940282
2580	3421	0.9915744
2580	1729	0.9829712
2580	357	0.97749114
2580	1304	0.9767097
2581	1244	0.998359
2581	1912	0.99809194
2581	2728	0.99797314
2581	441	0.99780124
2581	1721	0.99244064
2581	58	0.9879583
2581	1293	0.98682815
2581	3160	0.96385086
2581	1955	0.94259953
2581	350	0.9211553
2582	745	0.9997208
2582	1080	0.99422973
2582	720	0.9661034
2582	34	0.87415963
2582	1256	0.83417845
2582	1279	0.7662773
2582	1193	0.7654468
2582	2788	0.70887995
2582	1079	0.61279225
2582	3077	0.6060021
2583	1278	0.9996877
2583	2054	0.9977617
2583	367	0.9846424
2583	2875	0.98390305
2583	2414	0.9815915
2583	933	0.9674988
2583	832	0.9488783
2583	349	0.9004743
2583	1010	0.89564097
2583	3257	0.89144766
2584	3083	0.9949509
2584	527	0.9897998
2584	36	0.13940462
2584	608	0.08738631
2584	2858	0.08720085
2584	1097	0.05308491
2584	1381	0.04573846
2584	1233	0.044112235
2584	1203	0.03992352
2584	3260	0.037579715
2585	1957	0.9999937
2585	1302	0.99793994
2585	3359	0.9937782
2585	3035	0.9891132
2585	1961	0.97416234
2585	440	0.9674196
2585	1214	0.96371806
2585	2791	0.95969975
2585	2599	0.9589909
2585	2917	0.95510507
2586	858	0.999999
2586	2677	0.9996238
2586	1214	0.9389014
2586	1247	0.8722555
2586	750	0.85657847
2586	1235	0.77572536
2586	3011	0.7629869
2586	1304	0.72229934
2586	1717	0.7062452
2586	1625	0.6559781
2587	356	0.99893695
2587	1408	0.9742172
2587	440	0.92108226
2587	1370	0.612973
2587	266	0.44404146
2587	457	0.43372458
2587	1265	0.32264984
2587	480	0.21677023
2587	2571	0.19462857
2587	1270	0.18246806
2588	1641	0.99989796
2588	3253	0.98913205
2588	11	0.9868547
2588	342	0.96895915
2588	1441	0.96266115
2588	2671	0.9619117
2588	144	0.961239
2588	345	0.9595706
2588	1401	0.95597744
2588	339	0.91523695
2589	1214	0.9984889
2589	1885	0.9979272
2589	1304	0.9958815
2589	2490	0.9692712
2589	2791	0.9614027
2589	2108	0.9240587
2589	1358	0.88864195
2589	2918	0.86343014
2589	1084	0.8239661
2589	1653	0.7894819
2590	1341	0.9999646
2590	2513	0.99554926
2590	1346	0.9943397
2590	1175	0.95783156
2590	1327	0.8999953
2590	152	0.86476594
2590	2872	0.8638303
2590	553	0.8379866
2590	2001	0.77974474
2590	1771	0.7619739
2591	296	0.9992719
2591	608	0.9986005
2591	3114	0.9962584
2591	1221	0.94321203
2591	903	0.8394249
2591	1193	0.82040954
2591	1104	0.7967069
2591	50	0.74261177
2591	1005	0.70682764
2591	1036	0.6804236
2592	2406	0.99905485
2592	1784	0.9978309
2592	3147	0.98893356
2592	1090	0.9858198
2592	508	0.9435313
2592	3253	0.9096072
2592	3257	0.8464427
2592	36	0.7827637
2592	1220	0.77392006
2592	1394	0.7261324
2593	2944	0.9999969
2593	750	0.99963605
2593	1994	0.9984097
2593	968	0.9980593
2593	1617	0.99759305
2593	914	0.99634886
2593	1097	0.9956511
2593	1214	0.9950611
2593	2871	0.98819196
2593	2351	0.97352606
2594	1894	0.99999255
2594	260	0.99822277
2594	1608	0.98226786
2594	10	0.9716915
2594	438	0.96191144
2594	1097	0.959334
2594	2617	0.9521035
2594	688	0.9308015
2594	110	0.92622197
2594	1356	0.8788216
2595	1527	0.99984086
2595	1372	0.9996108
2595	318	0.99931276
2595	648	0.99740744
2595	593	0.90980804
2595	1569	0.89429665
2595	1020	0.8897195
2595	1573	0.86610615
2595	1385	0.8619288
2595	47	0.8248081
2596	3107	0.9847429
2596	11	0.9837141
2596	357	0.94211614
2596	207	0.93770754
2596	1393	0.6954003
2596	2396	0.6888102
2596	1580	0.37574208
2596	1722	0.30473614
2596	1408	0.26934946
2596	249	0.2276367
2597	497	0.9999962
2597	1247	0.99812895
2597	2020	0.9969686
2597	41	0.99657476
2597	1300	0.9857056
2597	3108	0.9664793
2597	1357	0.8978467
2597	2171	0.8723253
2597	2138	0.8604424
2597	348	0.7723814
2598	1200	0.93876195
2598	2023	0.8738778
2598	2916	0.8038754
2598	1233	0.71679205
2598	589	0.6558543
2598	593	0.40845793
2598	924	0.11842254
2598	1206	0.11447957
2598	1270	0.09677899
2598	2028	0.038972408
2599	151	0.9841658
2599	2968	0.9597293
2599	266	0.89995414
2599	750	0.86724865
2599	1653	0.84857893
2599	1371	0.83176374
2599	2193	0.68209094
2599	653	0.6499685
2599	1129	0.6498876
2599	2009	0.49522683
2600	2456	0.9990783
2600	2533	0.9984561
2600	529	0.9567634
2600	483	0.94278324
2600	593	0.89495075
2600	2433	0.8392378
2600	36	0.83722246
2600	1584	0.77469695
2600	1015	0.77042556
2600	2791	0.7144801
2601	266	0.9444438
2601	1259	0.9144205
2601	1208	0.8276769
2601	1721	0.7961385
2601	593	0.36645877
2601	2657	0.2977777
2601	1206	0.19295654
2601	1580	0.13531736
2601	3408	0.12059158
2601	1266	0.09755087
2602	2553	0.97097635
2602	34	0.8659781
2602	1104	0.7060713
2602	1345	0.6486455
2602	2289	0.6467401
2602	3199	0.62451816
2602	351	0.588195
2602	1944	0.52059156
2602	2132	0.5182441
2602	1203	0.40937153
2603	2858	0.9979298
2603	593	0.807539
2603	553	0.71912813
2603	2997	0.6043426
2603	589	0.56508756
2603	2340	0.4731819
2603	2959	0.37210542
2603	2431	0.2740823
2603	3354	0.13961858
2603	1584	0.120199114
2604	1125	0.9970372
2604	1285	0.93640673
2604	2804	0.92509156
2604	3361	0.92003036
2604	2628	0.90185094
2604	1079	0.8793545
2604	1093	0.87850344
2604	2707	0.83776665
2604	3039	0.81128186
2604	2858	0.8053636
2605	968	0.9999837
2605	2640	0.99901116
2605	1	0.99886346
2605	2664	0.9986087
2605	1200	0.9972566
2605	34	0.9938394
2605	1350	0.9912977
2605	480	0.9826123
2605	2596	0.9688608
2605	1394	0.96368486
2606	1136	0.99998546
2606	2791	0.99982667
2606	909	0.96784085
2606	1394	0.9600258
2606	2915	0.8841548
2606	3396	0.87173116
2606	2936	0.8192735
2606	1307	0.7816557
2606	2352	0.57241267
2606	2918	0.55557895
2607	1304	0.999984
2607	1254	0.99997616
2607	1247	0.9993052
2607	1084	0.99882233
2607	928	0.995993
2607	1953	0.99079794
2607	1946	0.9778683
2607	1276	0.97342515
2607	1198	0.9592886
2607	899	0.95454776
2608	2076	0.9963459
2608	457	0.98070985
2608	1175	0.97113526
2608	549	0.95316786
2608	3067	0.9366952
2608	1300	0.92187214
2608	2028	0.81141806
2608	2439	0.7624779
2608	1079	0.7331938
2608	1537	0.70494175
2609	1466	0.9967152
2609	111	0.9960456
2609	36	0.993919
2609	3219	0.982949
2609	16	0.97656834
2609	1267	0.97463256
2609	1094	0.9682319
2609	1617	0.954932
2609	3176	0.9480001
2609	848	0.9439026
2610	2530	0.99864763
2610	908	0.9973625
2610	2947	0.99609727
2610	2624	0.94811666
2610	2858	0.90660554
2610	2628	0.6408348
2610	762	0.44300997
2610	2268	0.4033507
2610	1304	0.34270176
2610	1527	0.31879404
2611	1228	0.99960136
2611	281	0.9702095
2611	2248	0.96288455
2611	1997	0.9540677
2611	2020	0.9517219
2611	1965	0.9510896
2611	1266	0.9493511
2611	1207	0.9488796
2611	3148	0.93600965
2611	1327	0.88624483
2612	1641	0.9196881
2612	527	0.6926521
2612	1097	0.31181106
2612	2359	0.16076249
2612	440	0.13084957
2612	3114	0.09929299
2612	2942	0.07576236
2612	608	0.049188286
2612	3254	0.031619728
2612	11	0.030375153
2613	3072	0.9993032
2613	898	0.9789815
2613	3159	0.9412364
2613	1078	0.9233849
2613	1230	0.9231304
2613	1148	0.92147493
2613	2858	0.8973886
2613	2014	0.73699725
2613	111	0.67391014
2613	1612	0.57596976
2614	2028	0.99471533
2614	1222	0.99408954
2614	1210	0.9760364
2614	1262	0.8588373
2614	246	0.7013374
2614	1661	0.37722903
2614	2476	0.35545176
2614	1221	0.20816499
2614	2427	0.10452756
2614	1200	0.08379096
2615	3219	0.9965698
2615	2997	0.99600977
2615	2318	0.99491525
2615	24	0.99469995
2615	407	0.92268664
2615	1093	0.8962259
2615	2683	0.88716483
2615	3265	0.80592835
2615	2710	0.6624155
2615	2719	0.65061504
2616	111	0.99994755
2616	1955	0.9998969
2616	3363	0.99927646
2616	1217	0.9984392
2616	1198	0.97844726
2616	1104	0.97590566
2616	3011	0.9748654
2616	3194	0.9719047
2616	1196	0.96942395
2616	3095	0.94
2617	1683	0.99552387
2617	2858	0.99436283
2617	515	0.9681542
2617	3408	0.93434006
2617	1721	0.90738654
2617	1952	0.86895466
2617	1395	0.85334665
2617	110	0.8344816
2617	300	0.831303
2617	1265	0.80735415
2618	3408	0.6542037
2618	2291	0.5822644
2618	2916	0.3029221
2618	1097	0.2039719
2618	648	0.20089197
2618	350	0.18693489
2618	1610	0.11257458
2618	2	0.04331392
2618	3418	0.034101307
2618	367	0.025537193
2619	2901	0.9851938
2619	2441	0.96089065
2619	858	0.9251778
2619	2686	0.9202465
2619	110	0.885684
2619	1276	0.84327865
2619	2433	0.76337886
2619	2791	0.70751184
2619	2528	0.6924691
2619	2137	0.6654887
2620	2949	0.99990284
2620	316	0.9998696
2620	688	0.99969363
2620	1222	0.99966335
2620	1499	0.9996177
2620	1214	0.99950105
2620	2701	0.99930525
2620	849	0.99914384
2620	1287	0.9955882
2620	1196	0.9935089
2621	586	0.99955773
2621	1619	0.9995004
2621	364	0.99539214
2621	778	0.9857801
2621	2953	0.9786505
2621	413	0.9786313
2621	1097	0.96498
2621	1920	0.95277864
2621	1028	0.9456014
2621	3269	0.93938637
2622	3046	0.9999468
2622	3108	0.9957546
2622	1094	0.9900484
2622	1345	0.98834276
2622	2171	0.9862652
2622	509	0.9658997
2622	497	0.9623663
2622	111	0.8506484
2622	1658	0.82198757
2622	425	0.8212358
2623	2324	0.999854
2623	344	0.9991481
2623	3178	0.9820772
2623	1463	0.9809339
2623	1413	0.9793874
2623	432	0.9608597
2623	2908	0.9462217
2623	619	0.93143433
2623	1390	0.9291086
2623	2858	0.79312456
2624	1276	0.99997604
2624	2949	0.9983487
2624	2797	0.99711764
2624	1912	0.98989856
2624	2467	0.9891129
2624	920	0.9882672
2624	2414	0.9866376
2624	2968	0.9723184
2624	2289	0.9674665
2624	1275	0.9629301
2625	2867	0.99993813
2625	1128	0.9922488
2625	799	0.950101
2625	1272	0.80326736
2625	1960	0.7713792
2625	2651	0.7121337
2625	2148	0.7040981
2625	1334	0.69696397
2625	2554	0.6941513
2625	1198	0.68839705
2626	2028	0.9819405
2626	1196	0.86202204
2626	1198	0.4787457
2626	2997	0.22042882
2626	2335	0.15413791
2626	110	0.09333569
2626	1097	0.07771346
2626	589	0.05180943
2626	1210	0.046724766
2626	2791	0.024798512
2627	2268	0.9939842
2627	1263	0.9850743
2627	2872	0.9816874
2627	1266	0.9800751
2627	1610	0.9571042
2627	1620	0.9448025
2627	2186	0.9408365
2627	475	0.9199439
2627	39	0.90689707
2627	1	0.9024451
2628	2313	0.99922395
2628	3169	0.9982519
2628	3418	0.99571455
2628	1680	0.9927865
2628	265	0.97709024
2628	2348	0.9565145
2628	1172	0.9502926
2628	1185	0.94178355
2628	2657	0.9404206
2628	1844	0.93501484
2629	1393	0.9999881
2629	1370	0.986025
2629	32	0.9724021
2629	293	0.96893626
2629	356	0.9382714
2629	2699	0.92771554
2629	1909	0.876356
2629	480	0.8592107
2629	527	0.85398316
2629	280	0.8482139
2630	1197	0.9975996
2630	3250	0.99289626
2630	2546	0.9820255
2630	3418	0.97884977
2630	2683	0.96002287
2630	2881	0.94454074
2630	2676	0.93276304
2630	2369	0.9242102
2630	3160	0.9203405
2630	1721	0.9139682
2631	2321	0.9996902
2631	919	0.9985527
2631	3022	0.99815047
2631	1084	0.9978781
2631	2683	0.99748397
2631	1234	0.99719036
2631	2750	0.995037
2631	1945	0.9934871
2631	1500	0.992528
2631	2406	0.9892845
2632	1892	0.9983574
2632	1732	0.9729365
2632	350	0.96727157
2632	1460	0.9617106
2632	3176	0.9568194
2632	1270	0.9318858
2632	2797	0.9305731
2632	2414	0.9279671
2632	2108	0.8293944
2632	383	0.7302396
2633	2012	0.99991417
2633	2011	0.9995295
2633	2858	0.98786116
2633	2372	0.9753398
2633	2541	0.9703219
2633	2712	0.73693275
2633	2694	0.5082456
2633	1270	0.40253407
2633	1127	0.35333598
2633	1373	0.30790713
2634	2174	0.99885845
2634	800	0.9805877
2634	58	0.9623748
2634	1953	0.9501266
2634	17	0.9375959
2634	562	0.8923977
2634	3022	0.852072
2634	357	0.8233403
2634	1252	0.7438698
2634	2946	0.7375082
2635	2532	0.99998933
2635	3	0.9999558
2635	2279	0.99943364
2635	2291	0.99853736
2635	1259	0.99419534
2635	110	0.9940765
2635	1206	0.993765
2635	3299	0.9906095
2635	223	0.9867606
2635	908	0.9863721
2636	2605	0.99455637
2636	50	0.9845669
2636	1639	0.9840746
2636	1517	0.95201313
2636	3114	0.8813758
2636	3081	0.87632656
2636	3273	0.8314177
2636	2541	0.76852584
2636	2978	0.5782817
2636	1923	0.5342341
2637	3203	0.9664448
2637	2987	0.957715
2637	1970	0.9411235
2637	785	0.8860167
2637	2333	0.7733974
2637	2390	0.25501627
2637	3160	0.23573989
2637	2336	0.19334093
2637	2490	0.1916335
2637	3273	0.1537298
2638	2987	0.9998127
2638	1965	0.99419546
2638	3016	0.9902845
2638	608	0.9874989
2638	1616	0.9840982
2638	2294	0.98368376
2638	368	0.9637724
2638	2528	0.9502152
2638	3250	0.94486845
2638	969	0.9352716
2639	2321	0.99952435
2639	356	0.98926234
2639	2355	0.796657
2639	2011	0.78501475
2639	1097	0.6547881
2639	2700	0.6290221
2639	2171	0.3470791
2639	2762	0.3196001
2639	1923	0.3141187
2639	1704	0.3077147
2640	2038	0.9997164
2640	2668	0.9983369
2640	2037	0.99712527
2640	1920	0.9916407
2640	2683	0.9730923
2640	1127	0.9709358
2640	2355	0.9607763
2640	1196	0.9310903
2640	3157	0.90468514
2640	2059	0.89649487
2641	1721	0.9896349
2641	2700	0.9889631
2641	1103	0.9843429
2641	2990	0.97913975
2641	441	0.9620669
2641	2640	0.94761825
2641	480	0.9384762
2641	2268	0.9236715
2641	16	0.89250946
2641	1084	0.8887216
2642	593	0.9974375
2642	3409	0.9602498
2642	1089	0.9598776
2642	1381	0.9493618
2642	527	0.7576948
2642	2391	0.7448293
2642	1265	0.7354981
2642	1673	0.6939687
2642	2687	0.63246727
2642	1249	0.5990447
2643	58	0.9837309
2643	2420	0.9823201
2643	1246	0.9790978
2643	1663	0.9444394
2643	910	0.94399476
2643	260	0.94198227
2643	1294	0.94142014
2643	912	0.9295285
2643	858	0.9293337
2643	2871	0.92690533
2644	2997	0.99695075
2644	2028	0.9791539
2644	527	0.978348
2644	16	0.91433424
2644	1673	0.9140599
2644	1213	0.9055016
2644	3160	0.8621429
2644	1090	0.73689353
2644	1299	0.71272457
2644	2289	0.7027867
2645	2858	0.99994147
2645	2006	0.9970883
2645	550	0.97801745
2645	2395	0.9765246
2645	1721	0.97100544
2645	1	0.9689586
2645	1610	0.95577353
2645	2108	0.9499601
2645	1476	0.9478901
2645	708	0.93293
2646	356	0.9984454
2646	2236	0.9747503
2646	2916	0.9673992
2646	1580	0.91615343
2646	260	0.82614255
2646	110	0.47437173
2646	480	0.46729437
2646	1198	0.2576843
2646	380	0.2523557
2646	2108	0.18034002
2647	2262	0.9997601
2647	902	0.9951205
2647	2369	0.7533498
2647	921	0.5937143
2647	1135	0.32435867
2647	1270	0.064519525
2647	141	0.05588296
2647	1959	0.033560604
2647	2352	0.030479372
2647	3264	0.030139
2648	1345	0.9993966
2648	1294	0.9922565
2648	541	0.9839602
2648	2973	0.98301864
2648	2997	0.97970355
2648	2863	0.9566213
2648	1269	0.9400667
2648	2291	0.9315515
2648	2078	0.9286798
2648	3334	0.91307986
2649	1663	0.99988675
2649	933	0.99872583
2649	1394	0.99807453
2649	2081	0.9900608
2649	3396	0.9899331
2649	1958	0.9872647
2649	2469	0.9866874
2649	2248	0.977929
2649	1194	0.9742629
2649	2100	0.9715251
2650	1193	0.998291
2650	1272	0.92853916
2650	2605	0.8892419
2650	1090	0.86281645
2650	318	0.8611331
2650	1208	0.78437245
2650	1210	0.58797175
2650	1299	0.5763795
2650	2712	0.5280084
2650	2028	0.2949191
2651	1210	0.99769205
2651	480	0.995762
2651	2366	0.99454236
2651	2194	0.94993556
2651	2115	0.94502306
2651	1242	0.9367221
2651	6	0.9338108
2651	1275	0.7983029
2651	2916	0.77669275
2651	316	0.7526548
2652	1136	0.999841
2652	2936	0.9939205
2652	2300	0.99372756
2652	1276	0.9839027
2652	34	0.95714474
2652	905	0.9220699
2652	111	0.9011879
2652	2078	0.79418695
2652	3363	0.73395306
2652	3114	0.65107584
2653	2858	0.99915755
2653	1213	0.9973388
2653	3169	0.9957165
2653	1961	0.98713624
2653	2694	0.9829155
2653	913	0.92087746
2653	2997	0.9111538
2653	1225	0.8645392
2653	858	0.8455579
2653	2699	0.84409225
2654	36	0.9892501
2654	608	0.9869777
2654	150	0.97015285
2654	2289	0.9268084
2654	1233	0.8752179
2654	2333	0.8669884
2654	3260	0.8255515
2654	994	0.81904817
2654	17	0.80458236
2654	162	0.80157876
2655	2390	0.9978655
2655	2428	0.99522626
2655	2188	0.9913348
2655	3004	0.98115766
2655	163	0.9449144
2655	2581	0.86711717
2655	1690	0.80040926
2655	3238	0.76209843
2655	2580	0.7247025
2655	2082	0.72302586
2656	2136	0.9999996
2656	1084	0.99916464
2656	733	0.9970274
2656	1234	0.99501765
2656	1689	0.985214
2656	3396	0.9769968
2656	480	0.9715255
2656	11	0.96871775
2656	1387	0.95756567
2656	3286	0.9399464
2657	2501	0.9388942
2657	1617	0.7004771
2657	3100	0.1856193
2657	858	0.113910824
2657	2420	0.10805565
2657	1	0.10451591
2657	2324	0.07999435
2657	2858	0.07310623
2657	648	0.06406793
2657	2355	0.054818094
2658	3105	0.9894268
2658	1411	0.4696075
2658	3160	0.36998275
2658	16	0.34435377
2658	32	0.2624538
2658	2336	0.25396216
2658	1729	0.21003368
2658	2959	0.14938396
2658	260	0.09428316
2658	1617	0.058591604
2659	910	0.99999875
2659	3035	0.9936327
2659	1079	0.9820974
2659	1304	0.97746843
2659	908	0.9551605
2659	2883	0.95496124
2659	1252	0.94622403
2659	2000	0.9437555
2659	1094	0.9426204
2659	1136	0.9310709
2660	905	0.9986822
2660	898	0.9936876
2660	1265	0.99271023
2660	2396	0.98987985
2660	915	0.8900287
2660	39	0.8762773
2660	1028	0.84177125
2660	2125	0.8137927
2660	1086	0.80141425
2660	509	0.6924997
2661	1732	0.9998375
2661	3263	0.99862814
2661	2262	0.9955323
2661	3387	0.9941382
2661	3397	0.9918549
2661	3396	0.98067546
2661	1344	0.9789219
2661	2247	0.978121
2661	588	0.9715062
2661	3421	0.96989405
2662	1028	0.82570535
2662	2792	0.72092336
2662	2291	0.4000607
2662	2028	0.23804814
2662	858	0.19456226
2662	2160	0.1941984
2662	1222	0.16601872
2662	524	0.15856385
2662	919	0.13653833
2662	1250	0.1256665
2663	3083	0.9996667
2663	852	0.99929357
2663	1608	0.9989294
2663	351	0.9972776
2663	1894	0.99717563
2663	2447	0.9892106
2663	105	0.9784677
2663	1917	0.9697529
2663	2696	0.9545121
2663	1735	0.9523692
2664	1556	0.99943334
2664	1690	0.9985291
2664	1580	0.99800336
2664	2476	0.9976152
2664	2942	0.99683785
2664	2422	0.9768608
2664	1265	0.97526455
2664	2791	0.9479813
2664	1917	0.94442767
2664	2421	0.941075
2665	1200	0.99959385
2665	1183	0.9993984
2665	1252	0.95646906
2665	1292	0.94001293
2665	2410	0.9163926
2665	3072	0.83660126
2665	1608	0.78814256
2665	2819	0.76285017
2665	3176	0.75701636
2665	1917	0.7264069
2666	593	0.9972648
2666	3386	0.99586916
2666	1673	0.992026
2666	529	0.988486
2666	1704	0.98572433
2666	345	0.9670365
2666	350	0.92032313
2666	16	0.91705847
2666	2712	0.8972466
2666	1466	0.8190806
2667	3072	0.9972774
2667	1252	0.9930284
2667	1959	0.9547835
2667	1307	0.69291925
2667	111	0.64413625
2667	920	0.59052134
2667	2716	0.52579427
2667	2969	0.42030337
2667	357	0.40780163
2667	1537	0.37901878
2668	1188	0.99973035
2668	2804	0.9957398
2668	2054	0.9915111
2668	1193	0.9914484
2668	920	0.9882477
2668	1544	0.98127115
2668	912	0.9799112
2668	589	0.9789168
2668	36	0.978837
2668	1965	0.97326183
2669	2683	0.9991145
2669	2710	0.9987164
2669	1126	0.99781084
2669	250	0.99177897
2669	2605	0.99176216
2669	2925	0.99005604
2669	1387	0.98517877
2669	110	0.96474665
2669	1263	0.9561053
2669	3243	0.94211936
2670	3214	0.9996595
2670	1090	0.9991454
2670	2064	0.9984662
2670	110	0.996172
2670	1196	0.99239266
2670	300	0.98980373
2670	1222	0.9856497
2670	2291	0.98406494
2670	1230	0.97994554
2670	1206	0.97784853
2671	480	0.96575534
2671	593	0.9466193
2671	2762	0.39947215
2671	1097	0.27331364
2671	22	0.21063131
2671	1210	0.20138043
2671	1967	0.14446011
2671	527	0.12492597
2671	1196	0.096726984
2671	318	0.08844733
2672	1242	0.9998438
2672	858	0.99368006
2672	377	0.9922136
2672	1721	0.9914894
2672	474	0.9881387
2672	21	0.9552272
2672	1387	0.95424354
2672	1200	0.91852856
2672	1240	0.91331553
2672	457	0.8921647
2673	2997	0.9915811
2673	1093	0.9002708
2673	3386	0.88223153
2673	2858	0.6286808
2673	110	0.280768
2673	2694	0.24885619
2673	1097	0.24669737
2673	2396	0.12864694
2673	2890	0.091297865
2673	2025	0.052683502
2674	58	1.0
2674	549	0.99614847
2674	2926	0.97258455
2674	1147	0.9573927
2674	1187	0.9309217
2674	1179	0.92702365
2674	2716	0.79882526
2674	2028	0.7800473
2674	2396	0.75127506
2674	348	0.737745
2675	60	0.9999342
2675	2005	0.9983167
2675	2015	0.98879933
2675	1967	0.9615295
2675	367	0.8235259
2675	810	0.73106855
2675	2100	0.7244592
2675	2453	0.49666584
2675	1198	0.48925126
2675	2533	0.47359928
2676	1952	0.9996413
2676	3148	0.9987477
2676	1193	0.99770474
2676	1302	0.9975915
2676	1094	0.98764896
2676	2025	0.9846154
2676	232	0.96788085
2676	1293	0.967032
2676	2019	0.9007666
2676	1411	0.89510816
2677	589	0.9996733
2677	3418	0.99911773
2677	2475	0.99630225
2677	164	0.9961562
2677	457	0.97278
2677	1347	0.9537804
2677	1036	0.9509487
2677	357	0.9446478
2677	1320	0.94199735
2677	480	0.89837706
2678	913	0.98514545
2678	858	0.98283845
2678	480	0.9766375
2678	1253	0.97064996
2678	1939	0.95778155
2678	1527	0.9542536
2678	2917	0.8870194
2678	3334	0.84169805
2678	3418	0.6481384
2678	1277	0.3979186
2679	1500	0.9998093
2679	1270	0.997641
2679	923	0.9913931
2679	3104	0.9907117
2679	3421	0.9812192
2679	2890	0.9696578
2679	913	0.9389657
2679	2947	0.9322437
2679	1299	0.9301104
2679	2028	0.92591655
2680	1394	0.98255396
2680	1028	0.9662249
2680	3424	0.96589875
2680	2918	0.96469045
2680	707	0.946229
2680	921	0.93591034
2680	3132	0.91366374
2680	3255	0.8834264
2680	1297	0.8544035
2680	260	0.82248116
2681	2599	0.99801165
2681	2794	0.9909653
2681	2797	0.9816502
2681	2762	0.94608563
2681	1734	0.8818984
2681	2136	0.8797257
2681	356	0.84313047
2681	593	0.8388002
2681	838	0.7933731
2681	1416	0.7925252
2682	2701	0.99976146
2682	2094	0.9680524
2682	435	0.94093645
2682	2553	0.9298738
2682	173	0.90406567
2682	2355	0.8882056
2682	196	0.8779008
2682	2571	0.8365743
2682	3384	0.8249321
2682	589	0.77900237
2683	1252	0.996705
2683	1291	0.99648356
2683	2174	0.9878495
2683	628	0.97175586
2683	1923	0.9588096
2683	2561	0.8138127
2683	3256	0.74020505
2683	1259	0.6408477
2683	1394	0.61668086
2683	2145	0.61320496
2684	2064	0.99998146
2684	916	0.99991
2684	1073	0.9998988
2684	1288	0.99786997
2684	1094	0.99737686
2684	2171	0.994705
2684	2718	0.97575665
2684	2671	0.9674453
2684	1211	0.9488065
2684	2080	0.93560123
2685	3420	0.9999982
2685	1214	0.9999908
2685	1998	0.99886364
2685	111	0.99802256
2685	3135	0.9969091
2685	2130	0.99262226
2685	1955	0.95233977
2685	2367	0.91905344
2685	1376	0.89194024
2685	1982	0.86707103
2686	2862	0.99982715
2686	2122	0.9858226
2686	593	0.97946906
2686	1213	0.8576357
2686	1961	0.84537077
2686	1130	0.6454003
2686	3420	0.5174828
2686	2699	0.40727222
2686	2541	0.40223923
2686	541	0.3581258
2687	1213	0.9990732
2687	2580	0.9854959
2687	50	0.9720471
2687	1466	0.9720216
2687	1617	0.9247191
2687	1690	0.78086877
2687	2997	0.7551652
2687	999	0.60243607
2687	296	0.5303394
2687	2324	0.41897866
2688	333	0.9999901
2688	380	0.9999416
2688	2174	0.9997325
2688	1923	0.99953735
2688	2797	0.9991971
2688	1042	0.99792886
2688	1646	0.99666154
2688	19	0.99530554
2688	1732	0.9915112
2688	1196	0.9913479
2689	26	0.99992156
2689	1302	0.99818224
2689	50	0.9970256
2689	2924	0.9922657
2689	1997	0.99208814
2689	318	0.99031544
2689	1446	0.9875339
2689	2819	0.9710785
2689	3185	0.94601834
2689	1246	0.9416721
2690	2866	0.97633815
2690	260	0.92343235
2690	3359	0.9061059
2690	2023	0.8735997
2690	3363	0.8506739
2690	3198	0.71789384
2690	593	0.577151
2690	1210	0.5452303
2690	2535	0.33497414
2690	356	0.28103286
2691	1927	0.9960587
2691	3421	0.99150044
2691	2846	0.97423637
2691	318	0.9470271
2691	910	0.9298783
2691	186	0.92541003
2691	2186	0.90309405
2691	1215	0.8454441
2691	1914	0.73431194
2691	2064	0.73178756
2692	1876	0.9982662
2692	474	0.9839808
2692	377	0.9031321
2692	2058	0.802571
2692	2763	0.8006525
2692	10	0.7801678
2692	2762	0.74930584
2692	597	0.72860825
2692	3108	0.7119155
2692	1569	0.6690174
2693	1233	0.9971359
2693	1250	0.9947723
2693	1179	0.99439853
2693	1304	0.9913558
2693	3359	0.9843404
2693	919	0.9799969
2693	260	0.9581429
2693	150	0.95058304
2693	1237	0.9502672
2693	955	0.9144686
2694	1967	0.9996784
2694	1580	0.9517276
2694	1126	0.9275111
2694	2791	0.9258707
2694	1073	0.8922771
2694	1625	0.8773072
2694	50	0.8619596
2694	2	0.8586755
2694	902	0.8175522
2694	1732	0.7509557
2695	910	0.9975616
2695	1247	0.9934058
2695	2804	0.9909052
2695	3037	0.9774866
2695	2863	0.9710478
2695	1948	0.9597379
2695	1197	0.94576347
2695	902	0.9033221
2695	1259	0.89940906
2695	911	0.8931249
2696	1645	0.9726947
2696	2560	0.8868794
2696	2076	0.71481204
2696	1974	0.6041463
2696	382	0.5204973
2696	1219	0.35313857
2696	1210	0.16101605
2696	350	0.1131576
2696	1345	0.08207539
2696	2875	0.07072294
2697	2574	0.9999199
2697	3190	0.98982596
2697	111	0.97316223
2697	2622	0.9264945
2697	3354	0.9213817
2697	1198	0.8327129
2697	2861	0.7490256
2697	1201	0.70485246
2697	3005	0.6469955
2697	2070	0.4902457
2698	1204	0.9994961
2698	750	0.99027705
2698	1294	0.9823878
2698	2941	0.9744468
2698	1927	0.961931
2698	3089	0.93983954
2698	3417	0.9327536
2698	1197	0.9147122
2698	608	0.88397163
2698	858	0.718029
2699	1951	1.0
2699	1029	0.9987014
2699	1947	0.99377465
2699	2644	0.9690621
2699	2081	0.9621985
2699	34	0.9536895
2699	1380	0.93630403
2699	3363	0.92287827
2699	902	0.9055935
2699	912	0.8968159
2700	1	0.9998558
2700	2912	0.99976534
2700	25	0.99673706
2700	1249	0.9953275
2700	1806	0.9942639
2700	36	0.9910172
2700	2321	0.99075043
2700	2583	0.9836816
2700	2501	0.980373
2700	2890	0.9759056
2701	480	0.9938859
2701	3408	0.98767436
2701	1608	0.98107666
2701	511	0.95706403
2701	1573	0.9553761
2701	260	0.9539974
2701	95	0.9242293
2701	1356	0.7934922
2701	858	0.7392945
2701	2772	0.7102458
2702	1690	0.99584043
2702	2995	0.99509287
2702	2107	0.98761976
2702	2606	0.9868832
2702	2279	0.93924415
2702	724	0.9175586
2702	480	0.88661253
2702	70	0.8222679
2702	891	0.7395752
2702	196	0.70599395
2703	2182	0.9679062
2703	1178	0.9587439
2703	750	0.95025164
2703	1073	0.94434875
2703	2817	0.8068225
2703	1269	0.72765404
2703	3307	0.68469155
2703	290	0.6364161
2703	2202	0.5698391
2703	936	0.5444651
2704	1103	0.9999961
2704	923	0.99928087
2704	3196	0.99885863
2704	912	0.99831545
2704	608	0.9929217
2704	920	0.9820334
2704	1208	0.9670171
2704	150	0.9569908
2704	1104	0.94352436
2704	1945	0.90617037
2705	1376	0.99999744
2705	480	0.9995396
2705	1372	0.9914413
2705	329	0.9853674
2705	1371	0.96912956
2705	1127	0.9688786
2705	1196	0.950519
2705	2662	0.9127368
2705	1611	0.9002968
2705	2206	0.8819587
2706	2248	0.9944994
2706	1947	0.8466574
2706	1193	0.71257526
2706	1198	0.5323868
2706	2797	0.3955846
2706	2872	0.38867316
2706	923	0.3480686
2706	260	0.315678
2706	2020	0.3011353
2706	1101	0.23255485
2707	3114	0.99981856
2707	1193	0.96595204
2707	1213	0.74870545
2707	1617	0.6276869
2707	1093	0.28194863
2707	318	0.13912934
2707	2109	0.12494737
2707	223	0.12241572
2707	2872	0.06923753
2707	1961	0.05989051
2708	3203	0.9996637
2708	2694	0.99962443
2708	2395	0.9918698
2708	785	0.97981155
2708	2716	0.96711266
2708	2858	0.90207464
2708	1057	0.73058754
2708	2385	0.6766962
2708	2710	0.5517356
2708	511	0.54909766
2709	480	0.9676535
2709	908	0.96087784
2709	2792	0.8176026
2709	1358	0.58097965
2709	1094	0.52968544
2709	3421	0.42447788
2709	296	0.4063618
2709	923	0.38889366
2709	110	0.38086706
2709	1302	0.32672164
2710	2762	0.5562493
2710	50	0.4873954
2710	1722	0.43522903
2710	904	0.290369
2710	1086	0.25380534
2710	3114	0.24600405
2710	377	0.22855845
2710	2176	0.09250969
2710	912	0.027605265
2710	608	0.027317047
2711	2642	0.9755281
2711	2105	0.97151315
2711	1373	0.93200684
2711	2288	0.9311326
2711	2968	0.89047426
2711	3022	0.6229301
2711	2117	0.37498376
2711	2009	0.33616212
2711	2935	0.21789205
2711	2173	0.16727623
2712	1214	0.9993918
2712	2000	0.998649
2712	1036	0.99746835
2712	2987	0.99368215
2712	260	0.9899967
2712	2059	0.98497635
2712	2699	0.97865313
2712	1356	0.9739591
2712	2028	0.9608197
2712	1242	0.94055563
2713	2186	0.20168763
2713	110	0.18819866
2713	2524	0.089565575
2713	3000	0.02009055
2713	2722	0.019331217
2713	1204	0.018322617
2713	3175	0.009707838
2713	1197	0.0055533946
2713	1831	0.005350679
2713	2080	0.004723698
2714	480	0.9947033
2714	1035	0.8898798
2714	1327	0.43864295
2714	1395	0.11548573
2714	2906	0.071748406
2714	3408	0.047562152
2714	524	0.040326715
2714	1299	0.03388688
2714	2028	0.029944152
2714	1947	0.024423063
2715	1219	0.99955523
2715	1997	0.99929386
2715	2038	0.9957917
2715	1356	0.99210155
2715	2528	0.9903723
2715	1028	0.98889184
2715	1197	0.98829937
2715	1214	0.98658204
2715	1376	0.9824556
2715	364	0.97791743
2716	1086	0.99989736
2716	3334	0.99900204
2716	1617	0.98200977
2716	904	0.9701556
2716	2505	0.96977544
2716	924	0.94130373
2716	2181	0.8886734
2716	1645	0.7988763
2716	1950	0.79188514
2716	648	0.7407923
2717	1370	0.99997026
2717	1343	0.99996674
2717	502	0.9998046
2717	165	0.99916065
2717	457	0.9978565
2717	3101	0.97769547
2717	2571	0.9373809
2717	47	0.9239052
2717	1702	0.9227293
2717	2628	0.90078473
2718	2496	0.9985458
2718	2916	0.9970847
2718	3251	0.9969845
2718	150	0.99280924
2718	2124	0.9896867
2718	104	0.9738033
2718	2699	0.9678097
2718	736	0.9575311
2718	1320	0.9405911
2718	780	0.89296377
2719	2819	0.99999547
2719	1303	0.99669194
2719	1387	0.9958672
2719	1240	0.99468315
2719	3362	0.99281913
2719	2238	0.9799123
2719	1264	0.96413374
2719	1193	0.9635742
2719	2227	0.9607544
2719	1248	0.9498484
2720	589	0.99402833
2720	2530	0.9854885
2720	608	0.9837098
2720	688	0.85467726
2720	3148	0.7638093
2720	648	0.6560987
2720	2916	0.6204794
2720	1035	0.5398718
2720	1196	0.53631765
2720	1673	0.5298604
2721	1968	0.99162084
2721	3108	0.9900847
2721	902	0.97204494
2721	1066	0.906181
2721	1277	0.8995104
2721	605	0.87666607
2721	2142	0.86633587
2721	2125	0.84376633
2721	898	0.7699634
2721	2141	0.5849859
2722	3287	0.9235095
2722	1702	0.8740047
2722	558	0.8314003
2722	2797	0.80632734
2722	1704	0.79920876
2722	1024	0.77121043
2722	2080	0.7700794
2722	260	0.70629317
2722	367	0.6326939
2722	1097	0.57731706
2723	2997	0.9999596
2723	34	0.9992914
2723	2804	0.9866449
2723	2915	0.98236895
2723	3114	0.98080266
2723	745	0.9599214
2723	2797	0.82773006
2723	497	0.79852223
2723	39	0.7765992
2723	235	0.5882238
2724	2888	0.9960818
2724	21	0.9904034
2724	1719	0.97525394
2724	497	0.97260106
2724	222	0.9676053
2724	1784	0.9572177
2724	1223	0.94523144
2724	2302	0.9445646
2724	2861	0.9268631
2724	838	0.90404284
2725	1197	0.99870086
2725	480	0.9796007
2725	1265	0.72362363
2725	69	0.68674946
2725	3114	0.50783324
2725	2144	0.37668812
2725	2396	0.29509765
2725	356	0.2710502
2725	2028	0.13554579
2725	1201	0.135351
2726	1247	0.9995142
2726	318	0.998773
2726	2137	0.97515976
2726	1242	0.9475845
2726	1220	0.9180805
2726	1270	0.9159262
2726	1674	0.9043046
2726	1265	0.90242183
2726	246	0.8596315
2726	296	0.84728014
2727	1356	0.9999771
2727	1200	0.9994777
2727	2529	0.96258736
2727	924	0.90619826
2727	1266	0.90073
2727	1036	0.867016
2727	1253	0.7911948
2727	316	0.7831147
2727	1304	0.7173748
2727	3071	0.7119712
2728	3	0.9374841
2728	586	0.8889432
2728	1353	0.85892475
2728	266	0.83439875
2728	2947	0.8142402
2728	3173	0.7941148
2728	1064	0.617192
2728	551	0.58511835
2728	440	0.5849091
2728	2012	0.4918726
2729	1210	0.99830914
2729	1214	0.8121402
2729	608	0.64629304
2729	2501	0.5971369
2729	1198	0.5945428
2729	527	0.5618743
2729	111	0.26816833
2729	1095	0.11998466
2729	1242	0.03116548
2729	1997	0.015287906
2730	2997	0.99989474
2730	1200	0.9988638
2730	110	0.99562895
2730	1259	0.98757845
2730	2692	0.9862777
2730	2123	0.97880435
2730	111	0.9673667
2730	1218	0.9655686
2730	898	0.96391267
2730	1300	0.94375455
2731	1214	0.9949434
2731	1694	0.98902446
2731	2474	0.98704755
2731	1079	0.9757297
2731	1036	0.97564745
2731	1395	0.9711088
2731	924	0.9543398
2731	3359	0.9529094
2731	529	0.95102483
2731	2712	0.94063544
2732	329	0.9999518
2732	2527	0.99929225
2732	2528	0.99326587
2732	2628	0.9682855
2732	589	0.96546525
2732	1196	0.9635347
2732	260	0.95902085
2732	908	0.9344306
2732	3418	0.93384254
2732	1961	0.9133145
2733	1228	0.9819292
2733	2908	0.98119754
2733	1186	0.9109485
2733	1293	0.86778784
2733	2130	0.85319215
2733	608	0.8473646
2733	1224	0.75861806
2733	3006	0.64857465
2733	3424	0.63237476
2733	2890	0.5925684
2734	509	0.9998919
2734	1393	0.99958813
2734	2804	0.9991372
2734	1644	0.9982518
2734	85	0.9958005
2734	1569	0.9943051
2734	2338	0.99069035
2734	2100	0.9816843
2734	2506	0.9761375
2734	1777	0.95865417
2735	2712	0.9999437
2735	2881	0.99964166
2735	3053	0.98382217
2735	2763	0.9761298
2735	2605	0.96554804
2735	2694	0.92184806
2735	2826	0.8672469
2735	1911	0.71922326
2735	3175	0.61505187
2735	2841	0.49063572
2736	1537	0.9996206
2736	235	0.99486244
2736	1252	0.99392897
2736	3129	0.99145156
2736	1269	0.9812845
2736	290	0.96770126
2736	2351	0.9668615
2736	1197	0.9419117
2736	3317	0.9384373
2736	1188	0.92574704
2737	2324	0.9998663
2737	3299	0.95354295
2737	2686	0.94798577
2737	650	0.9368156
2737	232	0.92452204
2737	2300	0.9198697
2737	1095	0.8872988
2737	265	0.8869775
2737	3255	0.8773829
2737	207	0.7730891
2738	1179	0.9999964
2738	1643	0.9998154
2738	534	0.9978442
2738	1095	0.9575402
2738	293	0.9523026
2738	2959	0.93373466
2738	2966	0.91055405
2738	3160	0.8428049
2738	1683	0.80967957
2738	3271	0.80873203
2739	2706	0.9994866
2739	2710	0.9993502
2739	2023	0.985564
2739	3101	0.97932583
2739	2475	0.9649261
2739	2531	0.9622634
2739	1961	0.78823787
2739	3298	0.776774
2739	1389	0.6980958
2739	2908	0.6900213
2740	589	0.99995613
2740	1127	0.9997294
2740	2021	0.99389875
2740	2968	0.98251665
2740	2034	0.97562003
2740	2093	0.9752904
2740	527	0.9560822
2740	2140	0.8876387
2740	2311	0.8235278
2740	2530	0.79250175
2741	2762	0.99919295
2741	480	0.99898285
2741	457	0.9885414
2741	293	0.9009075
2741	2599	0.8669447
2741	2947	0.82896614
2741	2858	0.8034532
2741	1036	0.5774285
2741	1466	0.5151366
2741	3238	0.24887154
2742	1261	0.99999714
2742	2381	0.99993604
2742	1256	0.9999092
2742	2033	0.99969876
2742	3114	0.99259436
2742	1371	0.9709927
2742	2363	0.9667119
2742	2208	0.9663111
2742	34	0.9594079
2742	2804	0.91752034
2743	3176	0.99327064
2743	62	0.9783605
2743	377	0.9564029
2743	2617	0.92125344
2743	3175	0.86183876
2743	1363	0.8379489
2743	104	0.8270943
2743	2692	0.8207476
2743	2012	0.80953157
2743	2706	0.80032957
2744	3398	0.9999726
2744	2087	0.9999207
2744	107	0.9997531
2744	1022	0.99852896
2744	2059	0.9841298
2744	661	0.92085075
2744	1688	0.8447008
2744	2048	0.84066445
2744	3412	0.4485615
2744	2876	0.25403416
2745	2875	0.99999726
2745	1127	0.9999548
2745	2527	0.99948287
2745	1645	0.9976016
2745	1722	0.9605336
2745	1018	0.9593229
2745	1269	0.95499253
2745	1086	0.9516078
2745	1590	0.9506136
2745	1805	0.9377168
2746	1276	0.9999938
2746	1136	0.99994874
2746	3362	0.9985993
2746	2791	0.99528736
2746	1079	0.99451685
2746	2804	0.9934046
2746	3104	0.99292177
2746	1394	0.9894584
2746	2918	0.9866525
2746	2174	0.9785809
2747	514	0.96778965
2747	441	0.95435464
2747	745	0.8641511
2747	1580	0.79845554
2747	1566	0.7499951
2747	532	0.74862295
2747	1235	0.74046654
2747	2750	0.6248291
2747	2321	0.6110425
2747	2289	0.51827693
2748	661	0.9999579
2748	2687	0.9979868
2748	2087	0.9887177
2748	2186	0.98444843
2748	70	0.97636014
2748	595	0.9521759
2748	2657	0.9443271
2748	736	0.9432266
2748	3262	0.94256806
2748	2762	0.9156438
2749	2427	0.9999882
2749	2916	0.99994177
2749	1210	0.9999286
2749	1779	0.9995488
2749	1769	0.99861383
2749	1527	0.99859434
2749	457	0.99790573
2749	589	0.994866
2749	1280	0.9934807
2749	1272	0.9885068
2750	3104	0.9987827
2750	1476	0.97865283
2750	1073	0.9669752
2750	1220	0.95536804
2750	1079	0.94999135
2750	2138	0.9475829
2750	3253	0.93087924
2750	1194	0.928406
2750	2918	0.92468596
2750	2001	0.8985425
2751	1307	0.9986825
2751	2469	0.9864737
2751	3255	0.9837051
2751	1617	0.9522903
2751	2054	0.867837
2751	781	0.8332248
2751	1267	0.8262508
2751	2717	0.7590743
2751	1909	0.7436523
2751	1219	0.73075956
2752	2114	0.99671096
2752	3070	0.9962295
2752	1249	0.9946426
2752	1960	0.9938447
2752	1199	0.95834625
2752	3039	0.95767903
2752	2735	0.92271274
2752	3016	0.9168135
2752	3394	0.8574247
2752	1217	0.83911055
2753	1517	0.89472294
2753	1883	0.8238602
2753	1875	0.80535436
2753	2670	0.7917647
2753	2019	0.78978395
2753	2174	0.78808296
2753	1963	0.7702776
2753	1208	0.7624135
2753	247	0.74646574
2753	911	0.7308649
2754	1340	0.9909227
2754	2396	0.828956
2754	1263	0.65281403
2754	1883	0.64387256
2754	1500	0.47723633
2754	2243	0.4531767
2754	802	0.3549106
2754	3361	0.28390732
2754	2804	0.17733923
2754	3035	0.15356109
2755	1210	0.9993633
2755	919	0.92207086
2755	1916	0.8753178
2755	206	0.8065028
2755	1193	0.75592744
2755	1734	0.73855627
2755	627	0.48072007
2755	1844	0.4732095
2755	258	0.4228383
2755	2054	0.3945542
2756	2115	0.9981791
2756	1371	0.996243
2756	2723	0.99082613
2756	1	0.94278955
2756	1242	0.9405081
2756	3256	0.90260065
2756	2273	0.88022566
2756	288	0.866184
2756	2826	0.81864226
2756	32	0.81049
2757	1078	0.99999535
2757	1446	0.99947715
2757	50	0.9981162
2757	2912	0.9934928
2757	745	0.98817587
2757	1221	0.9861884
2757	1721	0.98562634
2757	858	0.97432005
2757	348	0.9725932
2757	1734	0.956748
2758	2791	0.9962245
2758	471	0.9079908
2758	1079	0.7750951
2758	110	0.7581502
2758	1	0.7568194
2758	1259	0.6465212
2758	3210	0.5982431
2758	2599	0.56328356
2758	223	0.5608243
2758	2571	0.53035194
2759	356	0.9966357
2759	2817	0.9917635
2759	1866	0.98882484
2759	266	0.92299426
2759	1358	0.91984546
2759	2826	0.8810741
2759	3179	0.8544936
2759	1206	0.7821741
2759	1127	0.70742583
2759	2662	0.68512464
2760	1078	0.9991075
2760	1084	0.9811442
2760	2239	0.9774528
2760	350	0.9749942
2760	1252	0.9640403
2760	527	0.9497895
2760	1136	0.9495403
2760	1162	0.87942004
2760	2574	0.86088014
2760	111	0.85757804
2761	2115	0.99999523
2761	1374	0.999011
2761	1676	0.98578626
2761	353	0.9699259
2761	316	0.9389428
2761	1089	0.92684686
2761	2763	0.8795054
2761	1356	0.86385477
2761	1200	0.8412896
2761	2054	0.8343524
2762	1214	0.999999
2762	1036	0.9997374
2762	1222	0.9993281
2762	589	0.9965616
2762	1210	0.97625184
2762	1219	0.9712411
2762	924	0.9629095
2762	1287	0.9500344
2762	2028	0.93512714
2762	1220	0.9164483
2763	2712	0.9578966
2763	3072	0.7552023
2763	2707	0.7273014
2763	3159	0.5966024
2763	2699	0.2590109
2763	587	0.25206494
2763	3053	0.24302134
2763	2997	0.15901276
2763	2770	0.07738584
2763	1688	0.05641198
2764	1465	0.99764246
2764	1694	0.9915302
2764	1247	0.9821686
2764	2692	0.9712556
2764	1393	0.9666746
2764	1244	0.9569738
2764	2565	0.95466185
2764	3114	0.9501241
2764	2804	0.94893944
2764	1411	0.9336369
2765	2791	1.0
2765	1747	0.9988916
2765	3253	0.98436886
2765	2321	0.9843319
2765	1307	0.9825874
2765	2324	0.9739077
2765	1287	0.9574816
2765	1136	0.9152044
2765	3037	0.8954979
2765	933	0.8857285
2766	2947	0.9999945
2766	1276	0.99888635
2766	911	0.99450743
2766	2791	0.99310374
2766	594	0.9919907
2766	11	0.99067044
2766	2138	0.98610353
2766	608	0.98142374
2766	440	0.9761046
2766	2087	0.9576884
2767	2677	0.9769802
2767	2023	0.92874455
2767	1061	0.90498656
2767	2635	0.8799784
2767	608	0.65074575
2767	858	0.56959224
2767	589	0.5671259
2767	296	0.5173292
2767	1468	0.46787575
2767	356	0.42533603
2768	1682	0.99738646
2768	1639	0.9943124
2768	2058	0.99044544
2768	2571	0.98122656
2768	1721	0.98061323
2768	1095	0.9019187
2768	428	0.89946496
2768	2997	0.873598
2768	162	0.8647535
2768	2858	0.789673
2769	2391	0.9999707
2769	364	0.9992335
2769	899	0.9989526
2769	1270	0.9945219
2769	327	0.98781776
2769	924	0.9866199
2769	1267	0.9857384
2769	1617	0.98532295
2769	2353	0.9821111
2769	1259	0.96645164
2770	481	0.9994045
2770	2788	0.90016615
2770	1193	0.8973012
2770	370	0.8802122
2770	3307	0.7690957
2770	15	0.63853425
2770	1544	0.61518174
2770	1947	0.5638682
2770	1955	0.54364353
2770	1136	0.5038425
2771	1784	0.9940622
2771	318	0.99394786
2771	2490	0.99292743
2771	442	0.9795117
2771	2997	0.96699214
2771	2580	0.9595771
2771	1527	0.9554888
2771	1385	0.9505023
2771	1611	0.8922288
2771	3250	0.8632952
2772	2407	0.9969038
2772	2990	0.99399734
2772	1321	0.9870293
2772	1196	0.9722626
2772	2987	0.9709664
2772	2475	0.96671736
2772	2414	0.9638908
2772	2105	0.9376043
2772	2944	0.9332733
2772	1240	0.9237144
2773	296	0.99999714
2773	1945	0.999989
2773	34	0.9943427
2773	1104	0.9864043
2773	1247	0.98532015
2773	1208	0.9807427
2773	1230	0.9752071
2773	111	0.96821666
2773	110	0.957433
2773	2384	0.9557179
2774	3386	0.99995863
2774	529	0.9998431
2774	2686	0.9983902
2774	3071	0.9965813
2774	377	0.9960638
2774	1061	0.9960438
2774	3160	0.9928576
2774	1962	0.99125195
2774	1094	0.9848746
2774	1271	0.9683802
2775	2599	0.8887707
2775	3060	0.7593769
2775	1223	0.40511
2775	2285	0.33285093
2775	593	0.22890264
2775	720	0.20576948
2775	908	0.13030997
2775	1961	0.07707557
2775	2289	0.06763187
2775	111	0.049196005
2776	2144	0.99501514
2776	2599	0.9862269
2776	804	0.98274136
2776	25	0.9677364
2776	2473	0.9600245
2776	2717	0.94870555
2776	2795	0.94789594
2776	1171	0.9412967
2776	2054	0.93438435
2776	11	0.9310492
2777	1220	0.98542213
2777	2001	0.95797336
2777	1	0.9459289
2777	593	0.9108887
2777	2916	0.9090781
2777	21	0.8992903
2777	1089	0.89581066
2777	1356	0.8861101
2777	1663	0.817209
2777	588	0.79650974
2778	1784	0.99966776
2778	2973	0.9991983
2778	1211	0.99772
2778	3088	0.9919643
2778	3260	0.9620395
2778	1277	0.92983925
2778	1197	0.9142853
2778	1225	0.9060955
2778	1234	0.89801615
2778	2692	0.8779727
2779	1259	0.9976317
2779	1292	0.997064
2779	3421	0.9949387
2779	480	0.98257685
2779	3022	0.9806962
2779	3296	0.980108
2779	2859	0.9727721
2779	3394	0.9535805
2779	1976	0.95275664
2779	1178	0.95046866
2780	2772	0.9999946
2780	2369	0.98330116
2780	2395	0.97302103
2780	2683	0.7643361
2780	858	0.4773101
2780	608	0.46282044
2780	2710	0.43839487
2780	3114	0.3418138
2780	2580	0.19588372
2780	1848	0.17690703
2781	246	0.99946827
2781	1189	0.9943074
2781	750	0.98873025
2781	1086	0.9880495
2781	260	0.9877686
2781	2070	0.98516893
2781	1197	0.98242724
2781	1222	0.9766291
2781	2757	0.9727918
2781	1916	0.95957094
2782	441	0.9999533
2782	1569	0.99991345
2782	1641	0.99785614
2782	2492	0.99377745
2782	3253	0.9756623
2782	1517	0.95017374
2782	339	0.9335152
2782	2700	0.92413294
2782	1485	0.9116382
2782	1777	0.84898865
2783	1240	0.9994809
2783	2916	0.99905133
2783	1372	0.99898994
2783	1374	0.99885225
2783	2010	0.99095964
2783	2363	0.9647021
2783	2571	0.797979
2783	1206	0.790843
2783	1373	0.7677329
2783	1197	0.74928355
2784	293	0.99999005
2784	50	0.9999752
2784	1784	0.9999631
2784	47	0.9980036
2784	1265	0.9962033
2784	1785	0.99482584
2784	1393	0.99472666
2784	2384	0.99201095
2784	2329	0.98945177
2784	589	0.98768365
2785	2424	0.9996433
2785	708	0.9939492
2785	1953	0.9841419
2785	2371	0.9522307
2785	921	0.93812186
2785	1197	0.92397654
2785	11	0.8966367
2785	2407	0.7424394
2785	3420	0.7029991
2785	356	0.6207757
2786	786	0.9991617
2786	1219	0.99843204
2786	920	0.9967052
2786	1214	0.99086535
2786	1527	0.9888381
2786	593	0.9797218
2786	2797	0.97240967
2786	1374	0.9599706
2786	2006	0.9580159
2786	356	0.94090956
2787	2688	0.9999825
2787	608	0.99942195
2787	2761	0.9975032
2787	1193	0.966915
2787	1252	0.9346578
2787	2826	0.9233557
2787	858	0.9024291
2787	3421	0.8870104
2787	2599	0.83346224
2787	1200	0.810783
2788	926	0.99952507
2788	1272	0.9919317
2788	1939	0.989471
2788	919	0.97915226
2788	1253	0.97884154
2788	1294	0.9778035
2788	750	0.9741179
2788	2028	0.92661655
2788	1264	0.80600214
2788	2186	0.80255306
2789	541	0.999892
2789	1584	0.99987054
2789	1214	0.99871284
2789	1965	0.9984219
2789	329	0.99281156
2789	1580	0.9894219
2789	2363	0.9805887
2789	1129	0.9772857
2789	2021	0.97403497
2789	671	0.9626727
2790	923	0.99961865
2790	527	0.9981646
2790	1222	0.99324894
2790	3201	0.993012
2790	3169	0.99235106
2790	2997	0.98734874
2790	1704	0.8897228
2790	538	0.8820708
2790	296	0.8662182
2790	1217	0.8552803
2791	2401	0.98828137
2791	383	0.9483911
2791	3090	0.9290068
2791	3368	0.92642415
2791	3030	0.8725163
2791	599	0.8466673
2791	3074	0.81473845
2791	2070	0.7982254
2791	2951	0.7762909
2791	750	0.75066185
2792	36	0.99983287
2792	2571	0.99969745
2792	1193	0.9996755
2792	3418	0.9995892
2792	1513	0.99905884
2792	3178	0.9984061
2792	165	0.96843493
2792	1777	0.9664496
2792	1210	0.9542953
2792	778	0.95192564
2793	2289	0.98455215
2793	2336	0.94931555
2793	590	0.93626916
2793	1653	0.92082673
2793	2407	0.91686743
2793	2301	0.8651198
2793	1199	0.8004894
2793	648	0.7915603
2793	253	0.77527905
2793	1089	0.7614984
2794	2805	0.99366224
2794	2804	0.99294555
2794	2707	0.98970723
2794	86	0.9828181
2794	1617	0.971763
2794	2826	0.96725816
2794	923	0.95834064
2794	2329	0.9579743
2794	2683	0.9471038
2794	1207	0.94623166
2795	196	0.9999758
2795	2094	0.9994472
2795	1129	0.99900794
2795	32	0.997414
2795	1214	0.99669313
2795	2662	0.9909204
2795	1580	0.9149469
2795	1200	0.9043801
2795	1544	0.8944109
2795	1215	0.8889114
2796	1088	0.9993559
2796	2108	0.99251676
2796	2687	0.9890083
2796	595	0.98583186
2796	2124	0.9670553
2796	1333	0.9614744
2796	1219	0.95404553
2796	1951	0.95177966
2796	1597	0.9312243
2796	1396	0.9145251
2797	481	0.9999639
2797	2948	0.99991524
2797	110	0.997962
2797	1171	0.98366106
2797	2455	0.9693507
2797	2997	0.94518375
2797	223	0.874303
2797	3	0.83566093
2797	1971	0.8276162
2797	1976	0.7439977
2798	2186	0.99997497
2798	1244	0.9997847
2798	608	0.99826384
2798	924	0.99606085
2798	913	0.99138933
2798	926	0.9881094
2798	942	0.9791373
2798	1228	0.9788315
2798	3334	0.9776007
2798	923	0.96951294
2799	1	0.8604822
2799	720	0.7053179
2799	678	0.7019913
2799	2423	0.3395092
2799	1196	0.23930216
2799	1294	0.21030667
2799	2858	0.20477241
2799	34	0.08476204
2799	2918	0.07194841
2799	3147	0.06810394
2800	508	0.9997941
2800	47	0.99774647
2800	1271	0.99666727
2800	3316	0.99466777
2800	3176	0.9865518
2800	934	0.97722065
2800	2302	0.9484657
2800	2340	0.9212364
2800	3252	0.900108
2800	22	0.89333224
2801	3285	0.99998313
2801	2710	0.99807274
2801	2599	0.9923638
2801	1900	0.95663595
2801	2596	0.94831026
2801	2581	0.9055297
2801	3250	0.7868663
2801	2166	0.7792959
2801	22	0.4726032
2801	3238	0.47231606
2802	2599	0.9999727
2802	3176	0.99802256
2802	2580	0.9941412
2802	3160	0.9918047
2802	1200	0.98573184
2802	3174	0.97563744
2802	2694	0.92434144
2802	2087	0.9015483
2802	481	0.8905382
2802	480	0.88579446
2803	1288	0.9999929
2803	1259	0.99805653
2803	345	0.99775517
2803	3040	0.9870595
2803	1678	0.9862552
2803	1784	0.9834173
2803	1747	0.983202
2803	2987	0.9755847
2803	1955	0.9702567
2803	1968	0.9654683
2804	1573	0.9998597
2804	172	0.99966073
2804	2002	0.9991962
2804	457	0.99818987
2804	2167	0.9923329
2804	589	0.98523235
2804	2640	0.97907317
2804	1527	0.9743366
2804	2571	0.9640814
2804	2376	0.96212494
2805	1254	0.9999527
2805	919	0.9996523
2805	1944	0.9994401
2805	2023	0.99942017
2805	914	0.99791247
2805	34	0.99418455
2805	2132	0.99223804
2805	1230	0.9918463
2805	1207	0.9918045
2805	918	0.9760604
2806	2797	0.99523705
2806	588	0.99455464
2806	3253	0.9913099
2806	2502	0.9885498
2806	2028	0.9776871
2806	2161	0.9732466
2806	1246	0.9621525
2806	2723	0.94974005
2806	1270	0.9462681
2806	1278	0.938812
2807	2858	0.9993959
2807	1131	0.999286
2807	955	0.99286234
2807	265	0.9926582
2807	608	0.98927695
2807	300	0.98918635
2807	910	0.98520035
2807	1960	0.9711851
2807	11	0.9574834
2807	1042	0.9451473
2808	1544	0.9948112
2808	2966	0.9837178
2808	1277	0.9805343
2808	1242	0.96419406
2808	2455	0.9360441
2808	1270	0.93270653
2808	2117	0.9297265
2808	1200	0.8962779
2808	1198	0.86284053
2808	1092	0.83250093
2809	2291	0.99988663
2809	73	0.9996325
2809	2746	0.9987726
2809	2000	0.99646086
2809	2406	0.99220765
2809	1125	0.99016124
2809	1394	0.98814106
2809	1885	0.98368347
2809	2791	0.9834523
2809	150	0.968281
2810	592	0.989966
2810	2805	0.9860473
2810	2114	0.9716235
2810	848	0.96971637
2810	1391	0.92198735
2810	2571	0.92063886
2810	3147	0.9123842
2810	2490	0.910648
2810	802	0.861199
2810	594	0.8563813
2811	1251	0.9998711
2811	2677	0.99955183
2811	111	0.9993602
2811	246	0.9970063
2811	750	0.994032
2811	608	0.9869567
2811	593	0.9727006
2811	2732	0.95841354
2811	1034	0.9499522
2811	1089	0.93279815
2812	1610	0.9999863
2812	3107	0.99992496
2812	292	0.9991715
2812	1722	0.9972991
2812	1198	0.9954157
2812	2411	0.9912909
2812	2403	0.9873335
2812	1291	0.98299557
2812	2023	0.9826652
2812	1196	0.9806862
2813	1289	0.9654791
2813	1200	0.7241689
2813	1965	0.5374436
2813	260	0.48357433
2813	750	0.29793704
2813	1204	0.2821294
2813	1240	0.09935343
2813	527	0.085817456
2813	1198	0.08014095
2813	2020	0.08003801
2814	2540	0.9998448
2814	2861	0.9984561
2814	3113	0.998075
2814	2961	0.997332
2814	1616	0.99564064
2814	485	0.9936088
2814	780	0.9927617
2814	3155	0.9912166
2814	1092	0.9881661
2814	1265	0.9823481
2815	2628	0.9988315
2815	2571	0.9975359
2815	589	0.99296397
2815	151	0.9919614
2815	132	0.9843271
2815	474	0.9841554
2815	1617	0.9357015
2815	1721	0.9139248
2815	412	0.9100124
2815	553	0.9017316
2816	589	0.9999456
2816	1240	0.9941822
2816	2948	0.99077374
2816	1198	0.96529937
2816	1201	0.92872405
2816	858	0.92674345
2816	2023	0.9190478
2816	1917	0.79596066
2816	2524	0.7026789
2816	673	0.64130354
2817	3044	0.9999006
2817	2762	0.99900067
2817	3108	0.9965199
2817	457	0.99615324
2817	529	0.9899223
2817	589	0.9796462
2817	2791	0.9599267
2817	3253	0.95355344
2817	527	0.95344025
2817	1923	0.95138836
2818	1210	0.9993478
2818	353	0.99837554
2818	2423	0.9908402
2818	2918	0.9873658
2818	3418	0.98698086
2818	2716	0.9832343
2818	2762	0.966277
2818	750	0.9592358
2818	1247	0.94908595
2818	194	0.94875443
2819	2409	0.999998
2819	2411	0.98874784
2819	3160	0.9760276
2819	1210	0.66579986
2819	2858	0.62582916
2819	1968	0.4681038
2819	3316	0.17661268
2819	1196	0.14366218
2819	1193	0.11738494
2819	2367	0.11406937
2820	1199	0.99998623
2820	1079	0.98345125
2820	733	0.97585106
2820	1834	0.92783487
2820	1377	0.92010754
2820	2539	0.9008974
2820	2111	0.8781338
2820	2110	0.8728552
2820	1129	0.8607813
2820	1222	0.84383464
2821	3408	0.9961623
2821	524	0.96563625
2821	2858	0.8995769
2821	2791	0.87317765
2821	2355	0.7257128
2821	3160	0.43377435
2821	2160	0.37865245
2821	2324	0.36446792
2821	1719	0.26735443
2821	1035	0.25563198
2822	2262	0.99991566
2822	2312	0.99984187
2822	902	0.9997846
2822	2124	0.9979382
2822	206	0.9977866
2822	141	0.9965636
2822	1304	0.9962703
2822	1092	0.9958508
2822	1721	0.9925258
2822	608	0.9839462
2823	3246	0.999568
2823	2762	0.9973618
2823	2625	0.98957807
2823	1673	0.98159105
2823	29	0.9377419
2823	2912	0.87285435
2823	3265	0.84809744
2823	1527	0.83651316
2823	1233	0.81290305
2823	1772	0.7577864
2824	25	0.9990566
2824	95	0.99690276
2824	1858	0.98590815
2824	555	0.9848726
2824	2427	0.98237073
2824	1213	0.9804524
2824	1625	0.97741175
2824	1500	0.9526378
2824	1608	0.9270831
2824	2761	0.91955554
2825	3176	0.9998722
2825	1694	0.9994056
2825	2357	0.9984629
2825	1584	0.99319685
2825	1641	0.9795037
2825	3265	0.9626379
2825	322	0.94982564
2825	2427	0.9044417
2825	28	0.8937064
2825	1212	0.8897767
2826	2208	0.9993304
2826	969	0.9985385
2826	1946	0.993845
2826	1294	0.9884913
2826	2395	0.98463243
2826	1945	0.9786297
2826	1237	0.9744619
2826	2997	0.9486449
2826	909	0.9276407
2826	924	0.9253659
2827	2541	0.86343
2827	2716	0.8152112
2827	2011	0.79129905
2827	2858	0.6429682
2827	2710	0.64093876
2827	2598	0.48846492
2827	2706	0.35338402
2827	2492	0.34390727
2827	858	0.30396956
2827	2606	0.2730261
2828	2770	0.99998516
2828	223	0.9976879
2828	2580	0.9971287
2828	2772	0.9896939
2828	2710	0.9860911
2828	2333	0.9142742
2828	1500	0.8539444
2828	1721	0.84638155
2828	1213	0.837565
2828	3298	0.79951143
2829	1221	0.99304813
2829	2023	0.9755076
2829	1198	0.95030767
2829	366	0.9240931
2829	762	0.9075092
2829	2872	0.798959
2829	3424	0.70642656
2829	2269	0.68721485
2829	1201	0.66322565
2829	1785	0.62880385
2830	2716	0.99270195
2830	1252	0.9613159
2830	1198	0.9604925
2830	800	0.94830966
2830	2762	0.93974555
2830	1645	0.9377412
2830	45	0.9322196
2830	2841	0.7794454
2830	1196	0.77471316
2830	1347	0.7609192
2831	908	0.9360988
2831	3147	0.9358612
2831	1213	0.8308664
2831	1035	0.75404227
2831	2858	0.7215041
2831	111	0.653445
2831	2455	0.47533435
2831	1	0.40331283
2831	2706	0.37906846
2831	1810	0.19441843
2832	1500	0.9989698
2832	720	0.9986063
2832	1213	0.9981516
2832	3424	0.9900509
2832	2396	0.98841584
2832	2064	0.9819005
2832	58	0.9810375
2832	2248	0.9781828
2832	1197	0.97744966
2832	1244	0.97679704
2833	2692	0.99991655
2833	2683	0.9998428
2833	1127	0.9970219
2833	2858	0.9924462
2833	2599	0.9600805
2833	2707	0.68922067
2833	2959	0.6370548
2833	2396	0.5390776
2833	2433	0.32058448
2833	2706	0.29934013
2834	949	0.9996482
2834	908	0.9969738
2834	1237	0.99426496
2834	1193	0.97483563
2834	954	0.89178526
2834	1263	0.8565418
2834	912	0.84330106
2834	2351	0.8403603
2834	728	0.6635058
2834	1207	0.6504307
2835	3181	0.99999785
2835	475	0.9924279
2835	41	0.96436393
2835	3060	0.9583833
2835	3163	0.93138427
2835	524	0.7244723
2835	2455	0.69264233
2835	2303	0.6159024
2835	529	0.40533465
2835	2324	0.27172643
2836	110	0.90111613
2836	1265	0.532641
2836	1441	0.24304003
2836	161	0.12145692
2836	1	0.07648593
2836	912	0.07013053
2836	527	0.064620554
2836	349	0.048877686
2836	1090	0.037395775
2836	553	0.030427784
2837	2622	0.99485296
2837	1089	0.9930995
2837	2324	0.98372006
2837	6	0.9713875
2837	1587	0.96938205
2837	357	0.9677713
2837	2968	0.9480555
2837	2571	0.9050877
2837	1320	0.9028032
2837	1080	0.8994868
2838	923	0.9769169
2838	1237	0.5141714
2838	1617	0.42410988
2838	1194	0.13659391
2838	1221	0.10573235
2838	1079	0.073013306
2838	1247	0.06746936
2838	2416	0.06722379
2838	1198	0.064237356
2838	1219	0.04180655
2839	3176	0.99788487
2839	1617	0.9967742
2839	2395	0.9956516
2839	2762	0.9877027
2839	2355	0.9772668
2839	2987	0.97362113
2839	1093	0.970929
2839	2803	0.96557915
2839	2908	0.90969396
2839	2712	0.90895915
2840	1608	0.99996734
2840	2572	0.99934053
2840	2081	0.99758995
2840	2959	0.99637705
2840	2858	0.99464715
2840	2761	0.9937166
2840	1343	0.9870924
2840	442	0.9791603
2840	2791	0.9653839
2840	3006	0.95150506
2841	2997	0.99996734
2841	1230	0.9995918
2841	1041	0.997839
2841	1196	0.99385154
2841	1084	0.97549593
2841	1949	0.9614438
2841	1094	0.96031517
2841	1704	0.9485674
2841	2186	0.9082472
2841	215	0.9080835
2842	3173	0.9998125
2842	2858	0.9917624
2842	293	0.8784757
2842	1	0.8212335
2842	1358	0.7934112
2842	2530	0.78803116
2842	482	0.7676009
2842	1617	0.71213865
2842	22	0.67667556
2842	1589	0.6229733
2843	3418	0.99886477
2843	2858	0.9949352
2843	199	0.9131025
2843	1235	0.9039167
2843	1416	0.8985756
2843	1191	0.80628264
2843	1259	0.71795756
2843	110	0.65199
2843	3101	0.55350125
2843	2657	0.4461789
2844	3300	0.99999857
2844	3301	0.9997896
2844	3174	0.99887264
2844	2987	0.9958631
2844	2571	0.99427575
2844	2540	0.99118817
2844	2912	0.9852755
2844	1034	0.9843979
2844	3317	0.980402
2844	2115	0.96605414
2845	1198	0.99994326
2845	2105	0.9998761
2845	2161	0.9997887
2845	1126	0.9972888
2845	110	0.994728
2845	480	0.9525834
2845	356	0.93284655
2845	2968	0.92052174
2845	1702	0.8938548
2845	2399	0.859162
2846	1552	0.9999037
2846	1207	0.9996145
2846	2126	0.99899685
2846	1500	0.99870723
2846	1294	0.9986422
2846	1883	0.99784684
2846	2881	0.9973898
2846	3052	0.9955729
2846	1673	0.9931605
2846	1517	0.98640966
2847	318	0.9952173
2847	2105	0.9939238
2847	2140	0.98542964
2847	2054	0.9809661
2847	441	0.9807911
2847	3033	0.9773662
2847	1259	0.9766444
2847	1	0.9729647
2847	590	0.96886384
2847	1608	0.9638371
2848	2529	0.9999752
2848	1527	0.9999335
2848	1580	0.9999064
2848	2687	0.99878424
2848	589	0.9954936
2848	733	0.98519105
2848	2116	0.9850276
2848	1275	0.9848527
2848	1175	0.9816135
2848	2028	0.9807018
2849	2936	0.99993443
2849	1244	0.9996761
2849	2303	0.99796
2849	910	0.9940573
2849	2361	0.9773385
2849	2731	0.9772004
2849	21	0.8097318
2849	3093	0.8034347
2849	2858	0.7377859
2849	905	0.7203535
2850	1198	0.99998057
2850	3174	0.97786325
2850	480	0.9753404
2850	1580	0.9736119
2850	459	0.936401
2850	2628	0.8641405
2850	1303	0.8061346
2850	2871	0.6598259
2850	2336	0.54237556
2850	1275	0.51213986
2851	2683	0.99997675
2851	2706	0.9998554
2851	247	0.93274164
2851	2975	0.8650534
2851	2396	0.81501305
2851	2492	0.7898828
2851	685	0.7137764
2851	218	0.21697637
2851	1399	0.17835069
2851	1176	0.13082689
2852	1261	0.9999864
2852	196	0.99940497
2852	1193	0.99102026
2852	532	0.9840287
2852	316	0.9247282
2852	2713	0.90413415
2852	3362	0.8303758
2852	1573	0.6900959
2852	2959	0.40226296
2852	2747	0.22453588
2853	2997	0.99684477
2853	2804	0.99282205
2853	551	0.9924908
2853	1466	0.9917371
2853	1611	0.9818195
2853	232	0.97103286
2853	1259	0.96702796
2853	1516	0.9484366
2853	497	0.94782245
2853	45	0.9355804
2854	2662	0.9984208
2854	1327	0.9894629
2854	1136	0.9827772
2854	1944	0.9719959
2854	589	0.9673876
2854	1333	0.95442355
2854	110	0.94904387
2854	2997	0.93426204
2854	555	0.8998983
2854	3147	0.8530431
2855	3301	0.9998151
2855	3355	0.99932253
2855	2858	0.98730683
2855	1214	0.82821023
2855	3147	0.7434576
2855	3354	0.6370913
2855	608	0.5480545
2855	358	0.52593553
2855	104	0.31987017
2855	3083	0.26823193
2856	2268	0.998296
2856	1213	0.99691993
2856	3114	0.99504113
2856	733	0.9858134
2856	3159	0.97667557
2856	318	0.97275466
2856	1393	0.74980974
2856	1442	0.6902709
2856	1465	0.5799136
2856	1268	0.56934816
2857	208	0.9908906
2857	799	0.9078511
2857	1848	0.8047099
2857	593	0.74797565
2857	2012	0.68865496
2857	3267	0.61434597
2857	2642	0.6089318
2857	1032	0.606879
2857	2161	0.5764687
2857	2716	0.5432648
2858	1835	0.9976321
2858	2396	0.9843631
2858	1777	0.89604294
2858	708	0.89295495
2858	1210	0.74948096
2858	105	0.5369122
2858	587	0.49080077
2858	2088	0.48654887
2858	357	0.47214842
2858	1265	0.34032345
2859	994	0.9949125
2859	1196	0.9923116
2859	1207	0.98213154
2859	480	0.9774473
2859	2571	0.97527957
2859	3033	0.9696915
2859	260	0.9613227
2859	1784	0.95567995
2859	2987	0.95469797
2859	1732	0.94666165
2860	2699	0.9986948
2860	1333	0.9962542
2860	2858	0.9926394
2860	1358	0.9837964
2860	2348	0.97234154
2860	2289	0.9628078
2860	1394	0.9575759
2860	1963	0.9573889
2860	2302	0.94936264
2860	1673	0.94803387
2861	17	0.9945198
2861	1639	0.9876342
2861	2718	0.9792288
2861	3051	0.9594836
2861	2759	0.94718075
2861	2881	0.8978462
2861	3160	0.8274722
2861	2712	0.79344344
2861	785	0.78758913
2861	2770	0.7778342
2862	1028	0.9999957
2862	920	0.99991393
2862	2529	0.9970906
2862	364	0.97895765
2862	73	0.9319272
2862	2300	0.9259641
2862	1674	0.8962997
2862	1282	0.8681825
2862	1084	0.8679652
2862	3362	0.8432789
2863	1611	0.99931645
2863	232	0.999055
2863	2908	0.99855673
2863	1885	0.9960979
2863	3347	0.9925034
2863	1859	0.9922228
2863	1635	0.9868448
2863	265	0.9703481
2863	1245	0.9662243
2863	1358	0.93771106
2864	2683	0.9999012
2864	608	0.95835555
2864	2580	0.828514
2864	2762	0.6872081
2864	2719	0.57820195
2864	2395	0.4978891
2864	2700	0.33698088
2864	1513	0.18858394
2864	2827	0.17732966
2864	2997	0.15383002
2865	2734	1.0
2865	1911	0.9983179
2865	3263	0.99777806
2865	2431	0.9953339
2865	736	0.98711157
2865	1210	0.9775799
2865	3189	0.96188927
2865	2805	0.9550974
2865	2396	0.9550302
2865	3285	0.95400417
2866	2194	0.99714863
2866	1610	0.99693
2866	2033	0.99528766
2866	1552	0.9949135
2866	1580	0.9911798
2866	1396	0.97846985
2866	1222	0.9728111
2866	329	0.9703187
2866	1287	0.90398157
2866	2950	0.85759157
2867	110	0.9759542
2867	3287	0.91535026
2867	1810	0.42703727
2867	2028	0.4166918
2867	1283	0.39715412
2867	2922	0.37169132
2867	3354	0.2833717
2867	1721	0.27543366
2867	3317	0.24810177
2867	210	0.13345864
2868	2571	0.9999138
2868	1320	0.9991957
2868	2701	0.999139
2868	2034	0.99895763
2868	1882	0.9972389
2868	1253	0.9969758
2868	2232	0.9896902
2868	405	0.9818599
2868	426	0.9642434
2868	1301	0.9591699
2869	1733	0.7929631
2869	1269	0.77239466
2869	3418	0.72000057
2869	1503	0.37585127
2869	2792	0.374652
2869	1961	0.37214243
2869	260	0.24246308
2869	3363	0.19147831
2869	2173	0.1880481
2869	1214	0.118976146
2870	1089	0.9996097
2870	1641	0.99955475
2870	345	0.9981447
2870	457	0.99738425
2870	150	0.98475564
2870	2321	0.86417866
2870	778	0.858042
2870	2686	0.82775646
2870	1054	0.7944936
2870	1111	0.76655453
2871	1350	0.99988395
2871	1219	0.9997613
2871	2003	0.9953057
2871	968	0.9733925
2871	1345	0.93561363
2871	1333	0.8566619
2871	2746	0.8188815
2871	2288	0.6598025
2871	1079	0.5092026
2871	1307	0.31038547
2872	2289	0.9991906
2872	1358	0.98373985
2872	3044	0.97756493
2872	1680	0.9637417
2872	3006	0.96362364
2872	2788	0.9563434
2872	1304	0.9404151
2872	1885	0.9166523
2872	3083	0.908746
2872	1193	0.87076676
2873	249	0.9997587
2873	3081	0.9959897
2873	1226	0.99506414
2873	165	0.9923681
2873	783	0.9876674
2873	916	0.98605573
2873	1653	0.9824221
2873	534	0.97983867
2873	1801	0.97518617
2873	1680	0.9717099
2874	1230	0.9998754
2874	910	0.99953103
2874	1256	0.9992696
2874	909	0.99732363
2874	1103	0.98835886
2874	1172	0.9679781
2874	898	0.93005323
2874	912	0.91390115
2874	2935	0.9120511
2874	588	0.8073765
2875	589	0.99979484
2875	1584	0.98834085
2875	750	0.9624821
2875	1653	0.89605135
2875	1200	0.85400903
2875	1387	0.5552032
2875	924	0.4685741
2875	2010	0.44145602
2875	2797	0.38480157
2875	1127	0.3447216
2876	2858	0.99900913
2876	377	0.99262047
2876	2791	0.985891
2876	368	0.9631138
2876	1722	0.96216774
2876	288	0.9498987
2876	741	0.8626252
2876	1785	0.8482243
2876	3208	0.8409581
2876	1177	0.8320996
2877	1127	0.9985658
2877	32	0.9982054
2877	2916	0.9975166
2877	1917	0.9962241
2877	2167	0.9940115
2877	3070	0.9929424
2877	2617	0.9879722
2877	2294	0.9736293
2877	2995	0.95072365
2877	2313	0.9452566
2878	1673	0.98112607
2878	3408	0.9508716
2878	2470	0.94967806
2878	2006	0.9339863
2878	2133	0.91956246
2878	1597	0.91608346
2878	3148	0.8930554
2878	262	0.88477457
2878	3095	0.88411385
2878	933	0.87006915
2879	593	0.9996989
2879	1961	0.9979821
2879	1213	0.9921087
2879	920	0.9830294
2879	2023	0.9805864
2879	111	0.95259976
2879	2858	0.9497864
2879	527	0.88686645
2879	1569	0.8316181
2879	608	0.8302586
2880	2968	0.9990372
2880	1394	0.99708676
2880	608	0.9970748
2880	2763	0.99155235
2880	2959	0.9806515
2880	1376	0.96936035
2880	1269	0.95621383
2880	2407	0.94599223
2880	1104	0.9430155
2880	2788	0.93279386
2881	2858	0.9619743
2881	2038	0.951398
2881	2710	0.87280214
2881	2395	0.85196495
2881	2392	0.8496872
2881	2485	0.80622053
2881	1513	0.77878106
2881	2617	0.6281121
2881	1261	0.6159347
2881	1676	0.60722816
2882	1580	0.9987875
2882	1747	0.99779534
2882	1	0.9972881
2882	1584	0.99401647
2882	3114	0.9915463
2882	838	0.98911035
2882	2125	0.9778085
2882	1653	0.976982
2882	852	0.96652603
2882	1042	0.96492684
2883	2702	0.9997653
2883	2826	0.9992376
2883	2827	0.9987703
2883	3159	0.99839556
2883	3053	0.98719764
2883	2770	0.9595829
2883	2694	0.9417763
2883	3398	0.93109655
2883	2329	0.9127036
2883	3354	0.79552567
2884	17	0.9510496
2884	1247	0.8476769
2884	2336	0.814185
2884	527	0.7304971
2884	3254	0.7065925
2884	1411	0.5152628
2884	249	0.41376507
2884	912	0.3897082
2884	1193	0.10636744
2884	543	0.08543104
2885	2248	0.99717116
2885	2788	0.9828383
2885	1476	0.9813496
2885	3148	0.980188
2885	3255	0.961103
2885	2791	0.9524073
2885	520	0.9472958
2885	3396	0.9310001
2885	2355	0.9164689
2885	3361	0.90434575
2886	2490	0.99996495
2886	2353	0.9999439
2886	368	0.99993986
2886	786	0.999928
2886	480	0.9995607
2886	316	0.9984833
2886	208	0.9983885
2886	2273	0.99825376
2886	1876	0.996814
2886	1370	0.99196416
2887	1597	0.99976635
2887	3256	0.9996354
2887	11	0.990445
2887	224	0.983178
2887	1918	0.9699682
2887	1073	0.96552145
2887	1263	0.9500297
2887	608	0.90430534
2887	2762	0.90172756
2887	597	0.9009757
2888	555	0.9989328
2888	104	0.9973977
2888	1408	0.9927392
2888	1580	0.9660437
2888	1552	0.96443486
2888	2406	0.95196325
2888	2683	0.94944763
2888	509	0.92725503
2888	2167	0.88759077
2888	1287	0.859166
2889	1272	0.9999627
2889	1343	0.99996245
2889	1104	0.99949133
2889	969	0.9989201
2889	1294	0.99796045
2889	1252	0.9979229
2889	953	0.9970165
2889	318	0.99404967
2889	508	0.992872
2889	900	0.9904691
2890	913	0.9998356
2890	1200	0.999295
2890	1291	0.99917275
2890	1527	0.98697406
2890	589	0.9849586
2890	2987	0.9169668
2890	1344	0.87249076
2890	3104	0.82458025
2890	112	0.6404673
2890	904	0.6307626
2891	3004	0.9996189
2891	2759	0.99713105
2891	2762	0.98564774
2891	2975	0.96879613
2891	2546	0.936947
2891	1064	0.93588006
2891	1517	0.9268935
2891	2394	0.90144205
2891	2188	0.89680564
2891	455	0.7843672
2892	1931	0.9997832
2892	3412	0.999732
2892	1197	0.9972166
2892	916	0.9726361
2892	940	0.9692898
2892	2987	0.9618226
2892	1283	0.9461026
2892	2015	0.8895142
2892	2105	0.8217218
2892	951	0.80152106
2893	1210	0.96262026
2893	318	0.9018223
2893	110	0.8206867
2893	1127	0.7106186
2893	2378	0.611988
2893	592	0.56031966
2893	260	0.40367532
2893	1208	0.3210367
2893	2115	0.2863586
2893	608	0.2371355
2894	260	0.9994762
2894	2993	0.99831736
2894	1610	0.9934997
2894	2006	0.98957133
2894	1959	0.9757079
2894	1201	0.95069146
2894	1196	0.93178654
2894	1377	0.85767317
2894	474	0.79730344
2894	688	0.79185915
2895	2858	0.9999376
2895	1240	0.99690455
2895	2640	0.9967575
2895	2268	0.9784543
2895	3072	0.97000885
2895	380	0.9567586
2895	2542	0.9566812
2895	924	0.9542072
2895	2352	0.9527944
2895	1678	0.9404944
2896	1722	0.9994842
2896	3156	0.99941593
2896	2699	0.9993774
2896	2572	0.9988675
2896	3148	0.99288666
2896	2018	0.98530596
2896	1527	0.9738855
2896	2881	0.96999025
2896	165	0.96546245
2896	1608	0.96488863
2897	196	0.9998703
2897	1527	0.99970865
2897	1391	0.9631313
2897	1097	0.9487649
2897	1199	0.9366131
2897	1214	0.8377412
2897	2571	0.75758326
2897	2401	0.71686006
2897	1653	0.69035596
2897	2527	0.67207956
2898	540	0.99948364
2898	1873	0.99152166
2898	2391	0.976707
2898	1617	0.96456105
2898	2599	0.95668805
2898	204	0.95283854
2898	1610	0.9527422
2898	589	0.9429785
2898	535	0.90145993
2898	1270	0.89112043
2899	3421	0.9987305
2899	39	0.9856237
2899	2915	0.9681241
2899	348	0.94690746
2899	2499	0.9410418
2899	2599	0.853464
2899	1966	0.84035754
2899	2664	0.80484205
2899	3264	0.7927324
2899	788	0.78050125
2900	1079	0.9995568
2900	1214	0.99359107
2900	1374	0.98191535
2900	1240	0.96814716
2900	1278	0.963169
2900	1269	0.9563999
2900	3257	0.9556152
2900	2706	0.9547179
2900	1394	0.91825914
2900	2194	0.90768504
2901	1617	0.99985945
2901	2194	0.99981654
2901	1207	0.99770224
2901	3421	0.99731594
2901	1641	0.9956072
2901	1304	0.9947872
2901	3196	0.9945208
2901	1213	0.988702
2901	1267	0.98175573
2901	1129	0.9786631
2902	1061	0.99757874
2902	2082	0.991861
2902	1213	0.9772327
2902	1466	0.96256423
2902	231	0.9624866
2902	370	0.9346633
2902	2599	0.88279915
2902	2023	0.8658571
2902	2539	0.72634596
2902	1562	0.70376486
2903	3147	0.99989057
2903	2858	0.9996812
2903	1527	0.99937475
2903	1393	0.99898285
2903	1689	0.9985137
2903	1265	0.9984076
2903	1544	0.9979907
2903	2581	0.99770486
2903	1882	0.99753654
2903	1784	0.99682
2904	2599	0.999333
2904	3148	0.99278307
2904	1093	0.99171627
2904	2686	0.99030614
2904	608	0.989305
2904	161	0.9765847
2904	1784	0.9562808
2904	2694	0.95284545
2904	249	0.92783475
2904	1225	0.91439974
2905	2628	0.9999962
2905	1097	0.9996654
2905	3176	0.99958384
2905	1265	0.99869895
2905	2973	0.9963947
2905	2968	0.9932772
2905	2915	0.9859433
2905	2011	0.9813148
2905	3147	0.9793098
2905	3114	0.9726516
2906	589	0.9998316
2906	1200	0.9996324
2906	1214	0.9987675
2906	1206	0.99267817
2906	1127	0.8844451
2906	1653	0.8256329
2906	3070	0.82119995
2906	1009	0.8102578
2906	1301	0.603111
2906	2021	0.47334298
2907	474	0.9756408
2907	2710	0.95976716
2907	2761	0.9422294
2907	2384	0.94214404
2907	906	0.9270918
2907	914	0.91746175
2907	2987	0.87295544
2907	2245	0.815374
2907	1259	0.804472
2907	1544	0.7993945
2908	3016	0.99648285
2908	1982	0.98567075
2908	3081	0.9812782
2908	253	0.907938
2908	2428	0.8942415
2908	2762	0.8923026
2908	3018	0.6757632
2908	2003	0.47059745
2908	2401	0.43583006
2908	2550	0.3141072
2909	1569	0.98047173
2909	1678	0.92105687
2909	539	0.91944456
2909	293	0.9171666
2909	1380	0.9158029
2909	3421	0.872432
2909	2021	0.8500911
2909	2916	0.8476255
2909	1197	0.83547145
2909	3404	0.8324903
2910	1345	0.9989301
2910	1975	0.9967061
2910	1258	0.9539321
2910	1976	0.9428008
2910	1387	0.9248332
2910	2716	0.9238062
2910	2793	0.70333165
2910	2997	0.5307852
2910	2044	0.50588036
2910	2713	0.50536585
2911	223	0.99979633
2911	364	0.9992264
2911	3176	0.99922454
2911	2908	0.9854628
2911	1517	0.9758195
2911	2997	0.96149445
2911	2712	0.9474566
2911	2028	0.9410352
2911	1784	0.92658544
2911	2622	0.91476387
2912	1503	0.9995694
2912	924	0.9707295
2912	2015	0.9458655
2912	1367	0.8978878
2912	2971	0.720548
2912	1733	0.69651324
2912	1203	0.6278236
2912	1517	0.5568928
2912	969	0.4808788
2912	3354	0.4802664
2913	2020	0.998491
2913	246	0.98948
2913	1285	0.9876236
2913	1947	0.9791758
2913	348	0.9740889
2913	1962	0.9727935
2913	3163	0.9671443
2913	953	0.961293
2913	2000	0.9597175
2913	1408	0.94728804
2914	1057	0.99992895
2914	111	0.99988633
2914	1772	0.9992964
2914	1278	0.994604
2914	1	0.9827417
2914	1947	0.97798514
2914	899	0.9476161
2914	2300	0.7594739
2914	2060	0.75937927
2914	1265	0.68705314
2915	1036	0.99119705
2915	1210	0.9641044
2915	1234	0.93266666
2915	911	0.80301934
2915	1238	0.7621875
2915	608	0.68402916
2915	1288	0.6706111
2915	2716	0.6578393
2915	1278	0.61530894
2915	1674	0.5968739
2916	3260	0.99999845
2916	1230	0.99974644
2916	3101	0.9990529
2916	1392	0.99734396
2916	1176	0.98180294
2916	2232	0.978961
2916	235	0.9398351
2916	1094	0.9224739
2916	2144	0.9218123
2916	1252	0.87740254
2917	2858	0.9987222
2917	1266	0.99822056
2917	3174	0.9975296
2917	1259	0.9957212
2917	3148	0.9940742
2917	750	0.99388605
2917	1215	0.99090874
2917	154	0.98986214
2917	480	0.9872065
2917	1206	0.9869287
2918	1704	0.9985037
2918	556	0.99016213
2918	1175	0.9837797
2918	3267	0.97503364
2918	3263	0.9730499
2918	1748	0.9587863
2918	1	0.945408
2918	2686	0.937271
2918	322	0.92560256
2918	2761	0.89302266
2919	2791	0.99031866
2919	32	0.98603356
2919	168	0.9737879
2919	1094	0.97324437
2919	1610	0.95268416
2919	2657	0.95026094
2919	593	0.9368712
2919	2858	0.9312085
2919	1527	0.91059893
2919	611	0.8830029
2920	1200	0.97219104
2920	1210	0.91870403
2920	1288	0.90504444
2920	1240	0.85440665
2920	481	0.8355011
2920	50	0.6330421
2920	2791	0.36636972
2920	593	0.30260122
2920	199	0.18550411
2920	1097	0.1677104
2921	589	0.9999636
2921	2553	0.99984396
2921	1356	0.9997995
2921	1320	0.99944204
2921	1077	0.9987663
2921	2985	0.94392335
2921	1391	0.93493277
2921	924	0.9304954
2921	1238	0.9218071
2921	608	0.61258394
2922	1220	0.99959695
2922	673	0.9986857
2922	3175	0.9986436
2922	2622	0.99747646
2922	70	0.99717
2922	2687	0.99592125
2922	2858	0.98608536
2922	1307	0.9859942
2922	112	0.98267996
2922	367	0.9772455
2923	2791	0.9999826
2923	2918	0.99722874
2923	1394	0.9950171
2923	1270	0.9936546
2923	1080	0.7297666
2923	370	0.41449243
2923	3210	0.2802202
2923	2716	0.21388957
2923	3208	0.18169233
2923	586	0.131776
2924	2770	0.9880498
2924	2713	0.98623145
2924	2706	0.6214873
2924	2881	0.39555025
2924	3113	0.38970196
2924	2392	0.38764897
2924	2572	0.31002003
2924	2541	0.27735662
2924	2617	0.08814353
2924	1127	0.06677708
2925	2504	0.9882251
2925	1091	0.78134614
2925	3252	0.67509115
2925	2916	0.6131791
2925	480	0.4520978
2925	2054	0.32645917
2925	586	0.252882
2925	3418	0.23342457
2925	1707	0.18152013
2925	2110	0.16656828
2926	1042	0.99737704
2926	2671	0.97800314
2926	1393	0.9680029
2926	1408	0.936616
2926	1416	0.89494497
2926	1441	0.88896066
2926	1059	0.8721329
2926	2707	0.866511
2926	1892	0.84495664
2926	647	0.82508427
2927	2020	0.99999
2927	1198	0.99998915
2927	1680	0.99998856
2927	339	0.9992814
2927	1393	0.9991973
2927	902	0.9989071
2927	920	0.9931959
2927	2987	0.98999876
2927	2006	0.98962486
2927	2424	0.98729146
2928	674	0.9972788
2928	1965	0.9864547
2928	1247	0.98626965
2928	1304	0.9853828
2928	1946	0.9834218
2928	555	0.981726
2928	1230	0.98042023
2928	1084	0.9790125
2928	1321	0.9741787
2928	2947	0.95289546
2929	2456	0.9989697
2929	1079	0.99864125
2929	3253	0.9963535
2929	1080	0.99568814
2929	32	0.9662052
2929	3261	0.9492355
2929	648	0.92526376
2929	1956	0.92257833
2929	2020	0.8928213
2929	880	0.88873327
2930	1096	0.9999975
2930	2068	0.96083975
2930	3083	0.93368167
2930	858	0.692129
2930	1678	0.679619
2930	3241	0.62245834
2930	111	0.56966287
2930	1415	0.47141495
2930	3350	0.41875058
2930	1177	0.35299194
2931	457	0.999194
2931	1407	0.9969234
2931	2671	0.99579525
2931	524	0.9930521
2931	3189	0.9886933
2931	1517	0.9851198
2931	511	0.9815796
2931	145	0.96073645
2931	531	0.9558996
2931	2770	0.94479823
2932	2762	0.99937046
2932	296	0.99851346
2932	2628	0.90706825
2932	593	0.8668812
2932	1028	0.7988049
2932	50	0.7213422
2932	1059	0.6284316
2932	47	0.49491167
2932	318	0.4933382
2932	2396	0.3497876
2933	1271	0.9993601
2933	912	0.9986124
2933	3250	0.9967822
2933	1358	0.9877887
2933	1233	0.9503049
2933	2959	0.93735814
2933	1500	0.8531085
2933	2294	0.8258097
2933	163	0.64949954
2933	1385	0.6364006
2934	1393	0.99969804
2934	858	0.9918996
2934	2875	0.98561156
2934	3260	0.96369314
2934	2641	0.96298945
2934	2987	0.9593499
2934	62	0.9529785
2934	3250	0.94531894
2934	1408	0.9376869
2934	2384	0.93716836
2935	435	0.9989954
2935	293	0.99618185
2935	3300	0.9813237
2935	367	0.9175764
2935	1591	0.87195385
2935	1831	0.73348767
2935	481	0.7179298
2935	2167	0.6373558
2935	3156	0.44731557
2935	2322	0.41250342
2936	3307	0.9956484
2936	1185	0.9445107
2936	2396	0.9212556
2936	1256	0.8809999
2936	1914	0.8599174
2936	1193	0.85910964
2936	3108	0.8297343
2936	1270	0.7985338
2936	1571	0.7904662
2936	1131	0.61433023
2937	1682	0.9999635
2937	1704	0.99989206
2937	1097	0.99971616
2937	1213	0.9997012
2937	480	0.9985731
2937	3100	0.99332505
2937	191	0.9919277
2937	1968	0.9909348
2937	1873	0.986129
2937	1183	0.9725683
2938	1959	0.9999535
2938	1127	0.99529064
2938	920	0.987498
2938	1777	0.97988963
2938	2	0.978961
2938	3257	0.9784139
2938	1307	0.9555704
2938	1270	0.9274609
2938	2399	0.8713966
2938	589	0.86275136
2939	371	0.999925
2939	111	0.99974906
2939	2253	0.9960196
2939	1569	0.9953936
2939	910	0.99493104
2939	903	0.99259436
2939	527	0.9898912
2939	3160	0.98988897
2939	3090	0.97511864
2939	1673	0.973189
2940	2759	0.9552247
2940	2599	0.7628842
2940	2572	0.64033353
2940	858	0.4522989
2940	2081	0.3937315
2940	2369	0.20409146
2940	1221	0.19177046
2940	3107	0.09360194
2940	1912	0.08331728
2940	2028	0.07253671
2941	2664	0.99992526
2941	2100	0.9954299
2941	1959	0.9924342
2941	1947	0.9915071
2941	532	0.9901035
2941	1059	0.9781059
2941	2662	0.975052
2941	1569	0.9243445
2941	2141	0.8824742
2941	2377	0.86272
2942	2920	0.9999254
2942	3089	0.99987257
2942	3224	0.9998321
2942	2732	0.99975854
2942	1250	0.99953055
2942	1252	0.99765384
2942	916	0.9944533
2942	930	0.9716512
2942	1228	0.94070673
2942	1945	0.935567
2943	1036	0.9998933
2943	3000	0.9764025
2943	1277	0.94240713
2943	1080	0.92237824
2943	2247	0.8891181
2943	1278	0.87056017
2943	3037	0.7806473
2943	1916	0.7625987
2943	3062	0.72428715
2943	2916	0.6466409
2944	2710	0.999744
2944	2804	0.99957365
2944	2147	0.9995524
2944	1968	0.99761826
2944	2324	0.9973725
2944	2739	0.99667156
2944	2310	0.9966563
2944	34	0.995523
2944	2133	0.9859582
2944	2082	0.9823618
2945	308	0.9994156
2945	2762	0.9962064
2945	714	0.99291134
2945	420	0.98402894
2945	2570	0.96260935
2945	1649	0.93366504
2945	1179	0.93086445
2945	1377	0.8986197
2945	3007	0.87085676
2945	2894	0.85615206
2946	1586	0.9991477
2946	1036	0.9991363
2946	2917	0.98720694
2946	1299	0.9869349
2946	1552	0.98560137
2946	3101	0.98033005
2946	457	0.9730372
2946	1089	0.9547926
2946	3062	0.93788254
2946	3029	0.93657213
2947	471	0.996714
2947	1682	0.9944999
2947	2973	0.9937929
2947	2300	0.98988885
2947	2396	0.98495984
2947	2729	0.98163056
2947	2918	0.980458
2947	1259	0.97555995
2947	1193	0.97023475
2947	1210	0.9539463
2948	673	0.99996555
2948	1259	0.971503
2948	858	0.9117162
2948	1912	0.88662606
2948	317	0.8814919
2948	3173	0.8679413
2948	3300	0.7810061
2948	2791	0.7574878
2948	610	0.7387059
2948	1845	0.67759645
2949	3354	0.9970747
2949	2701	0.981277
2949	3005	0.92065847
2949	1093	0.90244216
2949	920	0.8198426
2949	2710	0.6225649
2949	2572	0.37782606
2949	3113	0.3576517
2949	2706	0.17045426
2949	3219	0.10150695
2950	357	0.99929357
2950	377	0.996792
2950	539	0.9952725
2950	1398	0.98390615
2950	1210	0.95090824
2950	802	0.95061344
2950	2396	0.9332986
2950	339	0.8913708
2950	3082	0.63691396
2950	1188	0.57940704
2951	1797	0.9999989
2951	1193	0.9999781
2951	318	0.9998429
2951	2889	0.9998343
2951	3176	0.99970514
2951	3253	0.9986398
2951	260	0.9976494
2951	1721	0.9933784
2951	2706	0.9919692
2951	2858	0.99088687
2952	213	0.9999371
2952	2019	0.9994025
2952	260	0.997734
2952	969	0.9969684
2952	1797	0.99667037
2952	3424	0.9614125
2952	1287	0.95395774
2952	1845	0.9471226
2952	1545	0.93990797
2952	1228	0.93274677
2953	3285	0.99927104
2953	2683	0.9951175
2953	1721	0.99415827
2953	2762	0.9911839
2953	3005	0.99034655
2953	2041	0.9634776
2953	2318	0.9500451
2953	912	0.94812584
2953	587	0.94483733
2953	2019	0.93543035
2954	2995	0.99764395
2954	2770	0.98373187
2954	2701	0.8387786
2954	3054	0.58547646
2954	785	0.53283876
2954	2828	0.5112172
2954	1282	0.47633624
2954	107	0.4454177
2954	1389	0.4042082
2954	2572	0.33588487
2955	608	0.999261
2955	34	0.99812984
2955	1960	0.9970921
2955	1393	0.9968167
2955	41	0.9881263
2955	1196	0.9879383
2955	1394	0.98514557
2955	1285	0.9795426
2955	2997	0.9773221
2955	2021	0.9771937
2956	2916	0.9997971
2956	2571	0.9770297
2956	1876	0.95662117
2956	198	0.9193875
2956	329	0.84182966
2956	260	0.5932663
2956	1196	0.54010975
2956	1584	0.5199706
2956	1921	0.36084312
2956	2985	0.35760903
2957	1294	0.99998945
2957	1136	0.99929357
2957	923	0.99852085
2957	1250	0.99119776
2957	1293	0.99096286
2957	1090	0.98728055
2957	1089	0.9562167
2957	1704	0.95177335
2957	1278	0.947845
2957	1079	0.9231961
2958	2761	0.9981979
2958	2580	0.94467825
2958	2713	0.9422047
2958	2959	0.9379009
2958	1197	0.87335885
2958	2997	0.6784483
2958	1240	0.6059249
2958	2683	0.58876973
2958	2995	0.5212956
2958	1911	0.44421834
2959	3300	0.99998105
2959	2147	0.9947152
2959	785	0.9870792
2959	2881	0.9535842
2959	2712	0.92546785
2959	2605	0.8818313
2959	1544	0.8600701
2959	2041	0.83720064
2959	2861	0.82533395
2959	3153	0.7271519
2960	858	0.99999464
2960	1213	0.9998528
2960	2728	0.9863802
2960	2028	0.98349816
2960	1350	0.98169744
2960	593	0.9729635
2960	912	0.96902525
2960	3114	0.9638369
2960	608	0.9504491
2960	1	0.94460297
2961	1259	0.99860543
2961	893	0.99807507
2961	700	0.99467707
2961	1215	0.9937394
2961	1206	0.99183774
2961	293	0.95345235
2961	999	0.9402366
2961	1237	0.9262394
2961	540	0.8946636
2961	260	0.8810375
2962	3354	0.9981841
2962	2011	0.9960193
2962	3036	0.9957874
2962	1259	0.98285383
2962	2377	0.95886767
2962	1748	0.9577966
2962	2533	0.94715023
2962	1301	0.9302261
2962	527	0.9188547
2962	2988	0.9043335
2963	111	0.99987555
2963	527	0.9991709
2963	1213	0.99615747
2963	2762	0.9952283
2963	2391	0.9951077
2963	247	0.9893585
2963	2212	0.9626683
2963	2908	0.95818853
2963	1945	0.9567256
2963	904	0.9475689
2964	750	0.9993063
2964	2160	0.99411094
2964	1203	0.96850806
2964	1947	0.95062494
2964	1212	0.9466319
2964	928	0.91676205
2964	1254	0.9029252
2964	969	0.82294655
2964	1214	0.8102721
2964	955	0.5443045
2965	2028	0.999616
2965	2657	0.9683518
2965	1208	0.8635869
2965	296	0.83738184
2965	1721	0.810825
2965	110	0.7755788
2965	1213	0.7201098
2965	3363	0.66447926
2965	1161	0.47185972
2965	1252	0.38341635
2966	2115	0.9903183
2966	953	0.9870668
2966	2987	0.9867771
2966	2384	0.9835526
2966	551	0.98115855
2966	562	0.9783906
2966	3072	0.97220635
2966	1225	0.9707354
2966	318	0.96637577
2966	339	0.9454234
2967	3300	0.9996757
2967	1748	0.9983951
2967	2000	0.98696816
2967	1294	0.97831476
2967	1199	0.97157156
2967	1259	0.96100354
2967	3334	0.94937843
2967	3175	0.9276612
2967	1370	0.914273
2967	30	0.90655553
2968	527	0.998757
2968	802	0.9968357
2968	3418	0.9917022
2968	996	0.99067044
2968	3082	0.9862821
2968	2706	0.97792476
2968	2294	0.9771434
2968	1054	0.972381
2968	1265	0.96792436
2968	361	0.95278823
2969	3354	1.0
2969	2394	0.9999993
2969	2712	0.9983635
2969	1196	0.9879234
2969	2908	0.9849385
2969	2622	0.98261863
2969	2761	0.9769292
2969	2827	0.96341634
2969	3033	0.9549444
2969	316	0.94637537
2970	50	0.9998138
2970	593	0.98885036
2970	2396	0.98268235
2970	541	0.9727335
2970	527	0.93705624
2970	1537	0.9080826
2970	1387	0.847949
2970	1196	0.8417523
2970	3408	0.78874433
2970	1912	0.7701141
2971	589	0.99983096
2971	2692	0.96659386
2971	1617	0.90789986
2971	1259	0.84893405
2971	3060	0.7795413
2971	2571	0.76869255
2971	1270	0.76700294
2971	541	0.73498404
2971	908	0.5809195
2971	3424	0.40021604
2972	11	0.9925158
2972	733	0.9909167
2972	21	0.98987937
2972	1954	0.9822326
2972	2916	0.97449523
2972	1961	0.97250724
2972	648	0.93773854
2972	440	0.9169727
2972	1222	0.8946496
2972	1375	0.87388575
2973	2038	0.99958175
2973	2694	0.9968686
2973	2976	0.996492
2973	2575	0.9748186
2973	24	0.96803546
2973	223	0.96456647
2973	1911	0.9281056
2973	2324	0.8985432
2973	2975	0.7681745
2973	2995	0.7548759
2974	2770	0.99792373
2974	2407	0.99580884
2974	367	0.9948845
2974	785	0.9810189
2974	70	0.97764003
2974	3185	0.976719
2974	1210	0.971035
2974	2395	0.9623916
2974	3005	0.95726573
2974	778	0.9428797
2975	1617	0.9999862
2975	1250	0.99988604
2975	904	0.9998847
2975	913	0.9998634
2975	908	0.9998189
2975	1284	0.9990683
2975	1247	0.9982408
2975	1256	0.9959706
2975	1104	0.9913703
2975	2664	0.98462826
2976	2411	0.9935495
2976	1997	0.98880476
2976	405	0.988043
2976	223	0.9785298
2976	3018	0.9745963
2976	2946	0.92447233
2976	2469	0.9225695
2976	1779	0.90174407
2976	3204	0.81419706
2976	1961	0.7567932
2977	2369	0.99886966
2977	2384	0.8188492
2977	2908	0.61217386
2977	1073	0.4255131
2977	1704	0.4254365
2977	1380	0.33857626
2977	2469	0.2760535
2977	2870	0.13582
2977	1230	0.13206622
2977	260	0.098756164
2978	3072	0.99916893
2978	3260	0.99849284
2978	800	0.992246
2978	1249	0.98875535
2978	593	0.9657297
2978	1219	0.95157135
2978	1084	0.95101345
2978	1961	0.9193752
2978	1968	0.90217453
2978	1029	0.8947551
2979	594	0.99925536
2979	1282	0.9984679
2979	2087	0.99642944
2979	2628	0.99089605
2979	2687	0.95175093
2979	2096	0.94333327
2979	2384	0.92208385
2979	1197	0.8420534
2979	661	0.6425025
2979	1654	0.49039358
2980	541	0.9999883
2980	678	0.99934256
2980	1196	0.99925363
2980	2243	0.99888897
2980	1280	0.9970503
2980	1271	0.9967901
2980	1354	0.99648404
2980	1199	0.99541587
2980	515	0.9946823
2980	1188	0.9936166
2981	1198	0.99996865
2981	1277	0.9977392
2981	1196	0.9966359
2981	923	0.9960934
2981	1240	0.99375355
2981	1719	0.93652564
2981	1270	0.8950882
2981	2139	0.8918458
2981	508	0.89151883
2981	497	0.8672615
2982	1260	0.9939807
2982	1034	0.86811215
2982	3300	0.7821927
2982	1690	0.5353927
2982	541	0.45977396
2982	176	0.45059565
2982	950	0.4388914
2982	2203	0.41553965
2982	546	0.41266173
2982	930	0.40134802
2983	349	0.99995196
2983	95	0.9994761
2983	487	0.9966115
2983	1356	0.99429274
2983	457	0.9811217
2983	353	0.9789301
2983	165	0.9678828
2983	2334	0.95250297
2983	420	0.9413419
2983	2951	0.8743129
2984	110	0.9981326
2984	2291	0.9963461
2984	1580	0.9818723
2984	2160	0.902283
2984	1	0.77695394
2984	1721	0.7246491
2984	2791	0.53282565
2984	2571	0.48434448
2984	2858	0.44207096
2984	3	0.42188528
2985	1584	0.9977968
2985	2028	0.99714065
2985	150	0.9966512
2985	3175	0.99596524
2985	303	0.9944229
2985	1610	0.9882708
2985	1690	0.9795432
2985	5	0.97905815
2985	593	0.9782982
2985	2687	0.9752884
2986	222	0.99997723
2986	1625	0.9973737
2986	1357	0.97375715
2986	1285	0.9704032
2986	3247	0.96830374
2986	58	0.9530628
2986	1300	0.92217875
2986	3424	0.8710915
2986	2405	0.8700634
2986	2571	0.85619485
2987	1617	0.99992526
2987	296	0.9972224
2987	593	0.99154294
2987	2997	0.9758647
2987	1214	0.8965404
2987	104	0.8638414
2987	260	0.82921314
2987	3147	0.8204212
2987	541	0.81052643
2987	2692	0.7979933
2988	2908	0.9997908
2988	2707	0.9935154
2988	3298	0.99113196
2988	3005	0.9744008
2988	2581	0.9557578
2988	2572	0.89743173
2988	1342	0.6844927
2988	2827	0.67868125
2988	350	0.5674585
2988	2394	0.25760716
2989	2018	0.99980026
2989	364	0.9997592
2989	1033	0.99960077
2989	3334	0.99565595
2989	296	0.9956176
2989	3034	0.9925104
2989	539	0.9908786
2989	26	0.9884757
2989	2106	0.9845814
2989	2987	0.9831926
2990	3196	0.99996614
2990	1224	0.99692094
2990	1	0.9922861
2990	1673	0.99128044
2990	2529	0.9599304
2990	1960	0.9551412
2990	17	0.9479988
2990	1210	0.9300844
2990	260	0.91632426
2990	2948	0.9128076
2991	1267	0.99997395
2991	912	0.99676704
2991	969	0.9877448
2991	920	0.87078667
2991	2858	0.8523473
2991	1193	0.6700481
2991	902	0.66088015
2991	1219	0.5806919
2991	1188	0.49895483
2991	1961	0.45182025
2992	2908	0.9987451
2992	301	0.9847485
2992	3317	0.95605814
2992	3189	0.8303838
2992	3298	0.6737684
2992	3101	0.6651263
2992	3089	0.5909404
2992	232	0.5799787
2992	2593	0.35991335
2992	3079	0.29661998
2993	1584	0.99622166
2993	480	0.99535656
2993	589	0.98654974
2993	1722	0.97315836
2993	2622	0.9719608
2993	1513	0.9441035
2993	163	0.92061913
2993	968	0.91446245
2993	293	0.9052751
2993	1754	0.8428201
2994	1500	0.99902046
2994	3070	0.9762312
2994	1954	0.97337484
2994	1294	0.97082424
2994	1923	0.9595269
2994	2700	0.95700216
2994	471	0.95535624
2994	2759	0.9438411
2994	2278	0.93963844
2994	2001	0.9312967
2995	112	0.99656355
2995	2529	0.990789
2995	2720	0.98970693
2995	849	0.973371
2995	940	0.9581858
2995	1221	0.9264846
2995	438	0.877375
2995	442	0.87196374
2995	2194	0.85246
2995	198	0.8390074
2996	2735	0.99956226
2996	1784	0.99948335
2996	2058	0.99732417
2996	1129	0.9914854
2996	2641	0.9864626
2996	3418	0.9800941
2996	588	0.95859575
2996	539	0.9510899
2996	21	0.9044344
2996	866	0.89451575
2997	2686	0.9999717
2997	2872	0.9995636
2997	350	0.99940455
2997	3386	0.9984948
2997	36	0.9974716
2997	1625	0.99351144
2997	1748	0.9925989
2997	2125	0.98923504
2997	590	0.98594266
2997	2973	0.9841693
2998	1688	0.99989986
2998	1597	0.99969983
2998	34	0.98377764
2998	595	0.8806058
2998	1704	0.8694099
2998	350	0.84771645
2998	1461	0.82030463
2998	356	0.7544062
2998	2380	0.678754
2998	1747	0.6497363
2999	3213	0.99797285
2999	2077	0.9634678
2999	2072	0.6355698
2999	3000	0.5421267
2999	317	0.51172465
2999	2947	0.476752
2999	1007	0.38659525
2999	2048	0.3782894
2999	2093	0.3526587
2999	1688	0.3018185
3000	2640	0.99975634
3000	372	0.9996059
3000	2399	0.99935687
3000	1784	0.9992273
3000	1060	0.9991294
3000	1127	0.99901795
3000	1036	0.99899614
3000	1275	0.99550736
3000	2747	0.993888
3000	357	0.987952
3001	2987	0.96985674
3001	3316	0.96320605
3001	288	0.93701446
3001	1994	0.93536747
3001	541	0.9219731
3001	1584	0.91350794
3001	919	0.885018
3001	2123	0.8798093
3001	2542	0.84344125
3001	1270	0.79061234
3002	913	0.9996244
3002	246	0.9974469
3002	1278	0.9927561
3002	1186	0.9904181
3002	2770	0.9893452
3002	2710	0.9802426
3002	912	0.95876384
3002	2791	0.94737923
3002	111	0.94182545
3002	2863	0.9355881
3003	2640	0.998223
3003	1274	0.99754024
3003	1376	0.99681485
3003	341	0.9871639
3003	2018	0.9850048
3003	2116	0.979511
3003	2529	0.9777319
3003	480	0.97630215
3003	1282	0.9698958
3003	367	0.95541394
3004	3424	0.99881095
3004	39	0.9913971
3004	924	0.99078524
3004	457	0.9889178
3004	2351	0.9718046
3004	1247	0.971123
3004	72	0.9603411
3004	533	0.95942414
3004	589	0.9481369
3004	581	0.9181422
3005	2826	0.99984765
3005	2702	0.9940008
3005	2761	0.9873923
3005	407	0.9859803
3005	3081	0.98390555
3005	2987	0.9820912
3005	2028	0.96457607
3005	2428	0.96428514
3005	110	0.95215225
3005	750	0.93267673
3006	3298	0.999995
3006	3238	0.99975467
3006	2502	0.9994197
3006	2763	0.9935094
3006	2028	0.95782673
3006	1270	0.9432801
3006	1589	0.88606024
3006	2959	0.8241161
3006	2572	0.79015946
3006	2355	0.69646204
3007	2530	0.9846442
3007	708	0.9789353
3007	688	0.9629811
3007	1214	0.9607276
3007	11	0.9554906
3007	2463	0.9541142
3007	608	0.9452412
3007	1278	0.93806493
3007	2657	0.8900787
3007	2384	0.8493823
3008	2916	0.9999974
3008	329	0.9995747
3008	589	0.99388313
3008	1909	0.97494173
3008	1372	0.9675093
3008	2094	0.79994905
3008	2054	0.31465352
3008	1921	0.25708443
3008	2762	0.17358404
3008	1193	0.14350674
3009	1210	0.99828696
3009	1801	0.9709677
3009	2407	0.93465924
3009	1101	0.9299693
3009	780	0.89939904
3009	1240	0.79834753
3009	1876	0.53361577
3009	1265	0.44083378
3009	380	0.43470946
3009	736	0.35814738
3010	480	0.9961353
3010	60	0.9276689
3010	2456	0.55370027
3010	2021	0.41439894
3010	2046	0.38653973
3010	2363	0.37915665
3010	2640	0.33772695
3010	1372	0.2963218
3010	1965	0.22018239
3010	810	0.1787759
3011	1961	0.99999124
3011	2174	0.99998397
3011	1196	0.99987936
3011	1222	0.9993515
3011	1090	0.999037
3011	1224	0.99886405
3011	1302	0.99770653
3011	1036	0.99671364
3011	1674	0.9925219
3011	296	0.9863123
3012	344	0.9999907
3012	405	0.9993431
3012	2701	0.9992224
3012	2346	0.99912155
3012	589	0.99603117
3012	1391	0.99181354
3012	1544	0.9868213
3012	2009	0.9866617
3012	2986	0.9798252
3012	34	0.96388876
3013	671	0.9920001
3013	3421	0.9908699
3013	2065	0.9871211
3013	339	0.98359513
3013	2948	0.9800498
3013	920	0.9745287
3013	2302	0.9732766
3013	3363	0.9627472
3013	1276	0.9525962
3013	2194	0.9486812
3014	1608	0.9967747
3014	380	0.9938284
3014	912	0.9933922
3014	1562	0.9887581
3014	266	0.9785193
3014	3257	0.97013855
3014	2616	0.96987474
3014	3260	0.9642633
3014	608	0.9561308
3014	1252	0.95233434
3015	2972	0.9999945
3015	1918	0.9989495
3015	2677	0.9981622
3015	902	0.99716514
3015	3179	0.9952805
3015	2504	0.99176013
3015	1733	0.9717673
3015	1961	0.96036845
3015	1965	0.95447326
3015	2686	0.94968396
3016	2722	0.9999833
3016	1690	0.9998994
3016	1196	0.99661756
3016	2694	0.9770043
3016	2710	0.96919775
3016	2723	0.96548176
3016	2770	0.9548935
3016	2599	0.94157815
3016	1275	0.7805502
3016	1527	0.7533087
3017	480	0.996618
3017	3108	0.99371237
3017	3358	0.9915522
3017	800	0.9876082
3017	52	0.9760787
3017	141	0.9688399
3017	3100	0.96217376
3017	1610	0.9556209
3017	562	0.94621104
3017	1171	0.94208837
3018	3108	0.97884
3018	110	0.97583646
3018	2289	0.9628124
3018	1090	0.95340586
3018	2115	0.94197875
3018	2858	0.9409413
3018	1278	0.9356227
3018	39	0.9262314
3018	1219	0.9127984
3018	2126	0.9037036
3019	1250	0.88137627
3019	722	0.7943753
3019	3157	0.7637858
3019	1299	0.6898482
3019	902	0.33921552
3019	551	0.32890084
3019	1270	0.31920332
3019	2076	0.31044286
3019	2529	0.31041235
3019	2302	0.29298195
3020	2330	0.999874
3020	2336	0.99935377
3020	1233	0.99799335
3020	1208	0.9588991
3020	2599	0.95252264
3020	247	0.9122156
3020	3007	0.8554323
3020	928	0.83859825
3020	971	0.832981
3020	1103	0.79116213
3021	527	0.980966
3021	318	0.9718274
3021	541	0.78836024
3021	2762	0.73649645
3021	2916	0.50945497
3021	50	0.50698304
3021	1252	0.47069824
3021	1358	0.13012487
3021	1240	0.06965637
3021	1968	0.06628743
3022	1	0.99960554
3022	2918	0.99952495
3022	2716	0.9936049
3022	3072	0.99261296
3022	2243	0.99089885
3022	1220	0.98653615
3022	1201	0.890035
3022	2804	0.87951326
3022	3347	0.8701149
3022	2028	0.8563458
3023	2541	0.9999993
3023	2406	0.9990699
3023	1788	0.99873567
3023	2861	0.9917538
3023	2706	0.9844469
3023	1127	0.9822011
3023	2321	0.96831703
3023	480	0.96259356
3023	1307	0.95302796
3023	223	0.9385518
3024	1089	0.9972358
3024	2268	0.9930787
3024	2826	0.97469103
3024	2288	0.96683514
3024	3104	0.9600091
3024	81	0.9510144
3024	1408	0.9318189
3024	1129	0.9290041
3024	2	0.84766954
3024	3175	0.82831264
3025	1028	0.9999095
3025	898	0.9997306
3025	2918	0.9878499
3025	2160	0.90944195
3025	3421	0.76695096
3025	3097	0.76485133
3025	3114	0.7452112
3025	39	0.65313566
3025	2858	0.6528027
3025	1235	0.63599503
3026	2433	0.99979305
3026	7	0.996953
3026	911	0.9819337
3026	2881	0.9789262
3026	3104	0.9377334
3026	2355	0.9339942
3026	1127	0.93018097
3026	539	0.92696565
3026	1081	0.922171
3026	1717	0.8674423
3027	589	0.99978787
3027	1089	0.99519205
3027	1580	0.98614335
3027	3082	0.98400265
3027	2028	0.9517559
3027	2762	0.915102
3027	608	0.8853886
3027	260	0.7992074
3027	2951	0.5224087
3027	1431	0.41716188
3028	1590	0.9999303
3028	173	0.99803555
3028	2311	0.98987496
3028	880	0.9850116
3028	2916	0.9830779
3028	1644	0.97343063
3028	2054	0.97151834
3028	2808	0.95396256
3028	2701	0.92804575
3028	1320	0.92350954
3029	1036	0.99877536
3029	2012	0.9979572
3029	2005	0.9874867
3029	3114	0.98693275
3029	1707	0.9836212
3029	296	0.9780513
3029	2571	0.9728484
3029	3424	0.97076845
3029	1639	0.96925735
3029	2003	0.9674958
3030	110	0.9994143
3030	593	0.9571167
3030	3155	0.89328957
3030	2531	0.3661508
3030	1196	0.26548317
3030	2530	0.21430984
3030	1270	0.19683471
3030	2028	0.16316006
3030	345	0.16115963
3030	2950	0.12523791
3031	2693	0.9957366
3031	1885	0.99537337
3031	2407	0.987617
3031	2571	0.9832868
3031	858	0.9708009
3031	2700	0.96853423
3031	337	0.9639938
3031	3174	0.9620707
3031	2136	0.94576925
3031	2716	0.9453913
3032	2135	0.74090844
3032	2805	0.56506914
3032	3033	0.51229924
3032	484	0.5041435
3032	1923	0.4596564
3032	2699	0.4132151
3032	1344	0.397627
3032	2245	0.39164525
3032	3254	0.3835392
3032	1569	0.3571923
3033	2687	0.9999832
3033	1240	0.999475
3033	3213	0.94155306
3033	2762	0.92867804
3033	562	0.91212016
3033	110	0.8972783
3033	1373	0.84189993
3033	3052	0.8410928
3033	1527	0.8393413
3033	1198	0.8334963
3034	58	0.99889255
3034	261	0.9720686
3034	3252	0.96152425
3034	50	0.9496583
3034	2858	0.89786315
3034	265	0.74178255
3034	2997	0.6819119
3034	2919	0.668218
3034	357	0.50337684
3034	17	0.46997398
3035	58	0.9997877
3035	3160	0.99615145
3035	1393	0.9894881
3035	36	0.95004904
3035	3317	0.89525026
3035	475	0.8923576
3035	356	0.6386914
3035	2028	0.62871003
3035	150	0.5915369
3035	553	0.55704546
3036	260	0.99979836
3036	594	0.9935499
3036	750	0.98547137
3036	2941	0.98155606
3036	1617	0.98100084
3036	1208	0.97249323
3036	1947	0.9711725
3036	2212	0.9460961
3036	3359	0.9161892
3036	942	0.9008314
3037	527	0.99729455
3037	1094	0.9951064
3037	1678	0.98396635
3037	2908	0.9839021
3037	36	0.9597608
3037	2396	0.95672274
3037	1357	0.94421214
3037	595	0.9009924
3037	3108	0.83338946
3037	1270	0.78727484
3038	2529	0.9999924
3038	293	0.9998988
3038	1073	0.99968624
3038	2959	0.9990624
3038	1409	0.9925067
3038	902	0.9897578
3038	1527	0.9796668
3038	1104	0.9727056
3038	3396	0.95313096
3038	2116	0.9403415
3039	858	0.9997232
3039	2066	0.9971725
3039	913	0.9757533
3039	2204	0.9623687
3039	1248	0.94605017
3039	1938	0.8753759
3039	2206	0.83711064
3039	1270	0.784907
3039	918	0.7791501
3039	953	0.74425435
3040	741	0.9892903
3040	2687	0.9425889
3040	1468	0.9222032
3040	1274	0.91605425
3040	1584	0.87361467
3040	367	0.7757869
3040	1580	0.6987945
3040	1748	0.6158397
3040	2683	0.5742186
3040	3208	0.50178486
3041	3408	0.9999751
3041	2724	0.9998776
3041	2763	0.9998467
3041	2959	0.9997444
3041	2687	0.99969316
3041	2581	0.99866563
3041	2628	0.9981133
3041	2771	0.9978696
3041	3238	0.9966792
3041	2806	0.9758466
3042	2324	0.9972415
3042	2321	0.9945892
3042	265	0.9945372
3042	3255	0.98661387
3042	296	0.9731884
3042	1020	0.9660666
3042	457	0.95878625
3042	36	0.9543204
3042	1094	0.94110584
3042	50	0.9215536
3043	2826	0.60439104
3043	1210	0.25425208
3043	512	0.19672766
3043	3301	0.15424743
3043	2153	0.041609734
3043	356	0.041234225
3043	1101	0.039770126
3043	3113	0.024742067
3043	1722	0.022789776
3043	2628	0.016174555
3044	2302	0.9996829
3044	1196	0.9995306
3044	2797	0.99829316
3044	1302	0.9949236
3044	3098	0.9938018
3044	1028	0.9849632
3044	3111	0.97135323
3044	266	0.9633763
3044	1394	0.9627383
3044	593	0.95152426
3045	2692	0.99709713
3045	2414	0.9234061
3045	2046	0.80805695
3045	858	0.7333975
3045	748	0.7331829
3045	2661	0.69561666
3045	2311	0.6394501
3045	1129	0.5963988
3045	2657	0.58784145
3045	1358	0.5475872
3046	3004	0.99908555
3046	2770	0.8628167
3046	3005	0.19054702
3046	2722	0.10645527
3046	2861	0.10586041
3046	2713	0.101531744
3046	2546	0.040569335
3046	344	0.03169045
3046	2093	0.02074349
3046	2369	0.017146885
3047	2991	0.99925464
3047	1387	0.9826144
3047	1201	0.981024
3047	3241	0.981016
3047	1912	0.8828008
3047	1073	0.7968136
3047	1371	0.76817256
3047	1218	0.75795513
3047	112	0.7500468
3047	1858	0.70242417
3048	541	0.99980515
3048	1097	0.9979938
3048	3114	0.99250853
3048	1923	0.9906759
3048	1374	0.9866328
3048	1265	0.9642862
3048	1240	0.94274026
3048	748	0.93777245
3048	593	0.91629946
3048	1527	0.9039624
3049	3334	0.9999238
3049	905	0.9970602
3049	912	0.9961925
3049	2940	0.9836979
3049	922	0.9784757
3049	902	0.9730333
3049	976	0.7766982
3049	933	0.7264476
3049	64	0.71223795
3049	25	0.68654674
3050	924	0.9999986
3050	1468	0.9952899
3050	1584	0.98904455
3050	1653	0.988373
3050	1702	0.93434393
3050	2173	0.8933947
3050	1270	0.6584878
3050	480	0.4151141
3050	1588	0.3003033
3050	3067	0.26042855
3051	736	0.9985506
3051	1639	0.9969598
3051	1610	0.9685144
3051	587	0.95997036
3051	112	0.9025036
3051	2355	0.8972138
3051	1982	0.88177276
3051	22	0.85463476
3051	1215	0.820287
3051	648	0.77662647
3052	1303	0.99995995
3052	951	0.9989018
3052	1223	0.9985131
3052	29	0.99784565
3052	1148	0.9858674
3052	2621	0.9797157
3052	2087	0.97648156
3052	1189	0.9665325
3052	1240	0.9587159
3052	1097	0.95399916
3053	2791	0.9938879
3053	3160	0.99339205
3053	3052	0.98995954
3053	1214	0.9883847
3053	1453	0.97221035
3053	830	0.9546834
3053	924	0.9468907
3053	410	0.8972975
3053	412	0.86480296
3053	152	0.8511214
3054	2186	0.99633604
3054	3114	0.9909757
3054	101	0.99000055
3054	3052	0.98920864
3054	3147	0.9278093
3054	1569	0.8602667
3054	949	0.85382855
3054	2622	0.84611416
3054	41	0.8287132
3054	47	0.81194186
3055	349	0.9994554
3055	2617	0.9989166
3055	2797	0.9975886
3055	110	0.98972905
3055	2450	0.98743695
3055	3256	0.98356795
3055	736	0.97985554
3055	3259	0.97312593
3055	2628	0.9492346
3055	3005	0.94595045
3056	377	0.9993296
3056	3203	0.98730016
3056	6	0.9840416
3056	1049	0.98283607
3056	2490	0.97179663
3056	2406	0.94035554
3056	1676	0.933751
3056	485	0.91170394
3056	145	0.87529385
3056	2058	0.8480011
3057	3148	0.997438
3057	2683	0.9908402
3057	588	0.9902905
3057	357	0.9754236
3057	919	0.96398973
3057	1235	0.95789564
3057	1213	0.95316863
3057	3176	0.9490974
3057	497	0.92679346
3057	222	0.9254006
3058	2804	0.9999906
3058	2003	0.99989796
3058	2997	0.99865615
3058	1136	0.9970845
3058	2000	0.99356747
3058	1200	0.979068
3058	2028	0.965602
3058	2867	0.9522898
3058	2683	0.9425669
3058	3039	0.93172145
3059	1997	0.9989984
3059	1201	0.9988824
3059	920	0.9982214
3059	1294	0.9980178
3059	1219	0.9958302
3059	2028	0.99389386
3059	1213	0.9839432
3059	1150	0.9597103
3059	1617	0.9505875
3059	296	0.9347949
3060	2391	0.99986374
3060	1343	0.9996974
3060	1438	0.997318
3060	457	0.9969422
3060	1089	0.99497485
3060	293	0.98736453
3060	319	0.9863508
3060	1092	0.9852706
3060	349	0.96627796
3060	47	0.9662714
3061	1291	0.9999949
3061	1197	0.99934155
3061	1214	0.9977256
3061	480	0.9901929
3061	597	0.98642075
3061	2987	0.9860555
3061	1210	0.96606183
3061	1240	0.93224883
3061	380	0.8608421
3061	1073	0.8325454
3062	2858	0.9976095
3062	1270	0.99673986
3062	1962	0.9923624
3062	2266	0.96328104
3062	3160	0.73896337
3062	1095	0.7229433
3062	1383	0.7125536
3062	590	0.712387
3062	830	0.65520126
3062	1678	0.5976336
3063	2617	0.99998045
3063	3263	0.9997562
3063	2706	0.99944085
3063	2046	0.96287966
3063	1225	0.8765252
3063	1214	0.85764
3063	1198	0.79633796
3063	260	0.79160845
3063	436	0.7764692
3063	3420	0.7686311
3064	2028	0.9988172
3064	3081	0.9880805
3064	527	0.9873805
3064	260	0.98731685
3064	1196	0.9859576
3064	2687	0.9703059
3064	589	0.9473715
3064	1035	0.84722614
3064	1580	0.8419266
3064	1210	0.82236767
3065	2976	0.99897695
3065	6	0.9985481
3065	3100	0.9950484
3065	2390	0.98474455
3065	246	0.976454
3065	3060	0.9760986
3065	1730	0.9694344
3065	534	0.96363175
3065	3246	0.96060264
3065	151	0.9599697
3066	3238	0.9954047
3066	36	0.9709359
3066	1268	0.89319944
3066	1625	0.8734006
3066	356	0.8532014
3066	3354	0.8306006
3066	2858	0.8273024
3066	1385	0.7903827
3066	608	0.7711426
3066	1639	0.7376345
3067	1513	0.9999613
3067	1057	0.9977186
3067	1641	0.98991907
3067	2912	0.9817357
3067	3114	0.8430928
3067	1358	0.7792196
3067	1213	0.7498491
3067	76	0.739751
3067	1541	0.72105765
3067	233	0.695703
3068	1219	0.9915745
3068	2780	0.64459217
3068	182	0.36842772
3068	1283	0.21363711
3068	928	0.2071546
3068	1821	0.12395713
3068	2657	0.051195055
3068	527	0.051145077
3068	2646	0.0494048
3068	1461	0.04207918
3069	2353	0.99924135
3069	733	0.99783957
3069	1573	0.99696714
3069	2723	0.99693865
3069	2188	0.98003274
3069	3114	0.95131624
3069	2335	0.9463636
3069	1378	0.93637276
3069	3175	0.93531895
3069	10	0.9257599
3070	904	0.9995725
3070	1223	0.9917567
3070	908	0.9907744
3070	1193	0.8510051
3070	111	0.598338
3070	1924	0.5630904
3070	1206	0.48482224
3070	497	0.4480117
3070	3208	0.44613892
3070	1294	0.41405183
3071	3157	0.991422
3071	2724	0.95434177
3071	2840	0.87362784
3071	1196	0.7030463
3071	3053	0.52347416
3071	356	0.4826445
3071	420	0.29012418
3071	2324	0.13983664
3071	2841	0.13805386
3071	785	0.12414837
3072	608	0.9990138
3072	2302	0.99555695
3072	357	0.9869573
3072	232	0.9859848
3072	2369	0.9735819
3072	1962	0.9680647
3072	562	0.9661931
3072	2087	0.9598701
3072	2053	0.9487027
3072	339	0.9420769
3073	2028	0.9998883
3073	1198	0.9964645
3073	260	0.994843
3073	1221	0.963827
3073	1196	0.7038228
3073	2692	0.6592937
3073	2000	0.65426064
3073	1270	0.59318167
3073	3418	0.34248966
3073	3104	0.31389287
3074	2571	0.9998869
3074	2599	0.9987124
3074	62	0.9967401
3074	273	0.9954318
3074	1784	0.9952932
3074	2723	0.9909189
3074	3250	0.990281
3074	3006	0.9833797
3074	2908	0.95809937
3074	3179	0.9245962
3075	2352	0.9991801
3075	2762	0.99158335
3075	2571	0.98311603
3075	296	0.943239
3075	2150	0.941745
3075	3160	0.9063803
3075	2686	0.88913685
3075	3424	0.8840511
3075	1960	0.7923337
3075	1211	0.77179897
3076	2571	0.99992514
3076	2762	0.97419065
3076	474	0.9737961
3076	110	0.95022583
3076	480	0.9497334
3076	1769	0.9106072
3076	908	0.83828974
3076	163	0.8119663
3076	1270	0.47804093
3076	1097	0.46229336
3077	541	0.9990146
3077	32	0.99886143
3077	1573	0.998105
3077	595	0.9943148
3077	329	0.9890447
3077	849	0.9844361
3077	2628	0.9819497
3077	172	0.9807297
3077	546	0.97958076
3077	198	0.9763011
3078	923	0.9999639
3078	919	0.99991935
3078	2617	0.98268473
3078	1104	0.981508
3078	2028	0.953091
3078	1228	0.73105896
3078	1250	0.7161362
3078	1256	0.5700231
3078	2858	0.47993684
3078	3095	0.2830844
3079	1966	0.9998899
3079	111	0.9920181
3079	1678	0.98032534
3079	2025	0.9763464
3079	2571	0.97630215
3079	1612	0.9604795
3079	1923	0.8564065
3079	2357	0.85456026
3079	1171	0.84034896
3079	1240	0.80986685
3080	3358	0.99995184
3080	1213	0.9783503
3080	589	0.9777016
3080	3308	0.9356701
3080	1294	0.9342463
3080	1633	0.9202052
3080	590	0.91152513
3080	908	0.9090694
3080	3044	0.8647063
3080	1513	0.8520689
3081	2088	0.99771583
3081	367	0.9927597
3081	1298	0.98808134
3081	1333	0.9879199
3081	1994	0.98542404
3081	2571	0.97746193
3081	2641	0.9734249
3081	1093	0.9684845
3081	253	0.95963573
3081	1968	0.9014201
3082	2100	0.9996834
3082	1517	0.99891436
3082	1210	0.99779904
3082	1089	0.99547744
3082	1358	0.9946208
3082	2115	0.9929596
3082	3255	0.9928379
3082	1394	0.99111646
3082	1387	0.98977435
3082	2706	0.983673
3083	480	0.99995786
3083	1206	0.9988347
3083	2947	0.99245906
3083	551	0.9899467
3083	314	0.986665
3083	1193	0.9809269
3083	2949	0.9664808
3083	1732	0.91656524
3083	2791	0.8815874
3083	1210	0.78348696
3084	3285	0.99999875
3084	3355	0.9999965
3084	3185	0.959903
3084	3177	0.92747515
3084	3302	0.90785456
3084	1925	0.8862668
3084	1968	0.65353495
3084	1090	0.4997161
3084	3183	0.350403
3084	3357	0.33337885
3085	1320	0.9998198
3085	1653	0.9996819
3085	2067	0.98561215
3085	3156	0.9723295
3085	3276	0.9675186
3085	2944	0.9611545
3085	1921	0.960889
3085	1299	0.89458936
3085	1831	0.8503519
3085	1944	0.7551428
3086	527	0.99933994
3086	457	0.9966644
3086	3163	0.9966142
3086	1	0.995964
3086	3273	0.99464804
3086	778	0.99349296
3086	2826	0.9918192
3086	25	0.96853644
3086	608	0.9682162
3086	2028	0.96457916
3087	1031	0.9984116
3087	1094	0.9975876
3087	1615	0.9912431
3087	2015	0.9861363
3087	362	0.98534024
3087	1282	0.98426914
3087	1641	0.9832242
3087	1584	0.9803157
3087	2676	0.9779626
3087	969	0.9683665
3088	2324	0.99988437
3088	232	0.9731469
3088	150	0.85368276
3088	296	0.84394383
3088	1213	0.7599207
3088	1357	0.7565516
3088	1923	0.73822325
3088	2396	0.72671777
3088	380	0.71753514
3088	2686	0.62136495
3089	1373	0.99930924
3089	480	0.9992503
3089	1374	0.9990823
3089	316	0.9962251
3089	1961	0.99414694
3089	2005	0.9927181
3089	2628	0.9896883
3089	1127	0.985515
3089	2193	0.98480576
3089	10	0.9832506
3090	1261	0.9997961
3090	2571	0.9996724
3090	2329	0.9995705
3090	1036	0.9993578
3090	3408	0.9985835
3090	1214	0.9979614
3090	1387	0.9885784
3090	1274	0.98847353
3090	1210	0.98798734
3090	1968	0.98307693
3091	356	0.9894673
3091	1172	0.9243125
3091	1240	0.87553966
3091	1094	0.8212787
3091	527	0.5014034
3091	2918	0.46616077
3091	1090	0.4546385
3091	3408	0.42709538
3091	3147	0.35447195
3091	1200	0.32197866
3092	1097	0.91053796
3092	29	0.7770115
3092	741	0.5444667
3092	2662	0.42537975
3092	2011	0.36038005
3092	1374	0.25091106
3092	1391	0.20830587
3092	924	0.1871117
3092	1527	0.17129165
3092	1218	0.17079109
3093	1198	0.9999994
3093	3317	0.9999837
3093	1124	0.9998835
3093	2282	0.999781
3093	1259	0.9995303
3093	778	0.99845874
3093	1394	0.99843764
3093	1246	0.99824953
3093	2908	0.9958803
3093	50	0.99449885
3094	29	0.99990904
3094	1653	0.98925984
3094	2699	0.86306536
3094	2968	0.79440033
3094	1748	0.7938825
3094	2762	0.73851895
3094	247	0.7283647
3094	461	0.6519955
3094	1804	0.63869923
3094	1306	0.6346372
3095	207	0.9999882
3095	902	0.99681437
3095	3186	0.9880748
3095	3081	0.9671066
3095	1265	0.9601667
3095	788	0.8899423
3095	1479	0.86949444
3095	74	0.83707464
3095	480	0.82764316
3095	2266	0.8115744
3096	2662	0.9994621
3096	2011	0.99421436
3096	2657	0.9663893
3096	2094	0.94197977
3096	1917	0.8858806
3096	1876	0.7520121
3096	780	0.7109479
3096	2553	0.68514895
3096	2366	0.6078012
3096	914	0.5767551
3097	3147	0.99992305
3097	3176	0.99990964
3097	1961	0.99920404
3097	2420	0.9945717
3097	896	0.98826665
3097	3129	0.9794607
3097	608	0.9732244
3097	1356	0.9620099
3097	2959	0.9592588
3097	2414	0.91893554
3098	480	0.9995935
3098	538	0.99822927
3098	2657	0.9931104
3098	736	0.97686315
3098	2947	0.97221315
3098	2463	0.97172034
3098	2000	0.9674037
3098	1527	0.9204249
3098	1171	0.9097897
3098	3263	0.8828064
3099	2640	0.99994457
3099	1097	0.9998745
3099	2529	0.9960433
3099	2924	0.97703207
3099	1	0.9433898
3099	590	0.9367329
3099	2407	0.92088234
3099	338	0.9198568
3099	3108	0.8884848
3099	480	0.867115
3100	1625	0.9999991
3100	1892	0.99999684
3100	1732	0.9992665
3100	1086	0.99718976
3100	1909	0.9969063
3100	1219	0.9964304
3100	733	0.9944607
3100	648	0.97638524
3100	1459	0.9748269
3100	1252	0.9629903
3101	3000	0.9986206
3101	555	0.9985688
3101	508	0.9984294
3101	6	0.99374795
3101	2028	0.9910065
3101	3255	0.99011415
3101	1372	0.98040557
3101	1136	0.9798081
3101	2490	0.9709111
3101	3267	0.97045356
3102	3173	0.99989927
3102	2712	0.99948084
3102	2959	0.9966637
3102	3107	0.99496895
3102	1270	0.95430547
3102	1997	0.91077924
3102	3299	0.8838706
3102	1673	0.8390055
3102	3078	0.8348568
3102	36	0.7991934
3103	1732	0.99987495
3103	2987	0.9998394
3103	3160	0.99972874
3103	2066	0.9990473
3103	3317	0.9971529
3103	1188	0.9969374
3103	2969	0.9948863
3103	1028	0.98774016
3103	1012	0.9815234
3103	2300	0.9807739
3104	1088	0.99589103
3104	1086	0.9930309
3104	1212	0.92934775
3104	1337	0.921231
3104	3101	0.8596375
3104	1203	0.77456164
3104	908	0.73209614
3104	3206	0.69410634
3104	1092	0.54093885
3104	2263	0.4608261
3105	1210	0.9986129
3105	858	0.9712161
3105	1831	0.92364067
3105	2454	0.9150801
3105	2916	0.86782026
3105	1206	0.8250387
3105	1270	0.72824657
3105	256	0.43307352
3105	1372	0.37377298
3105	1779	0.21586198
3106	25	0.99319744
3106	1219	0.99159443
3106	223	0.9903306
3106	3354	0.98850894
3106	1734	0.98145247
3106	2542	0.97522575
3106	365	0.9168446
3106	908	0.90627706
3106	1247	0.9037174
3106	2160	0.88307196
3107	2011	0.9996442
3107	1270	0.99544287
3107	345	0.99190754
3107	2694	0.9777063
3107	588	0.9737465
3107	2572	0.97271913
3107	2918	0.9522556
3107	1371	0.93215203
3107	2720	0.90526074
3107	1517	0.9014431
3108	1259	0.97207224
3108	1408	0.9673523
3108	1015	0.959133
3108	1252	0.9430698
3108	1206	0.93358934
3108	1099	0.9315498
3108	3090	0.9231788
3108	1840	0.92288756
3108	2947	0.9169133
3108	1411	0.91504675
3109	266	0.9955059
3109	1484	0.9466674
3109	1028	0.90353835
3109	155	0.66618156
3109	1077	0.6480561
3109	1997	0.54458463
3109	3298	0.54219896
3109	2160	0.516963
3109	3079	0.4228504
3109	2657	0.39116716
3110	913	0.99984586
3110	1676	0.99624014
3110	2699	0.9722943
3110	2944	0.9705728
3110	2966	0.9688171
3110	1544	0.959826
3110	356	0.94608665
3110	1253	0.94271606
3110	904	0.93753326
3110	2289	0.93721485
3111	104	0.9989859
3111	1	0.99865913
3111	1569	0.99821985
3111	2335	0.9958279
3111	3177	0.98259807
3111	438	0.92314065
3111	3286	0.90096676
3111	1377	0.8726262
3111	180	0.86944413
3111	466	0.86543643
3112	917	0.99668765
3112	1009	0.99411845
3112	500	0.99102235
3112	778	0.98655003
3112	934	0.98532015
3112	2450	0.9841008
3112	1185	0.9840585
3112	1358	0.98019844
3112	2336	0.97655344
3112	3071	0.9740083
3113	2014	0.9999511
3113	1353	0.9998951
3113	2427	0.8320478
3113	140	0.78465724
3113	372	0.7564951
3113	2628	0.74959266
3113	1359	0.7461667
3113	2335	0.7095119
3113	1210	0.69212437
3113	248	0.6836243
3114	2599	0.9920355
3114	2926	0.9863316
3114	2700	0.9700998
3114	3424	0.96974736
3114	2302	0.9397775
3114	3039	0.92237544
3114	2580	0.9166144
3114	2395	0.90479624
3114	2064	0.83912605
3114	2114	0.83083665
3115	329	0.9999995
3115	2916	0.9999875
3115	1676	0.99965256
3115	2393	0.9995379
3115	2094	0.9762542
3115	1374	0.9720719
3115	1	0.93142486
3115	1375	0.90600747
3115	2355	0.8825245
3115	2640	0.8522532
3116	3147	0.9999249
3116	2841	0.99943686
3116	2395	0.9980478
3116	3174	0.99575305
3116	3004	0.9888488
3116	2987	0.96497095
3116	454	0.9521177
3116	837	0.9328965
3116	608	0.9115197
3116	2881	0.90833086
3117	593	0.99965954
3117	1207	0.9993177
3117	527	0.9807106
3117	1250	0.9801911
3117	608	0.95714486
3117	50	0.8724052
3117	2288	0.71260035
3117	1288	0.6633938
3117	1617	0.66034913
3117	2997	0.4932903
3118	457	0.9999881
3118	266	0.9519205
3118	1298	0.9131603
3118	2701	0.9054692
3118	2531	0.9054222
3118	2396	0.90199196
3118	2334	0.8412771
3118	911	0.8248864
3118	377	0.80223286
3118	1242	0.7889457
3119	1262	0.99771684
3119	1097	0.994336
3119	2694	0.9916102
3119	1387	0.9805249
3119	2394	0.9775021
3119	3264	0.97042793
3119	2028	0.960531
3119	1702	0.9349241
3119	1221	0.9162066
3119	2622	0.8831656
3120	2762	0.9999324
3120	1061	0.9965137
3120	2605	0.99624646
3120	2023	0.99496436
3120	2599	0.9907551
3120	2712	0.9736798
3120	3255	0.9574743
3120	785	0.945259
3120	1127	0.928286
3120	1393	0.91748023
3121	1370	0.9998019
3121	196	0.9958936
3121	611	0.9899113
3121	152	0.98813426
3121	558	0.98345083
3121	317	0.9716828
3121	1645	0.9707109
3121	175	0.9643182
3121	474	0.9507028
3121	3005	0.9338262
3122	3285	0.99956167
3122	3181	0.99942386
3122	3185	0.99856377
3122	3301	0.9946403
3122	3076	0.938697
3122	3298	0.8836981
3122	3324	0.83132815
3122	2686	0.7462807
3122	3328	0.6729166
3122	2243	0.6043527
3123	2723	0.9995992
3123	2706	0.99775475
3123	1200	0.9927215
3123	2571	0.9831096
3123	2287	0.9041954
3123	1909	0.85259956
3123	968	0.6319961
3123	3409	0.58205247
3123	3208	0.48189628
3123	913	0.4580348
3124	1206	0.9635024
3124	1259	0.9597126
3124	110	0.93904793
3124	258	0.91676366
3124	2626	0.9036907
3124	1499	0.8913027
3124	2496	0.8550845
3124	3263	0.80429506
3124	1588	0.73948216
3124	1214	0.73833513
3125	2959	0.9989723
3125	1240	0.9979662
3125	1641	0.99772084
3125	1544	0.9969327
3125	1625	0.99350274
3125	1876	0.99349463
3125	1291	0.9926299
3125	1394	0.9917476
3125	1198	0.9836326
3125	1527	0.9822801
3126	1387	0.9990305
3126	1909	0.99679935
3126	1345	0.98328173
3126	780	0.9716364
3126	1339	0.96614724
3126	1278	0.96544564
3126	3081	0.96230567
3126	474	0.94585323
3126	1967	0.92151004
3126	377	0.9173796
3127	307	0.99998903
3127	50	0.9995363
3127	306	0.996171
3127	916	0.98837006
3127	608	0.97273815
3127	2291	0.972589
3127	1204	0.95805526
3127	3089	0.9556611
3127	1949	0.9470087
3127	920	0.9336668
3128	1288	0.98832065
3128	1094	0.98631406
3128	1265	0.9858241
3128	1247	0.9702996
3128	1204	0.9650053
3128	357	0.95846987
3128	1240	0.9457879
3128	1210	0.9179158
3128	34	0.91393137
3128	1260	0.90686256
3129	2804	0.9996886
3129	2012	0.9955183
3129	1	0.95785224
3129	3174	0.9437664
3129	1513	0.9268441
3129	2474	0.91782755
3129	2720	0.9167303
3129	3040	0.9090812
3129	3361	0.9076884
3129	3167	0.90561354
3130	1266	0.999933
3130	50	0.9999136
3130	1617	0.99783623
3130	3081	0.9953854
3130	2762	0.99388206
3130	2028	0.9700794
3130	1079	0.96246016
3130	1136	0.8990122
3130	2648	0.8887242
3130	1729	0.7938837
3131	858	0.99999297
3131	923	0.9963718
3131	1222	0.9888307
3131	1228	0.979865
3131	1090	0.9609106
3131	2028	0.9580139
3131	1097	0.9475706
3131	1704	0.9391164
3131	2804	0.9218445
3131	2132	0.8422359
3132	2858	0.21447107
3132	3211	0.1837644
3132	1672	0.04195094
3132	1	0.03877735
3132	1876	0.029782057
3132	2881	0.022558987
3132	2432	0.01988557
3132	2355	0.014930546
3132	110	0.009410769
3132	2075	0.008903593
3133	2321	0.59103626
3133	2858	0.5705713
3133	2302	0.5311257
3133	1721	0.3137455
3133	3148	0.22228923
3133	2335	0.21792585
3133	2567	0.03839457
3133	3052	0.018617958
3133	480	0.013067186
3133	3324	0.0113351345
3134	1513	0.9997374
3134	1215	0.9851284
3134	3300	0.9597485
3134	299	0.92431855
3134	2700	0.88704044
3134	2995	0.8835695
3134	2572	0.87578166
3134	2713	0.86277735
3134	1097	0.7565687
3134	457	0.6185738
3135	296	0.9999963
3135	111	0.99981725
3135	446	0.9842596
3135	3083	0.98419344
3135	1197	0.97670114
3135	2924	0.9589111
3135	1199	0.9343058
3135	1094	0.9128515
3135	3418	0.91126823
3135	106	0.88128614
3136	1376	0.99648654
3136	1396	0.9922142
3136	1253	0.98598385
3136	1200	0.9654498
3136	2739	0.91601634
3136	1199	0.9008255
3136	2640	0.8982467
3136	2594	0.8793516
3136	2529	0.86861175
3136	541	0.79233253
3137	2541	0.9999577
3137	2716	0.9997502
3137	2858	0.99632394
3137	2336	0.99530536
3137	3285	0.99134266
3137	3113	0.98086643
3137	2706	0.9568322
3137	2683	0.90732
3137	2070	0.816908
3137	2770	0.80179936
3138	2262	0.9870047
3138	1587	0.98244524
3138	1592	0.9689063
3138	2736	0.96865404
3138	1097	0.94756526
3138	145	0.91453373
3138	2746	0.904822
3138	3214	0.8393762
3138	1304	0.831704
3138	3175	0.8275525
3139	2076	0.999186
3139	1132	0.9984871
3139	1961	0.9979868
3139	2915	0.99113166
3139	1250	0.9905578
3139	2467	0.98640126
3139	1262	0.95267594
3139	1213	0.9497695
3139	2289	0.9121629
3139	1231	0.90168524
3140	1270	0.99329484
3140	1028	0.99120855
3140	1704	0.9846848
3140	2455	0.98442966
3140	1079	0.97223485
3140	750	0.96467423
3140	1610	0.9164722
3140	1224	0.9145668
3140	802	0.90473557
3140	440	0.9038194
3141	2167	0.9951776
3141	6	0.9948528
3141	353	0.9910509
3141	1676	0.98048806
3141	1372	0.9723731
3141	1527	0.96088237
3141	163	0.94224226
3141	349	0.9194523
3141	2617	0.8786205
3141	3267	0.839993
3142	1193	0.99872124
3142	923	0.99661785
3142	593	0.99027115
3142	1960	0.9877386
3142	1196	0.9822959
3142	1203	0.9176597
3142	1270	0.9061913
3142	1924	0.7417797
3142	2329	0.669181
3142	2863	0.6566762
3143	11	0.99737424
3143	101	0.994306
3143	446	0.9929488
3143	1516	0.97704554
3143	1704	0.9659867
3143	247	0.9619446
3143	2918	0.95984244
3143	150	0.9480446
3143	2124	0.946318
3143	1608	0.9414525
3144	3408	0.9983884
3144	3238	0.9858601
3144	370	0.9746985
3144	475	0.9730922
3144	1032	0.95378923
3144	1028	0.91104406
3144	2000	0.86693096
3144	1242	0.8646653
3144	1196	0.84201336
3144	2815	0.71092725
3145	1235	0.99815893
3145	549	0.9964827
3145	1073	0.994553
3145	2739	0.9926475
3145	2859	0.9817803
3145	2324	0.95946085
3145	2858	0.9541106
3145	2987	0.93457556
3145	3097	0.93455046
3145	1210	0.9342952
3146	1201	0.999829
3146	1278	0.9907017
3146	1266	0.98980373
3146	1704	0.9411185
3146	1079	0.9314817
3146	141	0.9072331
3146	2797	0.87255776
3146	1200	0.871408
3146	529	0.86178374
3146	1036	0.858867
3147	1060	0.9999603
3147	2997	0.99874175
3147	2318	0.99743164
3147	785	0.996848
3147	3053	0.99631965
3147	1392	0.98793495
3147	2761	0.9771371
3147	388	0.9717893
3147	1641	0.96544206
3147	800	0.9623821
3148	1414	0.9985888
3148	2174	0.9984423
3148	1261	0.9928863
3148	733	0.9887444
3148	1870	0.98004293
3148	3160	0.978912
3148	2706	0.96470606
3148	1394	0.96404266
3148	141	0.93940926
3148	3108	0.92362565
3149	1196	0.9989792
3149	356	0.99833655
3149	260	0.9891741
3149	1198	0.96540606
3149	1210	0.65028816
3149	1356	0.62464315
3149	3175	0.25761363
3149	592	0.20565253
3149	1888	0.20360455
3149	3255	0.1868257
3150	2707	0.9999515
3150	3005	0.95831263
3150	2392	0.9496772
3150	1784	0.93325603
3150	2686	0.92559713
3150	1259	0.8708585
3150	480	0.8244816
3150	2987	0.71258986
3150	3174	0.3849489
3150	1307	0.3589035
3151	2353	0.99981296
3151	736	0.9993763
3151	913	0.99932384
3151	367	0.99693775
3151	2186	0.99270105
3151	3247	0.9817985
3151	1721	0.9742474
3151	592	0.9725863
3151	1393	0.96952564
3151	539	0.9660114
3152	1270	0.9972366
3152	2453	0.9972078
3152	3174	0.96696997
3152	1097	0.87444806
3152	1967	0.8313552
3152	529	0.70432484
3152	3186	0.69040775
3152	2017	0.68375844
3152	2804	0.6584195
3152	2080	0.31753898
3153	588	0.9999304
3153	2791	0.9997734
3153	1	0.99975157
3153	2122	0.9963661
3153	2918	0.9961033
3153	2081	0.993583
3153	2795	0.98065567
3153	281	0.9703406
3153	2396	0.9615628
3153	2028	0.86646366
3154	1721	0.9992312
3154	2987	0.99819326
3154	2366	0.9978614
3154	318	0.99588686
3154	1393	0.9921622
3154	1284	0.99158007
3154	802	0.9911301
3154	2571	0.9880095
3154	364	0.9782376
3154	2687	0.97809273
3155	1270	0.99954414
3155	1210	0.9994879
3155	2871	0.99939036
3155	1380	0.9966323
3155	1206	0.9655038
3155	1247	0.9649347
3155	150	0.94916534
3155	480	0.94695115
3155	1197	0.92942345
3155	2804	0.92530525
3156	2916	0.9999813
3156	3326	0.9888504
3156	3256	0.9733181
3156	163	0.9647765
3156	2273	0.9484379
3156	1912	0.94368714
3156	1240	0.9421569
3156	1242	0.93675876
3156	1222	0.9357165
3156	1407	0.92064786
3157	2144	0.99995387
3157	1968	0.999798
3157	3361	0.9980241
3157	110	0.9880078
3157	3255	0.97773635
3157	1394	0.97420317
3157	2746	0.96859384
3157	1500	0.92126846
3157	1234	0.89510655
3157	2289	0.8873019
3158	1275	0.9993206
3158	1732	0.9983889
3158	2115	0.99819136
3158	1278	0.99612296
3158	608	0.98893726
3158	2321	0.98150855
3158	1527	0.98077583
3158	69	0.97609353
3158	924	0.969077
3158	2028	0.9610953
3159	3148	0.9988394
3159	1242	0.99766517
3159	1127	0.98319685
3159	2770	0.97572756
3159	2791	0.97370386
3159	1394	0.9482293
3159	3409	0.9352038
3159	3185	0.9341715
3159	1261	0.93136454
3159	1513	0.886541
3160	1214	0.9996149
3160	1036	0.99847436
3160	2791	0.99155164
3160	3114	0.9554485
3160	1265	0.94636554
3160	1097	0.9264636
3160	1198	0.8773629
3160	1079	0.8430144
3160	1954	0.7564757
3160	1302	0.7351475
3161	1200	0.99996436
3161	1091	0.9991889
3161	3114	0.99863565
3161	2423	0.9965378
3161	32	0.9885974
3161	2997	0.9860817
3161	858	0.9817918
3161	2858	0.9643725
3161	2762	0.9622107
3161	2248	0.9615742
3162	1610	0.99756545
3162	1198	0.9929104
3162	3316	0.99179703
3162	2028	0.9897289
3162	2770	0.96963817
3162	2490	0.9152864
3162	1573	0.9085895
3162	2763	0.8497163
3162	293	0.77161366
3162	1580	0.7395244
3163	2657	0.98734725
3163	2427	0.9417488
3163	509	0.93214494
3163	3168	0.926445
3163	1663	0.9042157
3163	2288	0.90299916
3163	2023	0.8828126
3163	2599	0.8796515
3163	1873	0.8642564
3163	3035	0.81944567
3164	153	0.9992078
3164	2502	0.99722564
3164	3398	0.980878
3164	2572	0.95370436
3164	2041	0.7715354
3164	2580	0.7245065
3164	1270	0.38903874
3164	2710	0.38320848
3164	592	0.34930268
3164	2976	0.33757755
3165	25	0.97621334
3165	434	0.9305066
3165	1197	0.8033031
3165	296	0.603748
3165	2411	0.5797846
3165	593	0.41321796
3165	1077	0.25656402
3165	2858	0.18521419
3165	370	0.17923483
3165	3408	0.1786372
3166	50	0.99605
3166	1225	0.991815
3166	1193	0.99152875
3166	1084	0.976715
3166	296	0.9718846
3166	2997	0.97002745
3166	1089	0.9032359
3166	1952	0.79935396
3166	1954	0.74356467
3166	223	0.72101605
3167	1196	0.99978864
3167	1374	0.99924076
3167	480	0.9958722
3167	1639	0.9924317
3167	593	0.99242616
3167	434	0.99241054
3167	1370	0.99104923
3167	353	0.99045765
3167	1270	0.98966426
3167	1129	0.9840166
3168	3147	0.98766327
3168	3155	0.98038024
3168	2433	0.9483931
3168	678	0.85477614
3168	858	0.83847106
3168	3179	0.7496823
3168	2882	0.6763101
3168	3156	0.4799908
3168	463	0.4310315
3168	3408	0.24806798
3169	2117	0.99991447
3169	1584	0.9981965
3169	1301	0.9953463
3169	512	0.9679433
3169	1320	0.94737995
3169	196	0.8414099
3169	2657	0.73639065
3169	3417	0.46683356
3169	2232	0.26191735
3169	2363	0.24777713
3170	260	0.9983108
3170	2795	0.9981718
3170	2329	0.9826504
3170	1610	0.98201454
3170	1223	0.980221
3170	2366	0.9770075
3170	593	0.95077324
3170	296	0.9421916
3170	466	0.9246257
3170	1617	0.9183532
3171	608	0.9993069
3171	162	0.9947005
3171	3371	0.9806169
3171	2202	0.9805982
3171	1086	0.97998285
3171	906	0.977361
3171	1221	0.96773034
3171	2866	0.9550308
3171	2677	0.8897274
3171	2076	0.8788373
3172	434	0.99991953
3172	380	0.98954535
3172	1213	0.97650886
3172	1089	0.9585072
3172	720	0.93578327
3172	2302	0.9243014
3172	861	0.9177091
3172	741	0.90013623
3172	2916	0.89859354
3172	1175	0.8766097
3173	2532	0.99999416
3173	2533	0.99949133
3173	2662	0.96916497
3173	2363	0.9504979
3173	2985	0.9468657
3173	1584	0.9355994
3173	480	0.926078
3173	2640	0.9249104
3173	1214	0.92139995
3173	2664	0.9201784
3174	25	0.9964481
3174	1777	0.9831513
3174	2565	0.9639831
3174	1537	0.91879576
3174	1569	0.89035726
3174	1339	0.8079828
3174	3179	0.78679144
3174	1704	0.7786292
3174	7	0.7549433
3174	74	0.7399845
3175	3185	0.9978738
3175	1264	0.97059166
3175	1179	0.96809345
3175	1189	0.94588864
3175	2966	0.9207748
3175	1961	0.91010463
3175	2069	0.90063
3175	3067	0.8810024
3175	1968	0.8772362
3175	1277	0.8642415
3176	318	0.23818168
3176	608	0.046775967
3176	2858	0.044803172
3176	3408	0.027040452
3176	2028	0.0123438835
3176	2583	0.0068363845
3176	1682	0.00659132
3176	1210	0.004728496
3176	1617	0.0037344992
3176	647	0.003380984
3177	608	0.99996245
3177	2571	0.9994495
3177	1300	0.9990514
3177	2883	0.9974927
3177	265	0.99726737
3177	1249	0.9925091
3177	2114	0.9914266
3177	2375	0.98749185
3177	1358	0.9874201
3177	2858	0.98621976
3178	1270	0.99989164
3178	1200	0.9996568
3178	2640	0.9986873
3178	923	0.9978363
3178	1372	0.9828946
3178	1394	0.97901446
3178	2797	0.9476192
3178	329	0.8861313
3178	3016	0.88544977
3178	1225	0.88036716
3179	2959	0.82429385
3179	628	0.7783983
3179	2912	0.5756309
3179	39	0.38694194
3179	1210	0.37714553
3179	3418	0.26586387
3179	1653	0.2645427
3179	2997	0.25927135
3179	1961	0.24308592
3179	3253	0.23054942
3180	180	0.99675196
3180	1060	0.9871361
3180	1079	0.9761721
3180	3301	0.97220457
3180	440	0.9720205
3180	2746	0.95189726
3180	1912	0.9373429
3180	1175	0.8912082
3180	1294	0.88383514
3180	1673	0.8794495
3181	260	0.9999684
3181	912	0.99995303
3181	1230	0.9923746
3181	1721	0.98938715
3181	1961	0.9709305
3181	1266	0.96580833
3181	111	0.8908917
3181	1206	0.8635204
3181	1252	0.85090685
3181	1283	0.7490195
3182	3253	0.9876745
3182	543	0.9818413
3182	1186	0.96087754
3182	2144	0.9502547
3182	1961	0.9290216
3182	1200	0.9097797
3182	161	0.902875
3182	70	0.8866455
3182	1391	0.8628866
3182	2468	0.86243904
3183	2922	0.9961531
3183	2173	0.98740673
3183	2194	0.98681164
3183	1201	0.94453466
3183	1196	0.87502146
3183	2949	0.8696901
3183	383	0.86703146
3183	2527	0.8225063
3183	2363	0.58288854
3183	2792	0.5714505
3184	2015	0.99941266
3184	39	0.994234
3184	2791	0.9940827
3184	1078	0.9931619
3184	1541	0.986006
3184	2706	0.98511004
3184	2141	0.9846396
3184	2294	0.98171264
3184	926	0.9674076
3184	3264	0.9645424
3185	2668	0.9905746
3185	3355	0.990101
3185	3238	0.94188845
3185	1304	0.93695027
3185	1037	0.85821664
3185	253	0.77737844
3185	189	0.7447729
3185	2699	0.6840619
3185	454	0.6650632
3185	1287	0.6285849
3186	541	0.99978435
3186	2203	0.9996635
3186	1617	0.9993851
3186	3364	0.99865925
3186	928	0.98542184
3186	2642	0.95022035
3186	942	0.9251436
3186	2212	0.75829375
3186	912	0.7099308
3186	931	0.45717725
3187	931	0.99689734
3187	1196	0.9864619
3187	1219	0.96816266
3187	904	0.9560673
3187	541	0.9423027
3187	1952	0.93287766
3187	1086	0.9244572
3187	1023	0.8786994
3187	480	0.8546064
3187	316	0.79776233
3188	3317	0.99573636
3188	1230	0.98089194
3188	1413	0.9784889
3188	3354	0.9628719
3188	1270	0.9477285
3188	3160	0.9255122
3188	2475	0.9169785
3188	3185	0.8719462
3188	425	0.86690855
3188	2542	0.6137774
3189	2273	0.9999538
3189	3081	0.99395895
3189	866	0.92216724
3189	438	0.874133
3189	1556	0.8740985
3189	2046	0.8727053
3189	1590	0.8703936
3189	1639	0.8647405
3189	1378	0.84399676
3189	2723	0.75052834
3190	318	0.9973722
3190	1265	0.98654604
3190	589	0.9799274
3190	380	0.94282746
3190	356	0.79793715
3190	3175	0.73785406
3190	296	0.6948019
3190	593	0.63959265
3190	2295	0.5046826
3190	2916	0.46129596
3191	1020	0.9891496
3191	1387	0.98506445
3191	2288	0.9837278
3191	1587	0.9742327
3191	300	0.9669788
3191	648	0.9665477
3191	454	0.9596604
3191	3020	0.95862067
3191	592	0.9540013
3191	185	0.93041676
3192	1	0.9536691
3192	1411	0.94679034
3192	333	0.9076493
3192	2302	0.8512105
3192	3253	0.8189986
3192	1197	0.8116682
3192	2391	0.6999935
3192	1682	0.69769424
3192	1210	0.65959144
3192	736	0.57550865
3193	2580	0.9999125
3193	968	0.9958283
3193	1179	0.99405247
3193	3005	0.97764355
3193	2826	0.9637033
3193	1396	0.9370014
3193	3408	0.9142795
3193	2700	0.9141299
3193	198	0.8822268
3193	2770	0.88026094
3194	2683	0.9999306
3194	2858	0.99971545
3194	3005	0.9994877
3194	2826	0.95187175
3194	3408	0.930809
3194	3203	0.8174709
3194	1093	0.6715526
3194	1049	0.65953714
3194	2710	0.5603735
3194	2369	0.4789874
3195	1036	0.9995114
3195	2054	0.9962769
3195	2699	0.97975165
3195	2420	0.97955555
3195	1242	0.96084297
3195	1127	0.94647336
3195	2114	0.9358597
3195	2115	0.9308112
3195	1991	0.9016259
3195	2088	0.87215436
3196	2297	0.98999155
3196	3264	0.9819646
3196	595	0.9659834
3196	2125	0.9237475
3196	2396	0.84205115
3196	39	0.79168224
3196	2405	0.68752015
3196	648	0.6873217
3196	2722	0.6402554
3196	3147	0.4220474
3197	1549	0.99982214
3197	39	0.99955046
3197	912	0.98568726
3197	2125	0.98317695
3197	3261	0.98266613
3197	1629	0.95799756
3197	176	0.95532763
3197	293	0.9481627
3197	899	0.9476943
3197	1475	0.938422
3198	1077	0.99911857
3198	2747	0.9963913
3198	1263	0.989988
3198	3362	0.91044486
3198	2109	0.9033965
3198	1206	0.89244926
3198	922	0.8741723
3198	846	0.81712705
3198	2780	0.7049578
3198	858	0.67348874
3199	1784	0.99724066
3199	112	0.9929954
3199	1777	0.9705361
3199	3255	0.8824547
3199	69	0.5199012
3199	2058	0.51145214
3199	364	0.4558283
3199	1586	0.3617471
3199	593	0.31673783
3199	1527	0.20932466
3200	417	0.999688
3200	3108	0.9993365
3200	1183	0.99917257
3200	318	0.995275
3200	1097	0.9450964
3200	1680	0.94054985
3200	1584	0.9301907
3200	2076	0.92982686
3200	1643	0.92532814
3200	2968	0.84444094
3201	1019	0.97924113
3201	2793	0.9447453
3201	3005	0.9305987
3201	1917	0.89561486
3201	2788	0.8945118
3201	2699	0.8083905
3201	2312	0.7865108
3201	1911	0.63304126
3201	3104	0.5708304
3201	434	0.43068305
3202	1678	0.99984473
3202	2294	0.9995911
3202	588	0.9982575
3202	11	0.9972087
3202	3147	0.9943385
3202	1	0.99118465
3202	10	0.9909005
3202	628	0.9879042
3202	837	0.98571634
3202	474	0.98101306
3203	1345	0.99972534
3203	490	0.99969745
3203	3174	0.99957156
3203	2707	0.9919008
3203	2571	0.9910104
3203	2997	0.97733736
3203	266	0.9625373
3203	2840	0.9362644
3203	3355	0.93098366
3203	3362	0.88559645
3204	1136	0.9988626
3204	1294	0.9987645
3204	1278	0.99660635
3204	1270	0.9817089
3204	2870	0.9716448
3204	1198	0.96472347
3204	1244	0.9128652
3204	2628	0.8633467
3204	1073	0.7640734
3204	919	0.7474709
3205	2108	0.9991447
3205	515	0.9962223
3205	590	0.9954048
3205	492	0.99106383
3205	1573	0.98985595
3205	1777	0.98534495
3205	339	0.9813576
3205	508	0.9466883
3205	1676	0.9426727
3205	838	0.9369738
3206	999	0.999015
3206	507	0.9988278
3206	2959	0.99507976
3206	1912	0.99420714
3206	2282	0.9870367
3206	2581	0.9869802
3206	3178	0.98559207
3206	150	0.95167106
3206	358	0.9479886
3206	47	0.94135964
3207	1729	0.99851274
3207	543	0.99756765
3207	555	0.9922153
3207	22	0.98684204
3207	1210	0.9865184
3207	1449	0.98469985
3207	2599	0.9739274
3207	70	0.95513916
3207	1193	0.9262054
3207	587	0.91899407
3208	2797	0.9978459
3208	2640	0.993538
3208	281	0.99350977
3208	442	0.9719952
3208	3034	0.97153676
3208	786	0.96770346
3208	3213	0.9557172
3208	2804	0.9506161
3208	1676	0.9485999
3208	673	0.9411495
3209	2167	0.9976243
3209	1833	0.99530303
3209	3208	0.9697863
3209	3300	0.959895
3209	1382	0.95096934
3209	1047	0.9193072
3209	3107	0.62820697
3209	1608	0.6015687
3209	44	0.47376013
3209	2842	0.46657696
3210	2858	0.9988586
3210	1284	0.98262036
3210	3005	0.9708675
3210	3408	0.95020056
3210	1230	0.94270086
3210	1127	0.90846026
3210	2433	0.87139785
3210	2239	0.83840847
3210	1748	0.82382125
3210	923	0.7410879
3211	1213	0.99946356
3211	21	0.992348
3211	1294	0.99208623
3211	3019	0.99158233
3211	151	0.9887371
3211	2997	0.97837937
3211	1964	0.9734169
3211	1885	0.95781255
3211	265	0.946221
3211	1272	0.91443384
3212	2296	0.99910116
3212	1270	0.9989842
3212	1136	0.9952123
3212	2385	0.9373646
3212	1285	0.90157235
3212	2997	0.86913764
3212	223	0.64206856
3212	1297	0.52985173
3212	3421	0.40099314
3212	356	0.39429194
3213	2596	0.997504
3213	1641	0.9960252
3213	3105	0.99254376
3213	1783	0.9903029
3213	3108	0.9902333
3213	3263	0.9891901
3213	3185	0.98754483
3213	1042	0.9844465
3213	454	0.9834237
3213	1916	0.97975826
3214	1088	0.9982094
3214	427	0.98994386
3214	920	0.9815419
3214	1214	0.96930444
3214	1270	0.9629144
3214	2505	0.95347416
3214	2513	0.9464575
3214	350	0.94636273
3214	232	0.94488907
3214	650	0.91250306
3215	1641	0.99999374
3215	908	0.9996929
3215	608	0.90853786
3215	1784	0.90834683
3215	356	0.85689986
3215	13	0.8432896
3215	2396	0.7990662
3215	2706	0.7210546
3215	1273	0.5315711
3215	1713	0.53041637
3216	1270	0.999977
3216	471	0.9965684
3216	3174	0.9958904
3216	196	0.98831314
3216	1292	0.9862969
3216	2321	0.9855659
3216	1125	0.97751665
3216	3328	0.97557276
3216	3355	0.9698042
3216	3361	0.96326345
3217	1287	0.9989174
3217	1200	0.993132
3217	1304	0.9925084
3217	426	0.9309782
3217	1252	0.91396725
3217	457	0.85110116
3217	48	0.8306091
3217	1249	0.82641554
3217	2746	0.8098036
3217	282	0.7955618
3218	2683	0.9987167
3218	3203	0.9824436
3218	2433	0.9661758
3218	2908	0.9501404
3218	2762	0.9421494
3218	2395	0.9147135
3218	1641	0.82477045
3218	2575	0.7490381
3218	1959	0.70459867
3218	2114	0.6724725
3219	3238	0.9999995
3219	2694	0.99988186
3219	3113	0.9998392
3219	3189	0.99868214
3219	2490	0.9943121
3219	2599	0.9831191
3219	3354	0.9826106
3219	2995	0.97999394
3219	3005	0.9682301
3219	2997	0.9617561
3220	912	0.9997411
3220	902	0.99699914
3220	1252	0.99557126
3220	3030	0.9822545
3220	1250	0.97317404
3220	2396	0.9714818
3220	909	0.9707341
3220	1673	0.9633257
3220	1251	0.9583589
3220	920	0.9453171
3221	1036	0.9997036
3221	1610	0.9996635
3221	589	0.99953043
3221	1210	0.9992138
3221	1961	0.9840715
3221	832	0.983123
3221	2000	0.96378136
3221	1270	0.93739164
3221	318	0.91299844
3221	541	0.90187055
3222	527	0.99573624
3222	2028	0.98923165
3222	1997	0.98736215
3222	1198	0.93362296
3222	1214	0.88276243
3222	858	0.8220972
3222	1947	0.60663915
3222	2501	0.46336272
3222	1090	0.30693474
3222	1927	0.19762123
3223	2605	0.7531163
3223	2759	0.69511676
3223	2333	0.69225115
3223	1546	0.60704464
3223	2792	0.602015
3223	2686	0.56090707
3223	3174	0.54870075
3223	2761	0.5419693
3223	1200	0.5111661
3223	2355	0.5059518
3224	1299	0.98330736
3224	110	0.9449936
3224	3004	0.93505865
3224	3037	0.9294729
3224	1207	0.92087996
3224	1196	0.91542876
3224	529	0.9120655
3224	1909	0.87042236
3224	2985	0.8570626
3224	2072	0.8561449
3225	858	0.99978983
3225	1197	0.95163953
3225	1617	0.83526754
3225	1294	0.7759768
3225	2997	0.36971974
3225	912	0.26656437
3225	1954	0.24856058
3225	1252	0.19726631
3225	1953	0.18310189
3225	1304	0.15580273
3226	1394	0.99619246
3226	260	0.987669
3226	3307	0.98696864
3226	2132	0.9839915
3226	1247	0.9831058
3226	1185	0.97394276
3226	750	0.9445958
3226	441	0.89181584
3226	1077	0.76850355
3226	1945	0.75453794
3227	3147	0.99964637
3227	562	0.99627376
3227	357	0.9954103
3227	914	0.98886335
3227	2918	0.9855925
3227	1931	0.9836825
3227	421	0.9626305
3227	2391	0.9498544
3227	1387	0.88525844
3227	2005	0.8810474
3228	1214	0.99932027
3228	1954	0.99927306
3228	1408	0.9959575
3228	2476	0.99185133
3228	608	0.9844316
3228	2067	0.9723932
3228	2640	0.9708249
3228	2236	0.94689703
3228	595	0.9408096
3228	1097	0.9396798
3229	1259	0.9998749
3229	235	0.9972923
3229	3316	0.9956037
3229	2278	0.9938061
3229	293	0.9936143
3229	296	0.9914109
3229	1	0.9881135
3229	1408	0.971869
3229	1673	0.96282
3229	593	0.93862605
3230	1584	0.9997327
3230	1590	0.9704698
3230	1676	0.9703572
3230	1396	0.9377295
3230	457	0.8427871
3230	3052	0.74309874
3230	3354	0.73693955
3230	2028	0.73624486
3230	481	0.680401
3230	3386	0.6598377
3231	1196	0.9998861
3231	1333	0.9996735
3231	1015	0.9932331
3231	1617	0.9855716
3231	1704	0.9836298
3231	2797	0.9833434
3231	2015	0.9735688
3231	1682	0.97121423
3231	1293	0.95965385
3231	1247	0.95058453
3232	1923	0.99962115
3232	2599	0.9924629
3232	2355	0.98694295
3232	2542	0.9753581
3232	1278	0.92908835
3232	2263	0.8451799
3232	3175	0.7691765
3232	3255	0.75551665
3232	1704	0.5634451
3232	2171	0.56025296
3233	1136	0.9975527
3233	2858	0.9953467
3233	1197	0.9950472
3233	2683	0.98345375
3233	1078	0.9834156
3233	1580	0.9564833
3233	1948	0.9492221
3233	1	0.9440826
3233	1259	0.9065384
3233	265	0.86411357
3234	1264	0.99292743
3234	1874	0.98832107
3234	2019	0.98488474
3234	1940	0.9840034
3234	858	0.98330164
3234	227	0.97635114
3234	2949	0.95543075
3234	926	0.9463086
3234	3070	0.84614944
3234	876	0.8018806
3235	3175	0.8790034
3235	461	0.7882337
3235	2797	0.68900436
3235	3051	0.63280225
3235	2188	0.58639455
3235	3005	0.56337893
3235	2762	0.5010281
3235	2428	0.18957669
3235	3113	0.16693696
3235	1210	0.15376845
3236	589	0.98925745
3236	2028	0.7661698
3236	593	0.74580103
3236	1198	0.69069076
3236	2124	0.6262913
3236	2746	0.46436313
3236	2599	0.27009004
3236	3071	0.24455541
3236	1580	0.20203304
3236	778	0.17538384
3237	608	0.9999107
3237	3177	0.9990243
3237	1028	0.9981148
3237	745	0.99690443
3237	3408	0.9960669
3237	2333	0.99417746
3237	2686	0.9727863
3237	2997	0.95858145
3237	3355	0.9559809
3237	1188	0.9543727
3238	1304	0.99998957
3238	1220	0.9954426
3238	858	0.99234945
3238	1961	0.80076903
3238	1617	0.79647523
3238	1230	0.7746488
3238	111	0.69820195
3238	1213	0.5593312
3238	1297	0.46692246
3238	920	0.43284348
3239	150	0.99992883
3239	2762	0.9976058
3239	1120	0.9933541
3239	36	0.9914712
3239	1358	0.9910076
3239	2324	0.975591
3239	3174	0.9749188
3239	2106	0.9744585
3239	3252	0.96526885
3239	1704	0.963738
3240	1777	0.9999987
3240	3160	0.99998236
3240	1784	0.9996535
3240	639	0.99947226
3240	2997	0.99736816
3240	1449	0.9963498
3240	1517	0.99075985
3240	351	0.9304174
3240	1175	0.9107586
3240	2706	0.9017608
3241	2686	0.97871697
3241	1794	0.97482145
3241	1197	0.6560333
3241	307	0.567837
3241	1683	0.5446938
3241	2177	0.5314587
3241	2413	0.5165446
3241	1199	0.42765447
3241	1957	0.38356832
3241	3148	0.28550285
3242	2527	0.99999166
3242	1320	0.9992204
3242	1233	0.997244
3242	2916	0.99344575
3242	1215	0.99304855
3242	2028	0.9630672
3242	610	0.9617497
3242	494	0.9549839
3242	2006	0.93640965
3242	95	0.9260362
3243	1294	0.9998815
3243	2826	0.9997669
3243	1197	0.9983421
3243	954	0.9957978
3243	1193	0.99574554
3243	924	0.9943576
3243	2795	0.99388665
3243	1240	0.9706933
3243	2144	0.94399905
3243	2723	0.942309
3244	2468	0.9423578
3244	1968	0.7383826
3244	2088	0.7254155
3244	2450	0.5109389
3244	266	0.3271465
3244	1197	0.23518372
3244	1955	0.19335112
3244	2941	0.14329657
3244	3267	0.12581125
3244	1198	0.12078285
3245	3324	1.0
3245	3301	0.9999732
3245	3177	0.9903761
3245	842	0.97277915
3245	2091	0.9272083
3245	1562	0.8517356
3245	3276	0.62746096
3245	1059	0.46950442
3245	3355	0.45354176
3245	434	0.3920163
3246	3100	0.99926895
3246	1401	0.99920416
3246	1357	0.9970132
3246	1840	0.99689436
3246	2966	0.99544185
3246	272	0.99482363
3246	1673	0.98830104
3246	2324	0.98752487
3246	1060	0.9861828
3246	3173	0.98335886
3247	940	0.9867565
3247	2028	0.9734854
3247	2871	0.967824
3247	3366	0.9556203
3247	858	0.9171163
3247	592	0.9013103
3247	1204	0.83912265
3247	3104	0.67813134
3247	1210	0.496431
3247	2899	0.35049722
3248	3072	0.9999856
3248	920	0.99647
3248	1617	0.9813121
3248	903	0.9781327
3248	904	0.9729097
3248	1089	0.9725317
3248	912	0.9700171
3248	978	0.9396812
3248	928	0.90770245
3248	1287	0.90273654
3249	318	0.9998989
3249	608	0.9446571
3249	1252	0.9371811
3249	923	0.9357188
3249	2804	0.9264908
3249	17	0.7859399
3249	593	0.7548234
3249	1962	0.74387825
3249	1084	0.73689955
3249	2454	0.7046715
3250	1	0.9996882
3250	1777	0.99962157
3250	231	0.99773055
3250	799	0.9906111
3250	2427	0.9871633
3250	2542	0.9815731
3250	180	0.97465706
3250	104	0.966214
3250	2395	0.96426105
3250	1689	0.95033336
3251	1387	0.9999577
3251	3363	0.999383
3251	909	0.999167
3251	3362	0.9985466
3251	1247	0.99810123
3251	911	0.99506813
3251	2529	0.98902833
3251	2040	0.9826828
3251	2729	0.9787152
3251	2871	0.9780728
3252	2706	0.9979986
3252	3005	0.8923434
3252	1961	0.8491278
3252	3409	0.794442
3252	1573	0.60505587
3252	2028	0.4048105
3252	2719	0.27827477
3252	2058	0.24322513
3252	2976	0.22903043
3252	2571	0.22053295
3253	1197	0.99817204
3253	2718	0.9968426
3253	2433	0.9938558
3253	2324	0.9936043
3253	1256	0.9933537
3253	41	0.9776154
3253	345	0.9719455
3253	1150	0.9579891
3253	34	0.94770074
3253	1079	0.92711663
3254	745	0.9998853
3254	1	0.99906707
3254	1148	0.99893916
3254	2997	0.9960052
3254	2150	0.7974926
3254	1914	0.79602766
3254	1028	0.70060927
3254	1265	0.62343746
3254	2289	0.5705076
3254	1395	0.4701054
3255	339	0.99667704
3255	265	0.9960647
3255	2496	0.9905781
3255	509	0.95817566
3255	480	0.9459255
3255	2340	0.9216747
3255	1895	0.88394886
3255	17	0.8733728
3255	2291	0.86625636
3255	342	0.8423674
3256	1127	0.99998486
3256	2694	0.9999578
3256	1214	0.995481
3256	2	0.97282195
3256	480	0.95089513
3256	1617	0.9444807
3256	3408	0.92181885
3256	1208	0.9148382
3256	2706	0.90406483
3256	589	0.8786112
3257	2912	0.9987262
3257	1200	0.9941703
3257	3298	0.98343444
3257	2949	0.96502316
3257	1361	0.94896793
3257	3145	0.92767406
3257	3146	0.8140676
3257	1446	0.79249454
3257	1912	0.7580938
3257	3301	0.73310196
3258	508	0.99006927
3258	2357	0.98529124
3258	3039	0.8783742
3258	1682	0.851367
3258	246	0.81843114
3258	2352	0.77278763
3258	1185	0.75854814
3258	1674	0.7531437
3258	1247	0.6581384
3258	3081	0.44311482
3259	919	0.99994797
3259	1275	0.9975647
3259	1394	0.99725044
3259	3396	0.9899961
3259	595	0.97345114
3259	2336	0.94356555
3259	965	0.9370821
3259	1198	0.93588233
3259	587	0.935575
3259	608	0.87621284
3260	1387	0.99932575
3260	1206	0.99888575
3260	3034	0.9834642
3260	800	0.9831598
3260	1247	0.97827685
3260	3421	0.97610945
3260	1393	0.9595406
3260	1220	0.90304446
3260	2872	0.8975214
3260	3072	0.88837755
3261	3301	0.9768299
3261	1635	0.94359344
3261	2600	0.9286937
3261	3000	0.8975488
3261	47	0.89523816
3261	778	0.8751879
3261	3101	0.8712648
3261	16	0.8631364
3261	3285	0.8607772
3261	940	0.85590017
3262	2302	0.9996476
3262	1380	0.9979855
3262	454	0.9950013
3262	3408	0.98858774
3262	2805	0.97958946
3262	2804	0.97189987
3262	1223	0.9612806
3262	2375	0.936191
3262	39	0.8818996
3262	1393	0.84094137
3263	1619	0.99886864
3263	2571	0.9984081
3263	2393	0.9983711
3263	647	0.9969586
3263	1953	0.9931539
3263	3037	0.97373295
3263	2950	0.9645542
3263	1960	0.95881665
3263	2520	0.90536386
3263	3095	0.8888531
3264	480	0.9991586
3264	3263	0.96199244
3264	3285	0.8928375
3264	1059	0.85728186
3264	2628	0.79525626
3264	3298	0.7105581
3264	3174	0.6803805
3264	2826	0.595937
3264	2501	0.5895788
3264	1591	0.4134815
3265	1371	0.9978945
3265	3070	0.9893178
3265	2065	0.97949135
3265	3267	0.966156
3265	508	0.9439235
3265	2468	0.92412245
3265	2918	0.90250814
3265	1429	0.880924
3265	2094	0.8668395
3265	442	0.8626857
3266	858	0.99541587
3266	1095	0.98788404
3266	903	0.9743402
3266	265	0.96189845
3266	2707	0.94580615
3266	2289	0.90964866
3266	1213	0.89267004
3266	25	0.88723636
3266	1242	0.87759846
3266	1217	0.86816156
3267	3160	0.99946415
3267	3081	0.9967717
3267	299	0.9941063
3267	1196	0.99214876
3267	2761	0.9255971
3267	24	0.9165539
3267	2394	0.814711
3267	3173	0.6978696
3267	3051	0.66558236
3267	2908	0.641871
3268	832	0.99559414
3268	367	0.99404633
3268	2193	0.9935821
3268	2797	0.97706383
3268	3189	0.97526884
3268	110	0.97033226
3268	223	0.78406847
3268	1639	0.77899563
3268	317	0.7762208
3268	2968	0.7569372
3269	2762	0.9997455
3269	1028	0.99040973
3269	1136	0.98768127
3269	1914	0.9842529
3269	1394	0.9754132
3269	223	0.97405136
3269	3147	0.956615
3269	2716	0.9090153
3269	1073	0.8783874
3269	2918	0.8675828
3270	1136	0.999979
3270	1086	0.99986255
3270	1219	0.9974098
3270	1206	0.99657434
3270	1269	0.9926838
3270	1079	0.99169075
3270	589	0.9916382
3270	2396	0.991152
3270	1089	0.98293316
3270	750	0.97872573
3271	2474	0.9999603
3271	47	0.9990828
3271	3176	0.9803075
3271	1729	0.97893333
3271	2123	0.978078
3271	2161	0.97341967
3271	2739	0.9634047
3271	3068	0.94231075
3271	2917	0.93618447
3271	2692	0.9358293
3272	1094	0.9936825
3272	2916	0.98105204
3272	2662	0.9778043
3272	1234	0.9768863
3272	1527	0.9766457
3272	2009	0.96931875
3272	1343	0.9667119
3272	2054	0.95944035
3272	1358	0.9503245
3272	1206	0.94964933
3273	50	0.887745
3273	1213	0.40284747
3273	608	0.14468485
3273	593	0.045652032
3273	527	0.04412818
3273	1961	0.032145977
3273	2028	0.03008759
3273	1704	0.028568774
3273	2916	0.027941018
3273	2858	0.02758333
3274	1373	0.91149586
3274	196	0.84252095
3274	671	0.76069283
3274	2028	0.7232708
3274	1779	0.66270727
3274	2081	0.64528346
3274	260	0.63660693
3274	1527	0.6350852
3274	2723	0.6118735
3274	1544	0.5940891
3275	2160	0.99910164
3275	3362	0.9986602
3275	1214	0.9923487
3275	105	0.9886111
3275	2351	0.9829235
3275	858	0.9782878
3275	2644	0.9606132
3275	2454	0.95878637
3275	2287	0.9023606
3275	1350	0.902336
3276	17	0.96852267
3276	786	0.9380592
3276	1213	0.9331164
3276	902	0.90274143
3276	1381	0.8208832
3276	454	0.79889584
3276	2028	0.66044533
3276	2804	0.58500314
3276	2858	0.51192117
3276	2532	0.4999227
3277	1302	0.999444
3277	1221	0.9984424
3277	21	0.99440503
3277	475	0.99174315
3277	2686	0.98991513
3277	3246	0.98546326
3277	1196	0.98418105
3277	1296	0.9791913
3277	25	0.97760254
3277	441	0.97426796
3278	3030	0.99906015
3278	1238	0.9978371
3278	951	0.9967199
3278	3096	0.99656177
3278	2936	0.98929816
3278	3022	0.9731503
3278	3035	0.9514462
3278	912	0.93710476
3278	2791	0.85607
3278	933	0.8086851
3279	1036	0.9999473
3279	110	0.9771204
3279	2912	0.9737307
3279	6	0.9111713
3279	3147	0.8788153
3279	3366	0.8713198
3279	924	0.85565627
3279	2944	0.80262995
3279	2571	0.73744357
3279	457	0.7004348
3280	2805	0.99889374
3280	1387	0.9973615
3280	21	0.98305875
3280	2025	0.98068243
3280	2011	0.96658003
3280	1127	0.95549995
3280	2324	0.94784814
3280	175	0.94508207
3280	253	0.9087507
3280	1704	0.90761495
3281	2406	0.9996375
3281	368	0.99719787
3281	442	0.9949195
3281	1196	0.9946556
3281	1527	0.99419695
3281	1488	0.98670995
3281	1552	0.9625573
3281	145	0.9568386
3281	648	0.91915226
3281	2641	0.9051731
3282	908	0.99948746
3282	931	0.9979346
3282	919	0.99457896
3282	965	0.91199404
3282	1219	0.88815486
3282	2203	0.85584843
3282	1617	0.70262885
3282	1252	0.68112403
3282	3201	0.5089014
3282	904	0.5044927
3283	1965	0.9999929
3283	3421	0.9997829
3283	1375	0.9952387
3283	3060	0.994352
3283	1374	0.99398094
3283	232	0.960979
3283	2140	0.9342834
3283	3037	0.90526736
3283	1136	0.89933753
3283	1079	0.795633
3284	994	0.9948739
3284	2289	0.97217107
3284	750	0.8556072
3284	296	0.8325134
3284	2396	0.77140534
3284	2677	0.63166004
3284	3362	0.61651695
3284	2028	0.5102164
3284	2599	0.4318164
3284	273	0.404959
3285	2683	0.99944615
3285	2333	0.98116493
3285	1263	0.97063
3285	1047	0.9664358
3285	161	0.96289265
3285	2124	0.95837903
3285	1792	0.9509057
3285	733	0.9376435
3285	441	0.91538644
3285	3301	0.90785813
3286	2088	0.9831229
3286	2080	0.8502206
3286	2565	0.8277813
3286	111	0.7077293
3286	3101	0.47819206
3286	1073	0.38137442
3286	1125	0.37876114
3286	1035	0.33282644
3286	551	0.30669773
3286	2470	0.28402337
3287	1219	0.9997748
3287	908	0.9949533
3287	920	0.9943
3287	1280	0.992007
3287	527	0.9824021
3287	1272	0.9736388
3287	1266	0.9624355
3287	111	0.943277
3287	2067	0.93375754
3287	912	0.8923385
3288	1263	0.93639
3288	3104	0.9182378
3288	1221	0.8470167
3288	1617	0.8443148
3288	1276	0.7529775
3288	1294	0.7074709
3288	1222	0.67079365
3288	1104	0.6464668
3288	924	0.63437104
3288	2858	0.6184802
3289	3066	0.9998791
3289	1931	0.9914426
3289	2669	0.98417723
3289	3366	0.984097
3289	3153	0.97844934
3289	1272	0.89659876
3289	1214	0.8948598
3289	425	0.8280363
3289	858	0.3748193
3289	2644	0.32785827
3290	223	0.99999833
3290	2600	0.99997175
3290	1093	0.99993837
3290	2908	0.9998653
3290	24	0.9992398
3290	2394	0.99230963
3290	2694	0.9866489
3290	2702	0.9752546
3290	2975	0.956811
3290	3174	0.9552853
3291	1097	0.99743783
3291	2291	0.9849632
3291	531	0.9698994
3291	110	0.9494485
3291	282	0.8386147
3291	2687	0.7900485
3291	2137	0.7884085
3291	17	0.7615628
3291	589	0.756217
3291	986	0.690288
3292	2405	0.9021524
3292	2294	0.8739255
3292	36	0.85411215
3292	1597	0.8203825
3292	41	0.7912431
3292	2736	0.7845504
3292	2706	0.7836647
3292	494	0.7836443
3292	2087	0.7827835
3292	357	0.7739136
3293	3129	0.99997103
3293	3186	0.99326885
3293	3189	0.66943455
3293	3355	0.62104845
3293	1270	0.57168436
3293	3302	0.5652219
3293	3250	0.5574728
3293	3299	0.53414476
3293	2657	0.50462323
3293	1639	0.31144637
3294	627	0.9984025
3294	2000	0.9983518
3294	1049	0.98138136
3294	1089	0.98069775
3294	356	0.9767508
3294	2858	0.97659147
3294	2987	0.9758024
3294	1061	0.96937156
3294	3104	0.9680116
3294	1036	0.96264917
3295	2688	0.99999964
3295	2605	0.9999818
3295	785	0.9717995
3295	968	0.9685786
3295	2997	0.9550095
3295	2692	0.8608128
3295	2568	0.8530897
3295	2805	0.79434454
3295	3004	0.69776464
3295	2770	0.6850518
3296	3285	0.99948186
3296	157	0.99754405
3296	3174	0.99678195
3296	3408	0.9950869
3296	2001	0.9905732
3296	3186	0.98768055
3296	2502	0.98636353
3296	3081	0.96707106
3296	1625	0.90384686
3296	1721	0.8493371
3297	1120	0.9977813
3297	2355	0.99615496
3297	2712	0.9927898
3297	647	0.975508
3297	2302	0.87954545
3297	2490	0.8706275
3297	1876	0.8243022
3297	2961	0.8125055
3297	351	0.7849689
3297	457	0.7275864
3298	2718	0.99999964
3298	2572	0.9999963
3298	2169	0.9999818
3298	2694	0.9990716
3298	223	0.9990514
3298	3250	0.9980767
3298	3005	0.9946059
3298	2853	0.9899831
3298	1992	0.9870046
3298	2772	0.9860294
3299	2248	0.9951385
3299	1285	0.97607714
3299	2985	0.9320549
3299	2282	0.92986417
3299	1320	0.92922777
3299	3361	0.91178024
3299	1296	0.90100074
3299	306	0.8973
3299	1573	0.8678254
3299	155	0.82929814
3300	1293	0.99993396
3300	507	0.99291646
3300	1958	0.9595902
3300	1278	0.9496032
3300	2312	0.9407937
3300	3037	0.932708
3300	165	0.91977453
3300	2518	0.9063301
3300	1673	0.8667127
3300	2194	0.8478931
3301	3160	0.9999412
3301	3363	0.9992963
3301	2396	0.99846745
3301	608	0.99780023
3301	1885	0.99597156
3301	29	0.9952215
3301	441	0.99428344
3301	3081	0.9909264
3301	590	0.98004746
3301	25	0.97307706
3302	2541	0.99998236
3302	2683	0.999474
3302	785	0.9976684
3302	24	0.9856046
3302	2392	0.9846773
3302	1093	0.9787111
3302	1513	0.96474695
3302	2395	0.94202423
3302	2710	0.9243051
3302	968	0.88644505
3303	2858	0.9517735
3303	260	0.37008783
3303	1197	0.15275761
3303	1265	0.09355646
3303	2599	0.039170325
3303	1262	0.03784159
3303	2762	0.026412219
3303	608	0.017525703
3303	10	0.008270979
3303	1294	0.008158445
3304	2097	0.99913985
3304	1225	0.9969021
3304	1982	0.99436194
3304	2804	0.9894368
3304	2947	0.9842909
3304	1287	0.98223
3304	1960	0.97986007
3304	541	0.9761505
3304	1350	0.961536
3304	926	0.952954
3305	1479	0.999459
3305	3265	0.9978297
3305	3260	0.9967283
3305	1608	0.99634385
3305	3256	0.9955561
3305	531	0.9843141
3305	21	0.97230387
3305	1573	0.95963037
3305	1694	0.94552016
3305	1378	0.9331557
3306	1210	0.9966874
3306	2076	0.9722533
3306	356	0.87033063
3306	858	0.49857867
3306	1291	0.47787046
3306	1198	0.41057968
3306	1299	0.26794565
3306	2944	0.1860106
3306	2858	0.16678739
3306	1077	0.15164906
3307	2840	0.9984791
3307	2628	0.997578
3307	1625	0.98987514
3307	3298	0.98790896
3307	2762	0.9852051
3307	2490	0.98290706
3307	2369	0.9798055
3307	2763	0.9779186
3307	780	0.9566715
3307	3408	0.94519246
3308	2053	0.9997624
3308	2989	0.98963296
3308	2046	0.98736775
3308	1676	0.9541204
3308	2926	0.9508657
3308	377	0.9164915
3308	2450	0.8863064
3308	2641	0.85425645
3308	1017	0.8503671
3308	1888	0.8305963
3309	1396	0.99751955
3309	3114	0.98460937
3309	1965	0.98215353
3309	2746	0.98156285
3309	3071	0.9788065
3309	39	0.96867853
3309	671	0.96644473
3309	2406	0.9378621
3309	1215	0.91907036
3309	1294	0.8984746
3310	3077	0.9997065
3310	745	0.99789727
3310	1223	0.9932923
3310	162	0.98732907
3310	290	0.9842168
3310	1	0.81938964
3310	1219	0.808837
3310	2997	0.7910769
3310	1210	0.67242616
3310	3072	0.43678117
3311	3114	0.9804983
3311	2408	0.90991926
3311	1221	0.8959516
3311	1242	0.8881839
3311	3190	0.84646547
3311	351	0.84344107
3311	2150	0.84280723
3311	1845	0.7949931
3311	21	0.78843546
3311	1569	0.76407456
3312	111	0.9728428
3312	145	0.9334766
3312	2879	0.9108318
3312	999	0.90433186
3312	1199	0.88631964
3312	457	0.8859952
3312	627	0.8397881
3312	2501	0.8220037
3312	1060	0.81837773
3312	2407	0.8117807
3313	2968	0.9965276
3313	1206	0.99383396
3313	1394	0.9873044
3313	919	0.98013777
3313	150	0.9798777
3313	1278	0.978862
3313	318	0.964204
3313	2959	0.94635767
3313	1230	0.93976957
3313	1222	0.93877065
3314	1617	0.99837005
3314	1079	0.9971874
3314	913	0.9943848
3314	1994	0.9867427
3314	1035	0.9864271
3314	2719	0.9767562
3314	1221	0.9569742
3314	111	0.9531914
3314	1345	0.95256793
3314	3264	0.9499098
3315	163	0.99975324
3315	1517	0.99959946
3315	1344	0.9984137
3315	2058	0.99567777
3315	10	0.9950836
3315	1584	0.99285305
3315	293	0.9925885
3315	2700	0.99088943
3315	1912	0.977497
3315	358	0.97687054
3316	594	0.9930091
3316	2100	0.91072035
3316	1214	0.8875878
3316	2161	0.5682261
3316	2628	0.49670547
3316	1967	0.41018105
3316	2081	0.33552587
3316	1253	0.3260413
3316	1030	0.2505386
3316	1233	0.17794988
3317	2363	0.9996711
3317	2529	0.9990159
3317	1617	0.9885384
3317	671	0.9788904
3317	2949	0.9757196
3317	913	0.9728148
3317	2692	0.95838
3317	1078	0.94700813
3317	1356	0.94216037
3317	367	0.9298904
3318	1252	0.9999992
3318	1294	0.99935263
3318	1233	0.9988708
3318	1256	0.9979558
3318	1193	0.9944762
3318	2202	0.9938301
3318	1267	0.9922137
3318	608	0.9790718
3318	3072	0.93360555
3318	1260	0.9235517
3319	1193	0.99973184
3319	909	0.9977859
3319	2130	0.976716
3319	1382	0.93846714
3319	1230	0.8551611
3319	1079	0.8117434
3319	608	0.76598346
3319	3030	0.75657904
3319	2969	0.71749485
3319	2361	0.61486363
3320	349	0.9995494
3320	2352	0.96599025
3320	1747	0.9123688
3320	3072	0.9066639
3320	150	0.8650572
3320	3246	0.8585104
3320	3098	0.8450383
3320	2929	0.8330826
3320	2094	0.8239466
3320	1080	0.7783657
3321	1193	0.9999997
3321	1090	0.99936557
3321	2303	0.99812376
3321	2852	0.9966372
3321	1185	0.9743997
3321	745	0.92102134
3321	3067	0.90230405
3321	296	0.8965407
3321	2791	0.8744967
3321	2788	0.8286684
3322	2692	0.98681045
3322	2762	0.7551804
3322	110	0.5349083
3322	296	0.43847328
3322	2231	0.40735948
3322	1387	0.38715693
3322	1097	0.32641727
3322	1597	0.28177488
3322	1732	0.24012116
3322	1625	0.19448584
3323	3362	0.999138
3323	2502	0.99534094
3323	2433	0.97694993
3323	2712	0.9357847
3323	2759	0.7583959
3323	2580	0.69530654
3323	2997	0.66980803
3323	1292	0.48722848
3323	1210	0.481738
3323	2396	0.40542996
3324	1208	0.9999162
3324	1225	0.9998293
3324	1206	0.99854493
3324	1219	0.9968587
3324	720	0.99509543
3324	111	0.9903183
3324	1252	0.98751837
3324	1294	0.9713119
3324	923	0.96079236
3324	260	0.9417058
3325	2858	0.9998115
3325	3160	0.99969804
3325	3176	0.998303
3325	2997	0.99715185
3325	2762	0.99531
3325	3298	0.9356073
3325	3185	0.8826909
3325	2357	0.8748784
3325	527	0.8501681
3325	2827	0.77401537
3326	277	0.99972916
3326	1035	0.9996805
3326	2948	0.9986809
3326	2792	0.99766123
3326	1673	0.9646989
3326	1544	0.68623716
3326	3409	0.6112916
3326	110	0.3928206
3326	1345	0.36850607
3326	1617	0.27550146
3327	2763	0.9970432
3327	163	0.9967197
3327	514	0.9903989
3327	260	0.98872226
3327	2112	0.9582795
3327	1210	0.95304036
3327	785	0.94095564
3327	745	0.9032775
3327	21	0.89101136
3327	2701	0.87654984
3328	2002	0.99894536
3328	1641	0.99570966
3328	317	0.98599154
3328	272	0.98250335
3328	619	0.9665573
3328	237	0.96218634
3328	205	0.9494259
3328	300	0.9304372
3328	1839	0.92564535
3328	2291	0.92260134
3329	1952	0.9988307
3329	1094	0.9941485
3329	735	0.95422864
3329	1617	0.9177638
3329	2289	0.9030772
3329	1273	0.89728534
3329	3011	0.8870314
3329	919	0.88655776
3329	3418	0.8835751
3329	1674	0.87909526
3330	24	0.9991306
3330	2541	0.9989741
3330	527	0.99811435
3330	2707	0.9978963
3330	1199	0.9889143
3330	1196	0.98392427
3330	1270	0.95942116
3330	1127	0.9277009
3330	2722	0.8645221
3330	25	0.74482894
3331	2336	0.9999995
3331	2028	0.9978334
3331	2369	0.99734735
3331	920	0.99359524
3331	2723	0.9909439
3331	2861	0.98774946
3331	898	0.9803978
3331	916	0.9342788
3331	2804	0.9209218
3331	1909	0.9090187
3332	1513	0.9997779
3332	2188	0.9994074
3332	2759	0.9948299
3332	2485	0.99336624
3332	2333	0.820678
3332	24	0.81547654
3332	2804	0.7710784
3332	2762	0.7204095
3332	2070	0.6579592
3332	2712	0.6201869
3333	2706	0.9999576
3333	1499	0.9989438
3333	2423	0.9868064
3333	2723	0.9829914
3333	2881	0.97375214
3333	2571	0.95658946
3333	2701	0.95073605
3333	2828	0.9279783
3333	2081	0.8870492
3333	480	0.8777431
3334	590	0.9999906
3334	300	0.99988294
3334	1120	0.9962788
3334	318	0.9455091
3334	527	0.9394363
3334	3255	0.9273477
3334	110	0.91093624
3334	2340	0.9093586
3334	589	0.8758286
3334	1414	0.85773385
3335	2001	0.97594804
3335	1968	0.89751804
3335	1387	0.85684955
3335	104	0.8456014
3335	3396	0.5608848
3335	1036	0.45727026
3335	2174	0.45519683
3335	3421	0.30582583
3335	1196	0.18304235
3335	1079	0.18112072
3336	2329	0.97239643
3336	924	0.9514507
3336	2712	0.9419813
3336	2186	0.9294119
3336	431	0.92009926
3336	2706	0.89399856
3336	111	0.8325914
3336	3175	0.8280492
3336	173	0.8260267
3336	235	0.79984975
3337	2683	0.99971175
3337	2722	0.99599314
3337	3053	0.99178815
3337	3298	0.9916536
3337	785	0.96964675
3337	2694	0.95357263
3337	1513	0.8727848
3337	2701	0.48037916
3337	2433	0.46357712
3337	2719	0.43100893
3338	910	0.9995213
3338	3421	0.9995109
3338	1276	0.9994551
3338	2352	0.9992411
3338	1136	0.9990467
3338	1079	0.98787427
3338	3362	0.9798559
3338	3361	0.97829664
3338	2109	0.9697143
3338	1256	0.9487927
3339	2804	0.99999744
3339	1179	0.99884415
3339	2997	0.99309534
3339	2100	0.99227494
3339	1198	0.9747673
3339	3039	0.9729483
3339	2248	0.9709413
3339	3174	0.93543893
3339	1097	0.8679806
3339	3394	0.80261385
3340	913	0.9986987
3340	628	0.99865115
3340	2433	0.9977794
3340	1639	0.99492246
3340	1213	0.9859431
3340	1997	0.9812763
3340	2599	0.9808208
3340	1221	0.9745196
3340	1193	0.9661071
3340	3006	0.9608643
3341	501	0.9999882
3341	2348	0.9999771
3341	246	0.9997241
3341	3091	0.99971145
3341	2384	0.9992906
3341	2232	0.99920857
3341	3173	0.99860686
3341	1214	0.99804854
3341	1252	0.9977154
3341	2126	0.99717784
3342	2694	0.9999493
3342	2995	0.99994063
3342	2840	0.9998633
3342	3081	0.9993737
3342	2827	0.9964663
3342	2676	0.9789431
3342	2428	0.9751872
3342	2433	0.9727863
3342	2555	0.9481972
3342	3298	0.9262929
3343	454	0.96338296
3343	2582	0.8702009
3343	2078	0.7070447
3343	2340	0.55693614
3343	2080	0.38082108
3343	1210	0.21184033
3343	2657	0.116562605
3343	1097	0.07118425
3343	529	0.0627906
3343	340	0.049930185
3344	1247	0.9925904
3344	3362	0.984826
3344	908	0.9835366
3344	527	0.9659555
3344	1953	0.9598276
3344	511	0.77101517
3344	1228	0.7559145
3344	3424	0.74528956
3344	589	0.67185575
3344	1213	0.64815784
3345	2533	0.99989593
3345	2476	0.99987125
3345	380	0.9938251
3345	1011	0.9855732
3345	1395	0.9825125
3345	260	0.93627334
3345	2423	0.8779381
3345	1200	0.85684824
3345	2530	0.72930163
3345	2662	0.711264
3346	1208	0.9999275
3346	1244	0.9998835
3346	1254	0.9990598
3346	527	0.9982546
3346	1219	0.9961734
3346	2300	0.9857042
3346	1262	0.9794947
3346	36	0.9766019
3346	2116	0.966038
3346	916	0.9624084
3347	2959	0.9756795
3347	2858	0.53723264
3347	2996	0.50109595
3347	1873	0.48516548
3347	529	0.2793113
3347	1343	0.216696
3347	3189	0.20937926
3347	2707	0.19688916
3347	356	0.16601479
3347	2324	0.15203568
3348	2704	0.9995422
3348	1162	0.97850955
3348	1304	0.96896803
3348	902	0.96568584
3348	915	0.7062372
3348	3044	0.3136329
3348	260	0.30882654
3348	3157	0.29564863
3348	2396	0.291057
3348	920	0.26718372
3349	1580	0.9996179
3349	3255	0.99295866
3349	1215	0.9906945
3349	1687	0.9877821
3349	2334	0.9719975
3349	648	0.9694387
3349	1544	0.9660543
3349	1379	0.9645646
3349	1584	0.9540528
3349	1372	0.953815
3350	471	0.99824715
3350	2908	0.9946234
3350	1537	0.9914619
3350	1916	0.98397195
3350	745	0.98255914
3350	1	0.95166314
3350	342	0.9368484
3350	372	0.93188304
3350	919	0.8536464
3350	1196	0.84963405
3351	2683	0.99635565
3351	2028	0.9580201
3351	3408	0.92272055
3351	2707	0.90883327
3351	3113	0.90364134
3351	3004	0.88162947
3351	2710	0.86259085
3351	1397	0.35232002
3351	1911	0.21900299
3351	2580	0.21615884
3352	1339	0.9988016
3352	2148	0.9937378
3352	1717	0.9870777
3352	382	0.98631066
3352	3273	0.64403844
3352	2459	0.55582595
3352	1261	0.4612459
3352	532	0.43992645
3352	2120	0.4274696
3352	2719	0.3831339
3353	2916	0.9988889
3353	2194	0.9987987
3353	2527	0.9930168
3353	1371	0.9822465
3353	457	0.98128426
3353	736	0.9764973
3353	3256	0.9289687
3353	3107	0.92020315
3353	2291	0.9188571
3353	39	0.81141996
3354	1617	0.99883676
3354	1301	0.9980453
3354	2664	0.99734354
3354	1248	0.9570471
3354	2028	0.9352025
3354	593	0.9307652
3354	1320	0.66465306
3354	1200	0.5380425
3354	2363	0.53634804
3354	198	0.36215818
3355	527	0.9998763
3355	920	0.9994613
3355	858	0.99846137
3355	508	0.9969961
3355	1900	0.9790766
3355	2858	0.9773706
3355	1198	0.9766158
3355	1954	0.9743427
3355	1097	0.9254012
3355	2924	0.9024936
3356	1193	0.9999489
3356	1258	0.9993156
3356	1200	0.9979148
3356	928	0.9865954
3356	1084	0.982495
3356	2571	0.97971976
3356	2640	0.97189736
3356	1396	0.9640573
3356	3060	0.963624
3356	1340	0.95477885
3357	1394	0.9960048
3357	3298	0.9499768
3357	3042	0.8634207
3357	2858	0.60658896
3357	2134	0.5853021
3357	1663	0.5126616
3357	1276	0.5036361
3357	608	0.40866637
3357	2736	0.3892033
3357	1265	0.3874225
3358	2028	0.9996642
3358	3252	0.9976727
3358	1276	0.99627185
3358	235	0.99534404
3358	527	0.99190664
3358	1246	0.99016404
3358	3108	0.9891931
3358	36	0.9776773
3358	3386	0.968001
3358	2248	0.94992876
3359	1639	0.99995947
3359	912	0.9998878
3359	2683	0.99970865
3359	1208	0.9984306
3359	1393	0.9968696
3359	1095	0.99100447
3359	866	0.9903197
3359	296	0.988008
3359	123	0.9844425
3359	590	0.9833169
3360	915	0.9998152
3360	920	0.99483335
3360	2243	0.9816092
3360	1247	0.9542898
3360	1086	0.9321869
3360	2080	0.9182621
3360	2396	0.88430214
3360	534	0.7452977
3360	3072	0.6749917
3360	471	0.56373936
3361	457	0.9999031
3361	2088	0.99982905
3361	1954	0.9994393
3361	2396	0.99767035
3361	1676	0.9952295
3361	1265	0.9927716
3361	1544	0.98959327
3361	2872	0.98560095
3361	1214	0.9585061
3361	288	0.94893926
3362	955	0.99982953
3362	3083	0.9924817
3362	1821	0.9894066
3362	356	0.98778903
3362	125	0.9558568
3362	344	0.94652176
3362	709	0.91007805
3362	372	0.78185534
3362	1639	0.76054037
3362	464	0.64655787
3363	1968	0.99982727
3363	648	0.9987916
3363	2390	0.9778082
3363	1500	0.9746392
3363	2407	0.92437625
3363	2858	0.9172769
3363	892	0.9074477
3363	1641	0.8954171
3363	1097	0.8908007
3363	2291	0.8691344
3364	1183	0.99894696
3364	1704	0.93533146
3364	2437	0.9259851
3364	1873	0.858645
3364	222	0.8518928
3364	2677	0.8139596
3364	337	0.72681665
3364	232	0.64933753
3364	1610	0.55819744
3364	3148	0.5547386
3365	2011	0.9996885
3365	2797	0.99960303
3365	3070	0.9994873
3365	1391	0.99881375
3365	480	0.9988054
3365	173	0.9976554
3365	1019	0.9953414
3365	2916	0.9908782
3365	2722	0.989491
3365	2243	0.9857149
3366	1240	0.99844813
3366	1127	0.99773467
3366	2115	0.98274267
3366	1214	0.982031
3366	1036	0.94685364
3366	924	0.20000583
3366	1242	0.15535116
3366	2475	0.105240434
3366	2000	0.03630337
3366	2406	0.030887336
3367	919	0.99787146
3367	213	0.9962794
3367	920	0.95796907
3367	2871	0.9002951
3367	3038	0.7810987
3367	480	0.6719248
3367	2075	0.63599575
3367	918	0.5792484
3367	858	0.53713346
3367	2181	0.38817972
3368	2916	0.973721
3368	2115	0.94883496
3368	1961	0.93704534
3368	1468	0.93697983
3368	1200	0.93665504
3368	1193	0.8495927
3368	380	0.7355953
3368	2968	0.6840476
3368	1372	0.68281233
3368	88	0.6482172
3369	1214	0.99998325
3369	1387	0.9879036
3369	1196	0.97091657
3369	1210	0.96766895
3369	924	0.85974
3369	527	0.7045478
3369	2959	0.6410968
3369	593	0.5432143
3369	1961	0.40923747
3369	1036	0.38051912
3370	2947	0.999956
3370	2949	0.99966335
3370	1527	0.999418
3370	2991	0.9958087
3370	2150	0.99326897
3370	1234	0.98215103
3370	1259	0.9792682
3370	1077	0.9709811
3370	1500	0.96981144
3370	1201	0.9637738
3371	920	0.9989271
3371	2395	0.9979158
3371	2108	0.99262255
3371	2920	0.9896937
3371	892	0.97490025
3371	1200	0.97110295
3371	2067	0.97051716
3371	912	0.955279
3371	2115	0.95363235
3371	2640	0.93127906
3372	2311	0.9999008
3372	903	0.99951816
3372	1625	0.99877584
3372	2076	0.9959113
3372	1344	0.958905
3372	1270	0.9435047
3372	350	0.93387425
3372	1086	0.9326809
3372	1909	0.9104697
3372	1459	0.86111224
3373	2571	0.99999845
3373	1608	0.9951101
3373	2028	0.99490607
3373	1233	0.99346626
3373	1370	0.9883832
3373	2916	0.9769827
3373	3107	0.95825905
3373	1240	0.94560313
3373	457	0.93668866
3373	3265	0.90586805
3374	2858	0.9997555
3374	111	0.9733629
3374	1952	0.97111404
3374	913	0.9370785
3374	2997	0.91589856
3374	1641	0.91589814
3374	1234	0.8987012
3374	2804	0.89521074
3374	750	0.8775587
3374	1294	0.86908436
3375	1387	0.94533575
3375	3263	0.6577045
3375	2002	0.54550874
3375	1196	0.24908319
3375	3081	0.17783591
3375	480	0.13764557
3375	3100	0.11421129
3375	529	0.0787079
3375	593	0.06785765
3375	1249	0.044000328
3376	900	0.9932106
3376	2706	0.95921415
3376	3010	0.89761066
3376	1198	0.8850658
3376	2041	0.8703163
3376	3350	0.69256276
3376	1617	0.5174576
3376	541	0.47823596
3376	1225	0.374224
3376	344	0.37105632
3377	1805	0.99956495
3377	1479	0.99933124
3377	2346	0.9952235
3377	3204	0.9945164
3377	2967	0.99402297
3377	2110	0.9932685
3377	2551	0.9736593
3377	1527	0.9723377
3377	2278	0.97186005
3377	1722	0.95134175
3378	2355	0.99977285
3378	2513	0.9997396
3378	2455	0.998917
3378	1584	0.99200773
3378	364	0.9904971
3378	1294	0.98177093
3378	1230	0.9795775
3378	1394	0.979037
3378	2108	0.9761987
3378	1278	0.9725507
3379	2707	0.9999882
3379	2706	0.99969643
3379	2908	0.987118
3379	3298	0.98573625
3379	1221	0.97321266
3379	3176	0.6536116
3379	2841	0.6514437
3379	2976	0.5140663
3379	3174	0.48909748
3379	2683	0.37044382
3380	608	0.99998844
3380	2300	0.9964862
3380	1278	0.98460174
3380	58	0.98151445
3380	3095	0.97701937
3380	1729	0.9728402
3380	1198	0.9720231
3380	2863	0.9698733
3380	599	0.9636653
3380	21	0.943243
3381	3155	0.9939685
3381	1097	0.9821944
3381	2810	0.93902886
3381	3354	0.9357553
3381	2687	0.89312774
3381	110	0.41913208
3381	1489	0.3615898
3381	1051	0.19111136
3381	364	0.14632666
3381	337	0.11144927
3382	1747	0.9987854
3382	2321	0.9984138
3382	1265	0.9981201
3382	2395	0.99036777
3382	3174	0.9641744
3382	2432	0.9641088
3382	1569	0.953362
3382	837	0.91243273
3382	39	0.8118521
3382	3263	0.7676342
3383	1244	0.9999676
3383	1374	0.9994623
3383	2431	0.99934644
3383	2657	0.97810054
3383	3176	0.97382236
3383	2001	0.9561439
3383	1721	0.92206556
3383	3147	0.70881426
3383	1078	0.3785527
3383	3301	0.36657804
3384	2792	0.9978393
3384	2791	0.99692684
3384	11	0.9961575
3384	902	0.97879267
3384	1573	0.9727767
3384	2736	0.94865525
3384	2071	0.92947257
3384	2311	0.92932963
3384	3251	0.8763617
3384	345	0.86241674
3385	1210	0.89628655
3385	2002	0.8863108
3385	1304	0.8410514
3385	2949	0.15621549
3385	1235	0.14099285
3385	1196	0.1317591
3385	673	0.09089345
3385	1222	0.05091852
3385	1888	0.047219783
3385	2533	0.03732264
3386	3301	0.999969
3386	2395	0.999956
3386	1641	0.99970174
3386	104	0.9994216
3386	2716	0.9993727
3386	52	0.9892951
3386	3129	0.98438084
3386	357	0.98212135
3386	2188	0.97427356
3386	1213	0.9681699
3387	1805	0.9999979
3387	377	0.99998856
3387	2890	0.9987398
3387	3266	0.99719363
3387	2686	0.99676263
3387	475	0.99456084
3387	163	0.9804249
3387	1354	0.9775868
3387	21	0.95961237
3387	125	0.9309878
3388	1411	0.9999165
3388	920	0.999452
3388	2324	0.9991875
3388	2080	0.99875724
3388	1270	0.9910866
3388	2690	0.9910574
3388	2087	0.98200417
3388	1032	0.95841974
3388	2716	0.94373757
3388	3147	0.92877287
3389	1258	0.9983068
3389	2890	0.98036206
3389	1676	0.97579306
3389	3114	0.9657744
3389	858	0.9609302
3389	442	0.9469911
3389	1378	0.9387571
3389	2946	0.93129474
3389	2099	0.9190546
3389	3104	0.89770377
3390	111	0.99683857
3390	2065	0.9848561
3390	3408	0.9846494
3390	3108	0.9757571
3390	1237	0.9194812
3390	222	0.87551695
3390	1094	0.84866965
3390	1272	0.8336804
3390	1082	0.8314576
3390	2677	0.79926157
3391	377	0.9824418
3391	589	0.973775
3391	3361	0.957376
3391	25	0.9003506
3391	1199	0.89921844
3391	2791	0.882841
3391	551	0.8713547
3391	223	0.85303915
3391	224	0.84237814
3391	3147	0.8096052
3392	3298	0.99892616
3392	3079	0.99762344
3392	3285	0.99690163
3392	3146	0.99480486
3392	2005	0.9838451
3392	1198	0.9690654
3392	1758	0.93664324
3392	3355	0.9174551
3392	1291	0.8480638
3392	2797	0.78677577
3393	903	0.9952071
3393	1304	0.9754956
3393	3247	0.9746898
3393	2193	0.9559244
3393	2716	0.9234707
3393	2161	0.9204048
3393	952	0.893008
3393	2747	0.8731277
3393	750	0.8635442
3393	3037	0.86062056
3394	1233	0.9999369
3394	1200	0.9896468
3394	912	0.9856055
3394	1104	0.98180234
3394	50	0.9753773
3394	1249	0.96776295
3394	1276	0.96058965
3394	1211	0.9550987
3394	1518	0.94841766
3394	2527	0.9465153
3395	913	0.99889016
3395	223	0.99266636
3395	1215	0.9869101
3395	3408	0.97970676
3395	2841	0.9778874
3395	2428	0.9221015
3395	2701	0.8999346
3395	1687	0.85105157
3395	2571	0.84223807
3395	1513	0.8211862
3396	745	0.99999225
3396	1223	0.99532604
3396	720	0.9941081
3396	1198	0.9004965
3396	1230	0.89725554
3396	541	0.81444424
3396	1242	0.81059885
3396	2093	0.7894454
3396	1206	0.57815
3396	1291	0.47870073
3397	919	0.99992275
3397	1682	0.99739504
3397	3095	0.99401134
3397	2132	0.97034615
3397	1207	0.9193709
3397	1210	0.82215565
3397	150	0.7936188
3397	110	0.7671186
3397	1265	0.690288
3397	1719	0.64730763
3398	3101	0.9999601
3398	535	0.99992603
3398	745	0.9998956
3398	1358	0.9994123
3398	448	0.994589
3398	2804	0.99075186
3398	2324	0.99013656
3398	1191	0.97571373
3398	1537	0.97172284
3398	194	0.96542525
3399	1573	0.9998405
3399	457	0.996215
3399	1876	0.99565685
3399	1375	0.9819719
3399	2617	0.9260063
3399	1240	0.9216663
3399	1196	0.9212883
3399	110	0.8941126
3399	1373	0.87816596
3399	1387	0.8764585
3400	1288	0.9995582
3400	1608	0.9977494
3400	3418	0.991003
3400	1127	0.9886861
3400	420	0.9526764
3400	2367	0.9516077
3400	2991	0.82213366
3400	1722	0.8220777
3400	2006	0.8189346
3400	3020	0.79719245
3401	3033	0.9980973
3401	1193	0.9941218
3401	1994	0.9495106
3401	1298	0.92515516
3401	2005	0.8702886
3401	1244	0.86404896
3401	357	0.8079103
3401	1222	0.8030095
3401	3257	0.76383835
3401	318	0.7141667
3402	1096	0.99981475
3402	1235	0.99832904
3402	162	0.98399466
3402	3363	0.97526515
3402	3362	0.9679165
3402	1207	0.9620354
3402	919	0.9605862
3402	1204	0.9475616
3402	912	0.9421076
3402	2081	0.9357161
3403	3114	0.992157
3403	2959	0.9906229
3403	2648	0.9889215
3403	145	0.9874141
3403	1198	0.9869094
3403	1302	0.98624617
3403	3052	0.9710518
3403	2289	0.9676619
3403	1527	0.9597324
3403	32	0.9558637
3404	1527	0.99437356
3404	1721	0.9561651
3404	2396	0.9004913
3404	2054	0.71323603
3404	3107	0.6963115
3404	1665	0.68345076
3404	29	0.5754727
3404	1372	0.56477284
3404	316	0.50555325
3404	2600	0.4938693
3405	2416	0.99690115
3405	19	0.9852574
3405	1617	0.9825772
3405	2469	0.98013026
3405	1922	0.9339385
3405	750	0.9338479
3405	1262	0.8894279
3405	527	0.8847908
3405	912	0.877223
3405	3177	0.86669254
3406	2852	0.99703413
3406	2858	0.9886707
3406	2539	0.9842382
3406	608	0.9779874
3406	3072	0.97404176
3406	2348	0.9736293
3406	800	0.9660144
3406	1210	0.95707846
3406	527	0.95550036
3406	1240	0.9508014
3407	3114	0.99402654
3407	1562	0.9394921
3407	2858	0.912246
3407	380	0.83876145
3407	2355	0.7904947
3407	223	0.78423166
3407	11	0.29896355
3407	2628	0.22693184
3407	3213	0.21850732
3407	1027	0.16197938
3408	1997	0.9998701
3408	2987	0.9995123
3408	3104	0.9988046
3408	1265	0.99627507
3408	2791	0.9954443
3408	1206	0.990101
3408	590	0.9896333
3408	3421	0.95984167
3408	3082	0.95816344
3408	750	0.9473287
3409	2916	0.9908633
3409	457	0.99026906
3409	1610	0.9603499
3409	608	0.79562235
3409	1240	0.79017603
3409	296	0.5301096
3409	2028	0.49088204
3409	1894	0.17521262
3409	2628	0.11160046
3409	6	0.107715726
3410	272	0.98736817
3410	1258	0.9470746
3410	265	0.9312521
3410	1951	0.8958311
3410	1923	0.88518834
3410	3101	0.84906626
3410	1968	0.8417943
3410	1625	0.8234533
3410	2096	0.8167094
3410	318	0.7971898
3411	3208	0.99641585
3411	1208	0.99621356
3411	1544	0.9638581
3411	1584	0.9419602
3411	1225	0.93967783
3411	1093	0.8992075
3411	1221	0.8539695
3411	1411	0.84965205
3411	2140	0.8191037
3411	1199	0.81197345
3412	3354	0.9991068
3412	1396	0.99726975
3412	3267	0.9787252
3412	372	0.9492357
3412	2580	0.94721437
3412	2827	0.93999946
3412	2707	0.93430203
3412	1961	0.8909065
3412	39	0.87654614
3412	180	0.8640279
3413	926	0.99999034
3413	1206	0.99998355
3413	2908	0.99808866
3413	2064	0.997936
3413	412	0.9974149
3413	1917	0.99740386
3413	441	0.996644
3413	1345	0.9957471
3413	1875	0.9955257
3413	1219	0.99352366
3414	1408	0.99233353
3414	2641	0.9803945
3414	1518	0.95524794
3414	533	0.9151975
3414	318	0.89627767
3414	1562	0.8952733
3414	208	0.8920759
3414	3257	0.88432324
3414	435	0.80757165
3414	1488	0.75299746
3415	3271	0.9994806
3415	1385	0.9954536
3415	2302	0.99277127
3415	1094	0.983708
3415	377	0.9697437
3415	380	0.9688461
3415	2028	0.9603337
3415	1727	0.95968163
3415	1834	0.94967556
3415	2427	0.9477346
3416	1589	0.9935174
3416	2162	0.9834651
3416	1617	0.9799739
3416	1721	0.97868234
3416	471	0.9712772
3416	39	0.9620559
3416	2706	0.94412756
3416	379	0.93828785
3416	924	0.93061614
3416	1892	0.91310716
3417	1148	0.9998808
3417	2940	0.99554753
3417	3022	0.99436593
3417	2858	0.9915777
3417	187	0.9767448
3417	2596	0.95690596
3417	910	0.954536
3417	1080	0.95326203
3417	955	0.9522593
3417	1273	0.94974774
3418	223	0.99864686
3418	2321	0.9985341
3418	2282	0.9947565
3418	1704	0.99231
3418	342	0.99013484
3418	232	0.9842895
3418	1673	0.9796036
3418	1747	0.979048
3418	2718	0.9701159
3418	180	0.9680462
3419	3105	0.9965234
3419	2054	0.9657331
3419	25	0.9310175
3419	317	0.9183272
3419	934	0.91151464
3419	2312	0.9109655
3419	2384	0.896453
3419	2321	0.8715651
3419	2959	0.8632935
3419	2019	0.8493501
3420	1620	0.99992263
3420	2291	0.99866945
3420	2959	0.9955939
3420	253	0.9943521
3420	1259	0.99415445
3420	2391	0.99173474
3420	994	0.9861491
3420	515	0.9835446
3420	454	0.97988856
3420	461	0.9695779
3421	2950	0.99527156
3421	940	0.9482115
3421	2572	0.82539093
3421	3206	0.78558713
3421	1230	0.70065
3421	111	0.6830802
3421	902	0.38798442
3421	898	0.29869485
3421	2942	0.28247926
3421	2699	0.23458731
3422	1527	0.9999304
3422	1343	0.99819726
3422	442	0.9981236
3422	527	0.9973272
3422	1374	0.9745964
3422	1372	0.97356445
3422	160	0.97332895
3422	1704	0.9678945
3422	2858	0.964317
3422	1	0.96091056
3423	2140	0.993331
3423	2529	0.9903881
3423	1200	0.9888153
3423	2231	0.9847611
3423	2322	0.97844064
3423	1580	0.9575014
3423	2986	0.9260905
3423	1920	0.9043252
3423	1220	0.90248233
3423	1387	0.8999634
3424	3101	0.9983461
3424	457	0.9718298
3424	2571	0.9628655
3424	1876	0.874074
3424	2501	0.8150272
3424	3079	0.8132187
3424	1265	0.7795814
3424	595	0.52243495
3424	364	0.4233905
3424	47	0.42203265
3425	434	0.9998292
3425	21	0.997844
3425	95	0.9843033
3425	2841	0.9741279
3425	1598	0.972931
3425	1945	0.9653945
3425	2871	0.9639837
3425	3020	0.9556136
3425	2490	0.94295204
3425	2883	0.9358897
3426	2571	0.98073745
3426	190	0.94968385
3426	247	0.87993896
3426	32	0.6796097
3426	929	0.565095
3426	1248	0.54419285
3426	1274	0.5391623
3426	3266	0.48536605
3426	240	0.38595486
3426	1193	0.31998217
3427	153	0.9998716
3427	1221	0.9994425
3427	1084	0.9989388
3427	903	0.9982643
3427	1089	0.9977026
3427	858	0.99547005
3427	589	0.9952545
3427	2208	0.9912162
3427	1214	0.98772836
3427	908	0.9588202
3428	1957	0.9999664
3428	1296	0.99963
3428	1207	0.99403775
3428	356	0.9876865
3428	1253	0.9853033
3428	1374	0.98266876
3428	1291	0.97371745
3428	36	0.9705962
3428	318	0.9589793
3428	1949	0.9550843
3429	319	0.99998945
3429	501	0.99971807
3429	1361	0.99871564
3429	2712	0.99549687
3429	3160	0.9919514
3429	2762	0.9918943
3429	2841	0.98988104
3429	2360	0.9812317
3429	3264	0.9725106
3429	556	0.9706552
3430	750	0.9904793
3430	2671	0.98907834
3430	1094	0.98550195
3430	58	0.98185927
3430	3201	0.97978145
3430	367	0.97326064
3430	509	0.97267723
3430	1059	0.97095317
3430	994	0.9688787
3430	1082	0.96784484
3431	2529	0.99999654
3431	1291	0.99838185
3431	474	0.9745761
3431	2991	0.9113132
3431	920	0.8954532
3431	2951	0.84168506
3431	2949	0.81865585
3431	2194	0.7973606
3431	1240	0.78423035
3431	2989	0.73081964
3432	480	0.99995375
3432	145	0.99931633
3432	785	0.994835
3432	1912	0.9945078
3432	1748	0.991224
3432	2918	0.9901906
3432	1259	0.98387873
3432	2463	0.9810176
3432	163	0.9670993
3432	2985	0.9564146
3433	2513	0.9999943
3433	3114	0.9997758
3433	344	0.99920106
3433	2174	0.99443483
3433	1682	0.97963023
3433	912	0.97465074
3433	1797	0.9275402
3433	648	0.8925803
3433	2628	0.85034454
3433	2710	0.8374666
3434	2273	0.99994636
3434	786	0.99988675
3434	367	0.99970007
3434	2193	0.9981991
3434	485	0.98591346
3434	1233	0.9590268
3434	3107	0.8966025
3434	919	0.87430453
3434	671	0.7639543
3434	1010	0.6841255
3435	914	0.99999636
3435	1947	0.9999935
3435	2640	0.9994124
3435	920	0.9954927
3435	2987	0.9934727
3435	910	0.9727081
3435	2916	0.9712964
3435	1287	0.95108825
3435	1580	0.9218378
3435	1303	0.8933391
3436	2723	0.99809897
3436	1253	0.9944279
3436	293	0.97739017
3436	2976	0.9759809
3436	2485	0.8963104
3436	480	0.89456546
3436	2906	0.8861651
3436	3354	0.7025379
3436	913	0.62786114
3436	3180	0.60741717
3437	1923	0.9989623
3437	1265	0.9909534
3437	1732	0.9885007
3437	1079	0.9808785
3437	2144	0.97219706
3437	34	0.9576111
3437	1394	0.94984084
3437	1966	0.82661515
3437	2396	0.78284115
3437	2716	0.7499595
3438	21	0.9998932
3438	2321	0.9998754
3438	3142	0.9435704
3438	3052	0.8796158
3438	2599	0.86830664
3438	318	0.8316128
3438	1193	0.7135076
3438	2571	0.7108205
3438	125	0.6034808
3438	3317	0.540626
3439	1197	0.9999966
3439	592	0.99993896
3439	1387	0.9973444
3439	2001	0.98334384
3439	110	0.96840775
3439	1224	0.95940614
3439	1732	0.9565015
3439	3104	0.9379177
3439	2716	0.925926
3439	1961	0.9244541
3440	527	0.9998376
3440	2858	0.99835837
3440	608	0.9412454
3440	2539	0.83123964
3440	1213	0.7784598
3440	2762	0.702606
3440	1704	0.6077745
3440	356	0.60454243
3440	110	0.39582714
3440	1485	0.34383273
3441	110	0.99995124
3441	1735	0.9950575
3441	356	0.9682697
3441	1580	0.9619831
3441	351	0.9290203
3441	3174	0.8072748
3441	2485	0.8004786
3441	21	0.79611695
3441	474	0.7955893
3441	804	0.75267696
3442	2407	0.9877351
3442	1073	0.9825907
3442	1544	0.9790984
3442	2641	0.9570564
3442	1210	0.8291439
3442	2160	0.79705656
3442	2116	0.76945966
3442	2529	0.6749573
3442	3052	0.6643296
3442	1552	0.63939047
3443	1965	0.99944526
3443	593	0.98987985
3443	1221	0.98092467
3443	940	0.97395515
3443	924	0.96348363
3443	2916	0.96130157
3443	1240	0.9483635
3443	1036	0.9185419
3443	3354	0.8719322
3443	858	0.8647363
3444	2940	0.99996954
3444	928	0.99891627
3444	1617	0.97956455
3444	3176	0.965304
3444	1171	0.9512743
3444	750	0.9299531
3444	2203	0.9286163
3444	2321	0.90878654
3444	1784	0.9004269
3444	2395	0.81670326
3445	750	0.9994895
3445	1214	0.9988495
3445	3422	0.99795794
3445	1077	0.99771416
3445	2908	0.9972084
3445	3424	0.9957006
3445	162	0.9955845
3445	858	0.991655
3445	2553	0.9737743
3445	2788	0.9584
3446	1321	0.99982107
3446	1345	0.9997675
3446	1350	0.9997015
3446	1278	0.9925038
3446	2858	0.97986305
3446	2288	0.97287583
3446	541	0.9572797
3446	1347	0.8499845
3446	1954	0.82848716
3446	1023	0.78518283
3447	2324	0.99988496
3447	1265	0.99532926
3447	1732	0.9941771
3447	2231	0.99139774
3447	541	0.98455894
3447	1197	0.9619956
3447	1240	0.9544628
3447	2791	0.95148516
3447	2329	0.9432696
3447	3160	0.9283221
3448	480	0.99956596
3448	10	0.9926169
3448	2571	0.9567205
3448	6	0.92825687
3448	1954	0.9095764
3448	3253	0.86411333
3448	2701	0.8354741
3448	2490	0.8205985
3448	353	0.78137875
3448	3255	0.7627889
3449	2692	0.999995
3449	919	0.99676204
3449	720	0.9947994
3449	1079	0.99378526
3449	1196	0.99040663
3449	1219	0.97908413
3449	1213	0.9778266
3449	2174	0.9540564
3449	1617	0.9534805
3449	2918	0.94319594
3450	1573	0.9999937
3450	47	0.99965817
3450	2571	0.9993768
3450	50	0.9987112
3450	3178	0.9966466
3450	524	0.994722
3450	1265	0.99145246
3450	377	0.99103737
3450	3316	0.98296773
3450	1407	0.97361803
3451	2858	0.9806278
3451	180	0.9374891
3451	1966	0.9340482
3451	2271	0.85218006
3451	3178	0.85136914
3451	2410	0.8431158
3451	1270	0.7613013
3451	1777	0.7372287
3451	2174	0.6887454
3451	1571	0.68125695
3452	2762	0.99997604
3452	920	0.9999742
3452	914	0.9999474
3452	1028	0.99935085
3452	111	0.99915266
3452	1982	0.996959
3452	2918	0.99531496
3452	1304	0.99415517
3452	3298	0.9922842
3452	1214	0.98936105
3453	920	0.999871
3453	750	0.99977684
3453	736	0.9997478
3453	111	0.999344
3453	1299	0.9945994
3453	589	0.9926399
3453	858	0.99249804
3453	2985	0.9914502
3453	1256	0.98374325
3453	1954	0.9747443
3454	1566	0.99720746
3454	2355	0.99465805
3454	1639	0.97502166
3454	3300	0.96245646
3454	3044	0.9546274
3454	457	0.9499943
3454	588	0.9450415
3454	3358	0.9328257
3454	3255	0.9283192
3454	104	0.92325985
3455	2361	0.99855995
3455	441	0.98903936
3455	163	0.98900807
3455	2599	0.9858214
3455	1276	0.97331077
3455	1089	0.96517885
3455	1279	0.93544126
3455	1213	0.74729115
3455	1449	0.6460881
3455	671	0.6330247
3456	1831	0.999769
3456	2393	0.99615276
3456	316	0.985985
3456	2028	0.96659374
3456	1527	0.90261877
3456	2617	0.8791621
3456	2094	0.8759253
3456	1876	0.76583034
3456	1196	0.703993
3456	173	0.32134545
3457	1233	0.9997698
3457	1704	0.99952877
3457	235	0.999259
3457	2728	0.9991524
3457	247	0.99851143
3457	1635	0.99788654
3457	3342	0.9967865
3457	428	0.9941732
3457	1270	0.9920121
3457	358	0.981196
3458	357	0.990149
3458	595	0.98167384
3458	2532	0.96314
3458	3157	0.9547957
3458	1914	0.8892539
3458	1617	0.8722021
3458	1702	0.8591047
3458	1777	0.78448623
3458	348	0.75971365
3458	3408	0.75968033
3459	1196	0.999269
3459	1270	0.9562461
3459	260	0.95611393
3459	1722	0.91811216
3459	1580	0.8545197
3459	589	0.6872616
3459	2778	0.5317739
3459	1610	0.4332488
3459	1653	0.41722554
3459	2353	0.32758814
3460	1222	0.9999877
3460	1228	0.99986875
3460	111	0.9987786
3460	850	0.9957044
3460	3415	0.98441267
3460	3030	0.97610056
3460	1204	0.9584209
3460	431	0.93475544
3460	529	0.93284917
3460	1263	0.86343575
3461	2951	0.99891645
3461	1387	0.99098116
3461	110	0.9903902
3461	1196	0.9033962
3461	3062	0.85676867
3461	2947	0.66568804
3461	1193	0.39499876
3461	969	0.39031863
3461	1252	0.31019032
3461	3093	0.25656873
3462	2108	0.9981755
3462	1097	0.9757067
3462	34	0.9606968
3462	292	0.95519775
3462	585	0.95394087
3462	2406	0.9447646
3462	1090	0.9377409
3462	1361	0.9339642
3462	2302	0.9270458
3462	2081	0.9240837
3463	1244	0.99970806
3463	3176	0.9987795
3463	1077	0.98284495
3463	1235	0.9801141
3463	3044	0.9729825
3463	492	0.93953335
3463	3263	0.8409774
3463	1304	0.80733097
3463	2918	0.71802324
3463	2001	0.6670585
3464	161	0.99989253
3464	733	0.9617331
3464	515	0.95659935
3464	1784	0.94024503
3464	1352	0.935722
3464	412	0.92139417
3464	2023	0.9181876
3464	1717	0.91046244
3464	11	0.8824451
3464	2289	0.8799747
3465	2000	0.99823165
3465	923	0.9962169
3465	673	0.9957104
3465	2716	0.95648706
3465	2858	0.91940206
3465	1210	0.8668648
3465	1954	0.85389006
3465	919	0.83411866
3465	69	0.71984905
3465	3159	0.48519763
3466	858	0.99832046
3466	527	0.99225914
3466	908	0.9715861
3466	920	0.8408587
3466	923	0.6980087
3466	110	0.57930773
3466	2712	0.5452432
3466	2918	0.46076372
3466	318	0.25302857
3466	480	0.20540127
3467	1219	0.9960629
3467	750	0.98791546
3467	1617	0.96486527
3467	1500	0.9506094
3467	2147	0.9445096
3467	2396	0.9310671
3467	593	0.92242545
3467	1196	0.91171896
3467	913	0.9112009
3467	903	0.89234686
3468	702	0.9993082
3468	3022	0.99795055
3468	2454	0.9975846
3468	2747	0.9820888
3468	2300	0.98029935
3468	1617	0.97880703
3468	87	0.9787477
3468	735	0.97820807
3468	1252	0.96423376
3468	1533	0.9243716
3469	1562	0.999925
3469	2797	0.9997599
3469	1254	0.99911165
3469	1097	0.99742633
3469	1408	0.9947195
3469	1405	0.99393916
3469	10	0.9761715
3469	2393	0.97468406
3469	2427	0.97385824
3469	3247	0.9681237
3470	3147	0.99968773
3470	223	0.9894144
3470	2321	0.9792999
3470	492	0.96825624
3470	1079	0.88196504
3470	2571	0.8337302
3470	1196	0.7488689
3470	2671	0.72664815
3470	1210	0.7220365
3470	1617	0.70552206
3471	913	0.9982527
3471	1270	0.99758685
3471	785	0.9915664
3471	2968	0.94349056
3471	1214	0.91610765
3471	1079	0.9059591
3471	3052	0.8950964
3471	2424	0.83518803
3471	1673	0.80426335
3471	1302	0.7906424
3472	1198	0.999333
3472	1036	0.9894329
3472	2947	0.9177766
3472	924	0.825024
3472	2858	0.7251878
3472	2997	0.49583808
3472	1371	0.43631107
3472	923	0.42986155
3472	318	0.42939007
3472	223	0.42910022
3473	1199	0.9999365
3473	1265	0.999898
3473	3044	0.999704
3473	1296	0.9994221
3473	1233	0.9987173
3473	908	0.9904102
3473	469	0.9791461
3473	1569	0.9704394
3473	3426	0.9683609
3473	1396	0.9675536
3474	2692	0.9989883
3474	922	0.9981983
3474	920	0.9952494
3474	3185	0.9888426
3474	265	0.98399794
3474	246	0.9782314
3474	904	0.9745672
3474	951	0.9661878
3474	1952	0.952566
3474	3265	0.94583154
3475	2000	0.9993228
3475	1682	0.99927145
3475	2126	0.99909174
3475	904	0.9979714
3475	3160	0.9966942
3475	3006	0.99543613
3475	1079	0.99255806
3475	3253	0.99057716
3475	3147	0.98813117
3475	1517	0.98777336
3476	3421	0.9908316
3476	2085	0.965522
3476	39	0.92581284
3476	1203	0.9119237
3476	1029	0.90979934
3476	1682	0.8927517
3476	2797	0.8745247
3476	474	0.873651
3476	588	0.85635376
3476	141	0.832538
3477	902	0.99999005
3477	2572	0.99953973
3477	11	0.99771154
3477	1367	0.9972867
3477	105	0.99524045
3477	1784	0.9835093
3477	2072	0.97545063
3477	2858	0.96848845
3477	920	0.8966665
3477	2469	0.8709245
3478	2728	0.9999936
3478	949	0.9999403
3478	948	0.99977255
3478	858	0.9933476
3478	1226	0.85933083
3478	2764	0.72566044
3478	1247	0.6764392
3478	1945	0.64760983
3478	1944	0.51959527
3478	3097	0.46067348
3479	2336	0.9997728
3479	910	0.99850357
3479	2028	0.9969064
3479	2763	0.99689424
3479	2770	0.9859898
3479	2997	0.9851625
3479	858	0.9802708
3479	923	0.975994
3479	3408	0.9655415
3479	2300	0.9607241
3480	2529	0.9998377
3480	2662	0.9544075
3480	2921	0.9488443
3480	2040	0.833153
3480	1931	0.8204882
3480	2815	0.8146665
3480	380	0.6779266
3480	2640	0.6626103
3480	2922	0.60763377
3480	1721	0.48531008
3481	162	0.99901897
3481	1252	0.9986675
3481	1041	0.997396
3481	1136	0.99485606
3481	1208	0.9928261
3481	1617	0.99281025
3481	1350	0.9895291
3481	1230	0.9855763
3481	1997	0.98208785
3481	1285	0.9811546
3482	2662	0.99856585
3482	2322	0.9975139
3482	1198	0.9967472
3482	32	0.99542964
3482	2009	0.993129
3482	527	0.98902524
3482	1288	0.9867102
3482	1294	0.98145795
3482	1920	0.9773003
3482	235	0.9678243
3483	648	0.99928224
3483	3107	0.99571717
3483	2804	0.98488307
3483	2707	0.9811373
3483	2406	0.97338796
3483	1259	0.97324216
3483	1228	0.9709267
3483	1094	0.9620794
3483	2763	0.8698534
3483	2745	0.8639884
3484	1037	0.9969827
3484	3174	0.9969756
3484	2498	0.9964918
3484	3408	0.99377286
3484	2959	0.97239804
3484	1265	0.95597136
3484	2000	0.9543977
3484	1206	0.94976413
3484	1079	0.9490607
3484	2384	0.94787824
3485	858	0.98736554
3485	969	0.9747199
3485	558	0.9315797
3485	910	0.90051126
3485	527	0.87364566
3485	1293	0.8315658
3485	2565	0.8236235
3485	908	0.8017242
3485	2645	0.7860868
3485	1219	0.72665745
3486	594	0.99967134
3486	48	0.99915564
3486	2099	0.9642046
3486	435	0.9068288
3486	497	0.8851621
3486	940	0.8703562
3486	11	0.8401649
3486	1772	0.77794325
3486	2700	0.75383794
3486	2469	0.72261906
3487	2690	0.99973786
3487	2324	0.99556875
3487	2174	0.9934479
3487	1221	0.9908794
3487	32	0.9884769
3487	2762	0.98343027
3487	1704	0.9701465
3487	904	0.96892655
3487	266	0.957986
3487	318	0.9553057
3488	1779	0.99153554
3488	2916	0.986812
3488	1876	0.9700314
3488	1573	0.7810818
3488	2046	0.5888586
3488	1690	0.5821383
3488	198	0.44813693
3488	589	0.43794468
3488	2490	0.28440776
3488	780	0.2534483
3489	1285	0.99999034
3489	2144	0.9986077
3489	1222	0.9412769
3489	2710	0.9396846
3489	2369	0.9373218
3489	2804	0.9129446
3489	246	0.8983991
3489	1968	0.88306034
3489	2795	0.8747295
3489	2746	0.82320845
3490	1939	0.9974235
3490	1249	0.9967638
3490	714	0.9925537
3490	2762	0.9879669
3490	2384	0.9688591
3490	72	0.95098054
3490	1348	0.9329871
3490	593	0.91443586
3490	2686	0.9034361
3490	1197	0.88804114
3491	3203	0.9932452
3491	1704	0.9835776
3491	2359	0.94480497
3491	2929	0.943352
3491	180	0.9205228
3491	1457	0.91456354
3491	1197	0.9069824
3491	2161	0.86223924
3491	3105	0.83654815
3491	1285	0.78520226
3492	1188	0.99994314
3492	2997	0.9979904
3492	1968	0.99534446
3492	1230	0.9948178
3492	3328	0.98527694
3492	3160	0.9639296
3492	898	0.94076866
3492	909	0.91853046
3492	2692	0.9030449
3492	1136	0.89463234
3493	920	0.99335957
3493	858	0.9652672
3493	1136	0.96091694
3493	2763	0.9490303
3493	1408	0.84379673
3493	593	0.78239423
3493	2669	0.6437373
3493	1287	0.63770354
3493	750	0.58058274
3493	780	0.56450045
3494	2976	0.425092
3494	920	0.16111547
3494	2710	0.09017888
3494	2770	0.06337589
3494	2881	0.047070265
3494	2694	0.046815068
3494	2762	0.035587728
3494	2028	0.021865427
3494	2707	0.017776102
3494	913	0.017659277
3495	2908	0.8958913
3495	2710	0.35627568
3495	223	0.3343125
3495	2706	0.18254769
3495	2997	0.15582773
3495	1175	0.030101836
3495	3160	0.01843524
3495	589	0.011595041
3495	2694	0.009779632
3495	3053	0.00721848
3496	1923	0.9997318
3496	1	0.99746656
3496	3114	0.9967414
3496	223	0.96916234
3496	1223	0.8271487
3496	2396	0.6987766
3496	441	0.6825124
3496	21	0.6012964
3496	1060	0.5659518
3496	110	0.45566627
3497	2672	0.9999562
3497	2710	0.999726
3497	2568	0.9988977
3497	1480	0.9507115
3497	2881	0.9416764
3497	2541	0.8874878
3497	2882	0.8866416
3497	2770	0.84675777
3497	2683	0.8019689
3497	2840	0.6989144
3498	150	0.9999841
3498	2028	0.99909127
3498	110	0.99804723
3498	969	0.9959895
3498	454	0.99419856
3498	2166	0.990594
3498	145	0.9886581
3498	493	0.9760399
3498	1914	0.9674085
3498	1287	0.94009364
3499	377	0.99806356
3499	2094	0.99713045
3499	733	0.9890642
3499	1909	0.97975504
3499	1597	0.93971646
3499	1654	0.92373717
3499	2580	0.9014808
3499	3070	0.8478824
3499	1488	0.844059
3499	1845	0.8131997
3500	1270	0.9999007
3500	653	0.99986327
3500	593	0.9938148
3500	2478	0.97444355
3500	2471	0.93985873
3500	2628	0.9253809
3500	1617	0.820403
3500	2401	0.7884023
3500	110	0.75020766
3500	2028	0.6835501
3501	1265	0.9996393
3501	593	0.9993084
3501	1617	0.9987283
3501	1721	0.99733484
3501	45	0.99155605
3501	908	0.9898405
3501	1260	0.983214
3501	357	0.9491753
3501	3105	0.9377334
3501	1252	0.914586
3502	223	0.99989706
3502	337	0.94782835
3502	2324	0.90191567
3502	608	0.8989341
3502	1136	0.892043
3502	1219	0.747861
3502	2700	0.5508642
3502	2321	0.4439436
3502	101	0.37502936
3502	1089	0.31803614
3503	1215	0.9993005
3503	608	0.9990952
3503	903	0.9979749
3503	2145	0.9699315
3503	2021	0.96932757
3503	2174	0.9679127
3503	1017	0.9602324
3503	1747	0.95477986
3503	1246	0.94509095
3503	2006	0.9019631
3504	1682	0.9952912
3504	2167	0.9952507
3504	2598	0.9784859
3504	1357	0.9781264
3504	593	0.9724452
3504	2443	0.97195387
3504	2333	0.96763384
3504	1196	0.9664836
3504	1527	0.9638628
3504	47	0.95738304
3505	1104	0.9999007
3505	922	0.99912083
3505	2704	0.99164474
3505	2858	0.97681284
3505	2132	0.9757622
3505	3224	0.969396
3505	2324	0.96812516
3505	2427	0.9640925
3505	1206	0.9620518
3505	1529	0.9600843
3506	1240	0.99680674
3506	3208	0.9540535
3506	3129	0.9494841
3506	1617	0.9329077
3506	1206	0.9285863
3506	1387	0.92039156
3506	608	0.9008692
3506	858	0.8906933
3506	3271	0.86300147
3506	1	0.8024746
3507	2329	0.9887645
3507	1297	0.97893983
3507	2987	0.9749206
3507	1208	0.9512659
3507	1228	0.9475442
3507	1206	0.9466365
3507	2728	0.9284853
3507	1408	0.9245467
3507	590	0.901663
3507	3263	0.8153961
3508	1214	0.9726335
3508	1275	0.9299928
3508	1693	0.86983085
3508	2720	0.82323736
3508	3325	0.80959976
3508	2021	0.66977656
3508	741	0.6650677
3508	2571	0.63898426
3508	1985	0.24502912
3508	2241	0.23522335
3509	2617	0.99962616
3509	296	0.99920356
3509	2421	0.9984823
3509	592	0.991971
3509	2791	0.9827653
3509	1028	0.9750357
3509	3397	0.9742946
3509	47	0.97412753
3509	1047	0.96891123
3509	1272	0.96670425
3510	1196	0.9997715
3510	2571	0.99959564
3510	1206	0.9913883
3510	2094	0.9847585
3510	2021	0.8992333
3510	1197	0.88188136
3510	2393	0.7824973
3510	435	0.36681116
3510	32	0.17545626
3510	2987	0.17074075
3511	653	0.999969
3511	1291	0.99986434
3511	608	0.99891007
3511	362	0.99697894
3511	1019	0.9821502
3511	2723	0.9729941
3511	2100	0.9633278
3511	1499	0.95681524
3511	1254	0.9476671
3511	1283	0.9455273
3512	1259	0.9985877
3512	2506	0.963669
3512	2542	0.94154114
3512	608	0.9284597
3512	2006	0.9075415
3512	2513	0.9047462
3512	1916	0.89447993
3512	2791	0.85131955
3512	2641	0.7885573
3512	3175	0.75817585
3513	2421	0.9991891
3513	3114	0.9967333
3513	608	0.9959296
3513	2959	0.99102056
3513	223	0.9904454
3513	1385	0.9843365
3513	2795	0.98117805
3513	2396	0.97713685
3513	2409	0.9718406
3513	1214	0.9704949
3514	1193	0.999686
3514	3186	0.9977708
3514	3185	0.99697506
3514	111	0.9934494
3514	2858	0.9930419
3514	750	0.9814872
3514	509	0.96498734
3514	260	0.9582927
3514	1198	0.9560226
3514	2324	0.94427985
3515	1231	0.9999871
3515	1498	0.9998603
3515	942	0.99801916
3515	2259	0.9946982
3515	2186	0.9934764
3515	924	0.9906008
3515	2070	0.9862263
3515	953	0.9844912
3515	2804	0.97855264
3515	969	0.9726723
3516	3156	0.9999927
3516	2093	0.9990834
3516	2455	0.9949781
3516	924	0.99466276
3516	1221	0.9942428
3516	454	0.98601764
3516	2668	0.9858017
3516	2533	0.9735528
3516	2704	0.9614105
3516	2311	0.9512997
3517	1090	0.999967
3517	1215	0.9998145
3517	1967	0.9997785
3517	2407	0.9992708
3517	3087	0.99856365
3517	2193	0.9983341
3517	1197	0.9968391
3517	1394	0.9945924
3517	2470	0.99448776
3517	1242	0.99251264
3518	778	0.9994815
3518	1246	0.9980622
3518	2087	0.99323106
3518	1885	0.9879775
3518	1175	0.985898
3518	2423	0.9845058
3518	1376	0.9617148
3518	2915	0.95100415
3518	2054	0.9316377
3518	1513	0.9219395
3519	1784	0.99919665
3519	3108	0.9902071
3519	21	0.9727472
3519	2791	0.94765437
3519	6	0.8525057
3519	1199	0.784772
3519	151	0.7391956
3519	1258	0.7117323
3519	3175	0.7051178
3519	1321	0.70311034
3520	1036	0.9998269
3520	1641	0.9994345
3520	1719	0.99939454
3520	2599	0.9981936
3520	2542	0.99715614
3520	1	0.99617314
3520	1580	0.9934816
3520	514	0.9857583
3520	3261	0.97999823
3520	1966	0.97548056
3521	899	0.9999842
3521	1252	0.9998697
3521	2633	0.9729916
3521	3072	0.9469097
3521	596	0.93151695
3521	1080	0.88980037
3521	1683	0.86786795
3521	1103	0.8573537
3521	3260	0.7992486
3521	1371	0.798359
3522	2858	0.9963378
3522	3156	0.99310803
3522	1210	0.9068407
3522	1610	0.8433728
3522	1079	0.8033334
3522	1197	0.6263668
3522	2324	0.61341727
3522	1214	0.51545155
3522	1036	0.46696445
3522	1213	0.38451678
3523	2985	0.9993588
3523	1196	0.9951773
3523	2662	0.9753669
3523	2028	0.94978213
3523	1270	0.86501646
3523	2916	0.7628987
3523	1127	0.680587
3523	1376	0.49000117
3523	1036	0.4794278
3523	608	0.4127152
3524	1704	0.9999404
3524	2529	0.9992398
3524	934	0.99897075
3524	1028	0.9989474
3524	1393	0.9983829
3524	1873	0.9975265
3524	1392	0.99671006
3524	1682	0.98994297
3524	3100	0.9814161
3524	1247	0.97274446
3525	3160	0.99991536
3525	2762	0.9997568
3525	2959	0.9996673
3525	1210	0.99859774
3525	2712	0.99850965
3525	2324	0.9929702
3525	3408	0.9903985
3525	3156	0.9816631
3525	2291	0.97673273
3525	3316	0.9681173
3526	552	0.9976439
3526	2028	0.9966312
3526	1391	0.9714582
3526	288	0.9522418
3526	2706	0.91233546
3526	2424	0.89065456
3526	3063	0.8825849
3526	376	0.8295448
3526	3424	0.8250363
3526	1047	0.8104937
3527	3034	0.94490075
3527	3238	0.8956506
3527	2302	0.89486337
3527	1982	0.8809725
3527	1391	0.4344213
3527	1727	0.4294619
3527	356	0.3786772
3527	529	0.3749007
3527	2707	0.3525775
3527	3146	0.22766235
3528	2550	0.99999154
3528	2122	0.99992764
3528	1997	0.99987173
3528	1347	0.9917239
3528	2003	0.99111724
3528	2657	0.98660445
3528	2717	0.9812676
3528	1255	0.9802756
3528	260	0.9688033
3528	532	0.9544628
3529	1198	0.99967957
3529	1221	0.9890276
3529	1345	0.98489857
3529	1304	0.98448205
3529	2077	0.9841802
3529	2115	0.97830075
3529	2020	0.9703835
3529	1150	0.96336246
3529	2470	0.9543087
3529	1957	0.94235647
3530	1222	0.79882324
3530	2406	0.702531
3530	2028	0.52691835
3530	1215	0.52429557
3530	1196	0.19890833
3530	2985	0.14032179
3530	1012	0.04304251
3530	593	0.01412192
3530	356	0.0118634105
3530	1257	0.010453492
3531	3083	0.99940974
3531	1211	0.9924771
3531	1617	0.96912056
3531	1961	0.9458329
3531	2858	0.92772865
3531	1259	0.91012454
3531	515	0.88941705
3531	2917	0.8680165
3531	1244	0.8639501
3531	446	0.8239298
3532	587	0.9999997
3532	1673	0.9998891
3532	2321	0.9973467
3532	3255	0.99594975
3532	281	0.9937004
3532	1358	0.9918511
3532	2690	0.9883901
3532	1466	0.98369706
3532	1265	0.98330444
3532	1961	0.96000516
3533	1176	0.9999913
3533	588	0.9999726
3533	494	0.9999236
3533	3185	0.99915385
3533	593	0.99895734
3533	357	0.9989013
3533	3253	0.9967718
3533	1610	0.99550474
3533	1784	0.99537843
3533	1747	0.9938901
3534	2028	0.9675789
3534	2692	0.9571349
3534	2386	0.8852074
3534	2662	0.8736377
3534	1387	0.83388937
3534	1396	0.7579628
3534	356	0.6414861
3534	3362	0.5926211
3534	1204	0.5846455
3534	1653	0.44624224
3535	1210	0.9998215
3535	1304	0.9843298
3535	1222	0.98106587
3535	260	0.97201633
3535	1242	0.9627319
3535	2947	0.92023754
3535	969	0.8262944
3535	2427	0.7583863
3535	1931	0.73784477
3535	3104	0.68842447
3536	16	0.9879195
3536	2599	0.9827993
3536	2355	0.96857977
3536	1466	0.96617216
3536	429	0.9648249
3536	457	0.9523322
3536	1620	0.9021008
3536	1196	0.887145
3536	1210	0.73952687
3536	2353	0.712138
3537	2596	0.9854293
3537	432	0.7400389
3537	3300	0.69440603
3537	2011	0.3937808
3537	1445	0.16716015
3537	1205	0.15905043
3537	480	0.14157826
3537	3354	0.114497274
3537	370	0.09472811
3537	516	0.09031278
3538	1834	0.9929259
3538	165	0.9914746
3538	3253	0.9905888
3538	32	0.9894395
3538	1339	0.943619
3538	1573	0.94275284
3538	2108	0.93662196
3538	1892	0.9094105
3538	2561	0.90408146
3538	2628	0.87219644
3539	224	0.9952325
3539	428	0.9884813
3539	2710	0.98442817
3539	2324	0.9420847
3539	3317	0.82070625
3539	1343	0.7678994
3539	333	0.73251176
3539	471	0.71680695
3539	1911	0.71520305
3539	3114	0.7018054
3540	786	0.9998401
3540	2006	0.9957135
3540	2808	0.9957053
3540	2161	0.9943924
3540	2058	0.9934695
3540	2596	0.99040043
3540	1527	0.98939455
3540	2709	0.9888295
3540	1408	0.9814309
3540	368	0.97761214
3541	1185	0.99976444
3541	3362	0.9994625
3541	1957	0.9982023
3541	1041	0.9902363
3541	296	0.9859271
3541	1704	0.9425156
3541	529	0.7013467
3541	1090	0.69218874
3541	50	0.6777445
3541	1968	0.6194358
3542	255	0.6051544
3542	202	0.047608167
3542	64	0.031192213
3542	370	0.028569192
3542	731	0.009908944
3542	3285	0.008831829
3542	1242	0.008141875
3542	1197	0.0037768185
3542	2858	0.0028046668
3542	889	0.0025444329
3543	3091	0.99972117
3543	1927	0.9987855
3543	593	0.99822235
3543	290	0.98621154
3543	3038	0.9603546
3543	3093	0.9564464
3543	2731	0.9459317
3543	1224	0.8827059
3543	111	0.815962
3543	2726	0.8055521
3544	2628	0.99853665
3544	34	0.99606925
3544	593	0.99210465
3544	2571	0.99126184
3544	1196	0.98993623
3544	1244	0.9567948
3544	2028	0.8243153
3544	1730	0.77189946
3544	2780	0.73053837
3544	858	0.71335757
3545	2912	0.98392
3545	3273	0.9830207
3545	2966	0.9726181
3545	1354	0.95555794
3545	3185	0.92610437
3545	1721	0.8219557
3545	2858	0.56361645
3545	862	0.41260493
3545	529	0.38923505
3545	2028	0.31796104
3546	1260	0.99874854
3546	1552	0.98051786
3546	1953	0.9779825
3546	940	0.94935215
3546	434	0.8939791
3546	1278	0.81480074
3546	3365	0.80122507
3546	1089	0.77674514
3546	1197	0.7693671
3546	2115	0.74429435
3547	2132	0.9971216
3547	2858	0.9755031
3547	3408	0.975392
3547	356	0.9753577
3547	1094	0.975122
3547	1810	0.973462
3547	1961	0.96919656
3547	68	0.96618736
3547	3067	0.96490335
3547	1653	0.95910525
3548	1097	0.3180243
3548	1210	0.13546184
3548	3033	0.04035586
3548	480	0.03728968
3548	2642	0.014808238
3548	2011	0.007902324
3548	2105	0.0071772635
3548	1965	0.005432278
3548	2054	0.0050985217
3548	2628	0.0045452416
3549	1259	0.99720514
3549	1265	0.9934556
3549	2918	0.98676324
3549	1291	0.9341233
3549	589	0.86233425
3549	3104	0.8368742
3549	2064	0.8282418
3549	2396	0.81613344
3549	1356	0.73890007
3549	3361	0.73522866
3550	1097	0.9958335
3550	1186	0.9911384
3550	2076	0.9732022
3550	1358	0.94462633
3550	1701	0.935989
3550	1208	0.92628706
3550	1256	0.9228593
3550	1265	0.9157455
3550	3174	0.8964795
3550	2366	0.8883922
3551	1343	0.99769783
3551	1269	0.9856851
3551	230	0.95591843
3551	587	0.9546596
3551	32	0.9376242
3551	247	0.87842196
3551	1953	0.8580854
3551	111	0.85184467
3551	2803	0.77606595
3551	1252	0.7696398
3552	2427	0.96123976
3552	1233	0.81543684
3552	912	0.44510412
3552	2361	0.29110864
3552	1210	0.1914928
3552	1201	0.18690985
3552	1078	0.12725803
3552	1721	0.08011225
3552	2921	0.0659866
3552	1955	0.05337599
3553	733	0.99933004
3553	1876	0.98289716
3553	2353	0.9614284
3553	2427	0.94407105
3553	1527	0.921883
3553	292	0.35148054
3553	3256	0.32576352
3553	368	0.19092372
3553	3386	0.1856809
3553	2006	0.078777164
3554	3274	0.98724425
3554	1196	0.9579723
3554	2858	0.9085551
3554	95	0.79382384
3554	1	0.33751157
3554	170	0.16280454
3554	1916	0.1419349
3554	2599	0.08916861
3554	1278	0.07486749
3554	1215	0.06415054
3555	919	0.999727
3555	362	0.99662143
3555	1848	0.9621037
3555	158	0.95670116
3555	3412	0.9147996
3555	1197	0.8367323
3555	1127	0.79564154
3555	2087	0.7392599
3555	2367	0.70863813
3555	3404	0.6867226
3556	1214	0.9996756
3556	2916	0.9982831
3556	368	0.9935085
3556	1291	0.98877823
3556	1912	0.9816495
3556	2906	0.9731809
3556	2278	0.9651003
3556	2001	0.96268535
3556	3267	0.9457167
3556	1240	0.9372076
3557	1923	0.9992411
3557	2908	0.9981787
3557	372	0.997496
3557	1059	0.9972285
3557	2918	0.9954062
3557	333	0.99531436
3557	3033	0.95810187
3557	587	0.9518236
3557	2572	0.94954693
3557	1208	0.94237506
3558	648	0.9953776
3558	1215	0.99324024
3558	2700	0.9890598
3558	1047	0.9666743
3558	1917	0.9348067
3558	70	0.9334928
3558	172	0.922597
3558	1073	0.9203781
3558	2004	0.90574974
3558	1240	0.89701027
3559	2174	0.9997518
3559	1235	0.9988126
3559	1197	0.9972726
3559	2100	0.99600065
3559	2321	0.99548644
3559	1923	0.99477136
3559	2282	0.99337804
3559	3072	0.9920405
3559	1079	0.99055064
3559	1394	0.9867561
3560	2542	0.997769
3560	2329	0.9924502
3560	2396	0.97685844
3560	441	0.95166504
3560	1411	0.9380203
3560	2959	0.9338591
3560	1610	0.91217124
3560	231	0.8422415
3560	3100	0.74051034
3560	2144	0.64057857
3561	2736	0.9999768
3561	2710	0.999661
3561	2791	0.99945354
3561	2433	0.9990953
3561	1307	0.99875414
3561	3300	0.9983871
3561	1513	0.99787
3561	2997	0.98075056
3561	2374	0.94131505
3561	2375	0.94035554
3562	736	0.9990996
3562	1479	0.9739069
3562	2021	0.94097203
3562	2145	0.93610936
3562	2416	0.8797983
3562	2	0.8686823
3562	2379	0.8398007
3562	344	0.82232356
3562	2716	0.77894783
3562	150	0.7649002
3563	2890	0.997949
3563	110	0.9964244
3563	1682	0.9957357
3563	2329	0.9930751
3563	508	0.9874569
3563	36	0.9863329
3563	1264	0.97138
3563	1186	0.9604699
3563	1961	0.9450462
3563	1277	0.9297643
3564	1616	0.9870551
3564	809	0.9849606
3564	593	0.9640192
3564	16	0.9627187
3564	1610	0.91391367
3564	1097	0.89056826
3564	25	0.8666322
3564	2028	0.8661723
3564	1676	0.8125735
3564	165	0.81039995
3565	673	0.99986684
3565	2053	0.9994201
3565	2668	0.99912715
3565	653	0.994918
3565	1590	0.9903559
3565	880	0.9877839
3565	2985	0.9694701
3565	2890	0.94652176
3565	2498	0.93973327
3565	3043	0.89175284
3566	527	0.9988841
3566	1213	0.99808097
3566	1136	0.93811786
3566	3095	0.9321126
3566	111	0.92117417
3566	2138	0.91297793
3566	1961	0.7665924
3566	678	0.7288258
3566	920	0.69855875
3566	1299	0.6539225
3567	1208	0.9841526
3567	589	0.9761503
3567	3301	0.9709054
3567	1231	0.96461374
3567	608	0.96277916
3567	3421	0.91700184
3567	913	0.88377136
3567	1240	0.7613955
3567	2944	0.7525642
3567	1321	0.7266059
3568	1178	0.9996544
3568	3196	0.9221208
3568	356	0.842009
3568	1224	0.84167075
3568	1586	0.69644356
3568	516	0.6539723
3568	1253	0.5973031
3568	1231	0.57531065
3568	1078	0.5667797
3568	161	0.322726
3569	2640	0.9996875
3569	410	0.9983275
3569	2011	0.9980676
3569	3114	0.9960428
3569	2804	0.9848363
3569	480	0.982313
3569	919	0.96652126
3569	2046	0.9349384
3569	1320	0.88171387
3569	3273	0.78887033
3570	111	0.26576895
3570	3037	0.12194744
3570	1189	0.06650108
3570	1193	0.030669004
3570	1006	0.0302625
3570	1078	0.024917722
3570	1289	0.01984945
3570	1387	0.01829049
3570	1968	0.011539668
3570	3418	0.0075702667
3571	2720	0.9999949
3571	2713	0.99998903
3571	2598	0.9997413
3571	1513	0.9982102
3571	2485	0.9976078
3571	3160	0.99744946
3571	2395	0.9921653
3571	648	0.98646855
3571	1093	0.98579204
3571	1028	0.98228115
3572	2243	0.99592876
3572	52	0.9904604
3572	1288	0.9826265
3572	1197	0.934556
3572	3104	0.72547275
3572	2000	0.6338146
3572	235	0.6221087
3572	1148	0.6076328
3572	3114	0.587403
3572	3308	0.5787879
3573	1206	0.9963809
3573	3243	0.9810605
3573	2553	0.8350524
3573	1	0.8008989
3573	2396	0.75674504
3573	2628	0.68224216
3573	541	0.36986697
3573	2454	0.30858847
3573	1333	0.19888875
3573	924	0.08454239
3574	3301	0.9994625
3574	2001	0.999334
3574	3276	0.9989543
3574	2460	0.9838418
3574	1673	0.9479187
3574	2286	0.9096434
3574	1201	0.8305397
3574	3190	0.66905105
3574	1261	0.6474056
3574	2951	0.6109494
3575	1345	0.9986725
3575	1219	0.9918916
3575	1240	0.9858972
3575	1200	0.98402154
3575	1196	0.9732159
3575	1347	0.9600634
3575	1198	0.9592359
3575	1210	0.91943914
3575	253	0.896024
3575	2513	0.8611833
3576	2105	0.9967447
3576	1259	0.9964775
3576	2802	0.9912284
3576	426	0.9870361
3576	349	0.98664343
3576	1012	0.9521333
3576	1049	0.87918895
3576	648	0.85792196
3576	1408	0.8504412
3576	940	0.8425668
3577	1307	0.99999905
3577	1721	0.9997264
3577	1777	0.99707043
3577	1393	0.99697423
3577	1674	0.99605834
3577	265	0.99374807
3577	2558	0.98790944
3577	1198	0.987509
3577	266	0.9863732
3577	2145	0.9841767
3578	111	0.99826074
3578	1073	0.99726796
3578	1269	0.99296194
3578	1923	0.9875432
3578	1479	0.9865875
3578	2463	0.97891164
3578	2302	0.9751675
3578	1097	0.97059476
3578	858	0.96828824
3578	3363	0.965438
3579	1201	0.99964654
3579	288	0.9941988
3579	1218	0.99186945
3579	2115	0.99068356
3579	1588	0.9844203
3579	1372	0.9822917
3579	736	0.96833956
3579	2138	0.9026026
3579	1012	0.8674096
3579	1408	0.8289113
3580	1653	0.9999815
3580	2840	0.99941343
3580	457	0.99817705
3580	908	0.98992264
3580	1586	0.9880544
3580	2722	0.96026176
3580	474	0.92976975
3580	24	0.9083854
3580	70	0.88832307
3580	786	0.86754704
3581	589	0.9999896
3581	1690	0.99859905
3581	1676	0.9984158
3581	1129	0.99094397
3581	2628	0.9877795
3581	2517	0.9852536
3581	1356	0.98306334
3581	1200	0.9824196
3581	435	0.9001974
3581	610	0.7441239
3582	1967	0.9999981
3582	1372	0.9997563
3582	260	0.99785924
3582	2013	0.976894
3582	2373	0.9675119
3582	2640	0.9503862
3582	1375	0.9063636
3582	1223	0.89124095
3582	2735	0.8686702
3582	745	0.8082814
3583	914	0.99875104
3583	1247	0.88828564
3583	266	0.776273
3583	377	0.7724657
3583	58	0.6719352
3583	17	0.6719256
3583	915	0.6659023
3583	3414	0.4012944
3583	534	0.33094546
3583	1684	0.22684458
3584	1589	0.9982919
3584	1061	0.9914237
3584	380	0.98782384
3584	2792	0.8860652
3584	2692	0.77435887
3584	2598	0.69489163
3584	21	0.3507404
3584	70	0.29632366
3584	1645	0.24184233
3584	260	0.1876452
3585	2369	0.99975824
3585	3359	0.9997395
3585	265	0.9991223
3585	1094	0.9984244
3585	1250	0.9971057
3585	1207	0.9970542
3585	2067	0.9908793
3585	25	0.9896763
3585	2398	0.9786264
3585	1193	0.95743424
3586	541	0.9997653
3586	1296	0.999215
3586	1302	0.99896
3586	3098	0.9987157
3586	1032	0.9741505
3586	2000	0.973398
3586	1036	0.9727
3586	1253	0.97021836
3586	1282	0.95138395
3586	9	0.913779
3587	593	0.9999554
3587	3081	0.99897075
3587	163	0.9976954
3587	266	0.99341476
3587	3147	0.9916284
3587	1215	0.9872402
3587	1049	0.9743668
3587	2167	0.9628849
3587	508	0.94858885
3587	2707	0.934932
3588	2951	0.999917
3588	2571	0.9994899
3588	2058	0.9964198
3588	1625	0.9952371
3588	2948	0.97869635
3588	2616	0.9660144
3588	2763	0.95217097
3588	527	0.91181433
3588	1277	0.9057492
3588	3095	0.9051086
3589	380	0.99939215
3589	442	0.9981006
3589	3386	0.9944709
3589	356	0.9912883
3589	39	0.98917496
3589	3168	0.98794556
3589	1080	0.97361434
3589	353	0.9224614
3589	1240	0.91926086
3589	2115	0.89595896
3590	593	0.99862814
3590	296	0.99782467
3590	586	0.99666786
3590	3114	0.99386346
3590	3253	0.9886714
3590	2124	0.9864516
3590	3060	0.9848773
3590	539	0.97108465
3590	1805	0.95031726
3590	1968	0.9388901
3591	434	0.99945027
3591	2657	0.9994277
3591	1584	0.99540925
3591	3253	0.99503785
3591	3105	0.97691727
3591	1393	0.97376746
3591	3176	0.9686357
3591	1094	0.96410173
3591	597	0.9639565
3591	21	0.9460427
3592	608	0.9995896
3592	2987	0.99937296
3592	3363	0.9921551
3592	2384	0.98853004
3592	1955	0.9855888
3592	1959	0.9805985
3592	2959	0.97949016
3592	3006	0.97311735
3592	1641	0.9632486
3592	2677	0.96146
3593	3255	0.9880487
3593	34	0.9745376
3593	1701	0.94781584
3593	2858	0.9432166
3593	2171	0.92873716
3593	955	0.8281956
3593	1042	0.6123977
3593	1747	0.6023256
3593	1884	0.54634506
3593	1441	0.53429544
3594	3250	0.9999646
3594	1020	0.9999002
3594	1210	0.99977416
3594	1682	0.99943304
3594	1215	0.99051046
3594	2959	0.9878676
3594	2058	0.9855858
3594	2137	0.98081106
3594	1704	0.9698002
3594	2194	0.96220374
3595	1345	0.9929019
3595	1997	0.99190986
3595	1291	0.9583618
3595	3210	0.94187605
3595	1136	0.8657752
3595	1380	0.8142605
3595	110	0.7031621
3595	1219	0.69987863
3595	1265	0.67282516
3595	1210	0.58222866
3596	446	1.0
3596	1260	0.99651945
3596	911	0.97867954
3596	905	0.97839487
3596	951	0.97031695
3596	1300	0.9660102
3596	922	0.96408165
3596	2186	0.9637264
3596	1284	0.9567305
3596	924	0.93990177
3597	2431	0.99993736
3597	3114	0.99987465
3597	1198	0.9982984
3597	2000	0.99614406
3597	648	0.9960373
3597	2761	0.9881166
3597	1726	0.9831064
3597	21	0.9692205
3597	181	0.9574135
3597	1377	0.95519346
3598	2054	0.99798095
3598	383	0.9964031
3598	1909	0.9610325
3598	2046	0.933144
3598	2348	0.92616993
3598	586	0.8979574
3598	502	0.8640156
3598	2571	0.84353626
3598	2716	0.7754928
3598	3156	0.76869917
3599	442	0.9981653
3599	3113	0.929634
3599	2448	0.9189958
3599	3255	0.9072207
3599	2167	0.9001405
3599	1499	0.85550624
3599	2355	0.7954583
3599	2763	0.73742306
3599	1756	0.72635126
3599	1215	0.7155866
3600	3098	0.99937654
3600	1	0.997682
3600	150	0.99659157
3600	1036	0.97633636
3600	1183	0.9737561
3600	39	0.97033525
3600	1673	0.96625006
3600	830	0.96498513
3600	1196	0.96201265
3600	1129	0.95756775
3601	608	0.9978811
3601	318	0.9963248
3601	2161	0.9923458
3601	2520	0.9874357
3601	3071	0.98701656
3601	2402	0.9816414
3601	1259	0.97337043
3601	3194	0.9599618
3601	1694	0.95931095
3601	3068	0.9404504
3602	2076	0.9993337
3602	2012	0.9988189
3602	2262	0.997121
3602	2699	0.9970621
3602	2706	0.9939041
3602	1639	0.9893585
3602	1333	0.9857747
3602	3052	0.9810276
3602	1562	0.9758431
3602	3362	0.95328856
3603	1968	0.9999327
3603	1517	0.9873524
3603	2353	0.984403
3603	1270	0.9761715
3603	2300	0.95876026
3603	356	0.954697
3603	1265	0.9441043
3603	1079	0.9282079
3603	2338	0.92712784
3603	2617	0.9261658
3604	2599	0.9997654
3604	1	0.99521023
3604	588	0.9943714
3604	2384	0.945213
3604	355	0.9327333
3604	2321	0.9198689
3604	2396	0.8820107
3604	223	0.73790246
3604	2385	0.73639834
3604	595	0.6328468
3605	2692	0.99999774
3605	2694	0.9998179
3605	2770	0.99957335
3605	2707	0.9983742
3605	2827	0.99831057
3605	2723	0.99726814
3605	2337	0.9970697
3605	2288	0.99590003
3605	1240	0.99565065
3605	2976	0.9891571
3606	2858	0.9996775
3606	1090	0.99945676
3606	1961	0.9991063
3606	2797	0.9990269
3606	953	0.9954734
3606	318	0.99385846
3606	150	0.9902438
3606	3160	0.9857148
3606	2268	0.9825428
3606	1302	0.9736466
3607	1690	0.9941318
3607	2433	0.9835284
3607	2109	0.9826405
3607	2454	0.9802594
3607	2906	0.9736878
3607	1653	0.96667457
3607	2628	0.9581015
3607	1301	0.93966544
3607	1	0.9334239
3607	2102	0.9311693
3608	2567	0.9992625
3608	348	0.99596167
3608	1517	0.9956956
3608	2352	0.994565
3608	2683	0.98004305
3608	1042	0.9724983
3608	104	0.96628094
3608	2384	0.9610566
3608	1188	0.9497292
3608	1845	0.9326735
3609	2359	0.9987353
3609	2355	0.99531174
3609	2571	0.9522139
3609	356	0.9504696
3609	25	0.939911
3609	736	0.8812318
3609	3247	0.8655783
3609	1527	0.8569269
3609	1385	0.8393963
3609	1210	0.7764771
3610	39	0.98353505
3610	3247	0.9446304
3610	2394	0.9344611
3610	1663	0.90807617
3610	2622	0.88620675
3610	1100	0.8789848
3610	3039	0.8642062
3610	1721	0.8569851
3610	733	0.8474014
3610	3033	0.82937956
3611	3070	0.9999405
3611	329	0.9999318
3611	1265	0.9989497
3611	32	0.9952829
3611	2396	0.99003184
3611	3354	0.9831169
3611	2622	0.969686
3611	1243	0.95932174
3611	1372	0.9075408
3611	933	0.8979772
3612	2058	0.99997514
3612	2395	0.998734
3612	1285	0.9922576
3612	2792	0.9912335
3612	2716	0.98944104
3612	648	0.98180187
3612	480	0.9550456
3612	288	0.9499864
3612	1270	0.9347402
3612	920	0.9179474
3613	2000	0.99993217
3613	1077	0.99968743
3613	1916	0.9992179
3613	2138	0.9933804
3613	593	0.9689244
3613	529	0.9179623
3613	3060	0.91335213
3613	1729	0.9014632
3613	3147	0.89409864
3613	205	0.8617125
3614	2366	0.9992709
3614	3005	0.999246
3614	2427	0.9928994
3614	1198	0.9877696
3614	3301	0.98674035
3614	2713	0.9814682
3614	3408	0.9758204
3614	2761	0.9374634
3614	2640	0.9244399
3614	587	0.90395665
3615	1273	0.9999893
3615	162	0.9994223
3615	2716	0.9981805
3615	2700	0.9981719
3615	2725	0.9945188
3615	47	0.9936106
3615	1179	0.99181867
3615	3304	0.9858426
3615	1294	0.98295605
3615	32	0.9828894
3616	1221	0.98994327
3616	2944	0.96194494
3616	1222	0.64319956
3616	2028	0.5282622
3616	1982	0.2668429
3616	589	0.2228027
3616	1954	0.19128051
3616	1196	0.18098658
3616	2366	0.07980651
3616	1953	0.06613472
3617	1294	0.99993587
3617	1270	0.99631286
3617	1231	0.9957893
3617	1036	0.98121196
3617	2951	0.97845495
3617	1200	0.962551
3617	1272	0.9603004
3617	2407	0.9483795
3617	2398	0.9376845
3617	1276	0.9173049
3618	1407	0.98427284
3618	910	0.9774763
3618	2243	0.9654159
3618	2906	0.8890462
3618	2750	0.8811492
3618	3006	0.7977404
3618	3354	0.74917775
3618	1888	0.7129875
3618	2671	0.6666188
3618	1394	0.66236985
3619	2961	0.9999908
3619	3113	0.9997034
3619	2683	0.99794865
3619	2676	0.92319345
3619	2908	0.9160592
3619	3354	0.9129776
3619	2770	0.88132095
3619	2805	0.83642066
3619	2028	0.8118952
3619	3016	0.74627215
3620	1210	0.9927337
3620	1047	0.9818063
3620	2501	0.97928417
3620	1625	0.9705411
3620	3317	0.9650609
3620	246	0.95473254
3620	1620	0.95158637
3620	1732	0.94776714
3620	1542	0.9185177
3620	145	0.9175406
3621	1086	0.99974847
3621	3095	0.9925947
3621	3160	0.9922149
3621	1203	0.98340636
3621	1293	0.97335553
3621	1573	0.9717052
3621	1320	0.97046924
3621	913	0.9668179
3621	1207	0.95373964
3621	1376	0.930117
3622	1270	0.98807
3622	2692	0.975474
3622	2746	0.97477126
3622	2081	0.96925926
3622	920	0.96830606
3622	2203	0.9514704
3622	2100	0.9514133
3622	3259	0.93474185
3622	2700	0.9183773
3622	1267	0.90853816
3623	922	0.9825286
3623	3334	0.7905677
3623	1344	0.71189606
3623	942	0.61461294
3623	1617	0.4604675
3623	2628	0.3620855
3623	2858	0.33448833
3623	2741	0.21653369
3623	327	0.19249123
3623	1783	0.18195403
3624	1676	0.99910665
3624	2997	0.9920941
3624	589	0.9905385
3624	2701	0.9858581
3624	788	0.9591888
3624	2858	0.9416193
3624	2253	0.93224317
3624	1253	0.8556612
3624	2985	0.84130436
3624	2699	0.83727574
3625	2058	0.99982405
3625	2858	0.9987179
3625	47	0.9982443
3625	2916	0.9976678
3625	1136	0.99753034
3625	3255	0.9963381
3625	1923	0.9961258
3625	300	0.99068916
3625	1704	0.9880527
3625	524	0.970779
3626	1129	0.9746399
3626	2572	0.96788865
3626	2366	0.8992206
3626	2081	0.8508901
3626	861	0.8460516
3626	1801	0.8376692
3626	1214	0.8178841
3626	2094	0.79597163
3626	2134	0.78723335
3626	1262	0.7584294
3627	1484	0.9502479
3627	1354	0.9401503
3627	1916	0.57287776
3627	431	0.43065253
3627	1264	0.3512631
3627	293	0.2786826
3627	3418	0.20354208
3627	1729	0.15008572
3627	2300	0.0886167
3627	434	0.084566295
3628	2759	0.9996806
3628	1210	0.9987198
3628	2901	0.9986758
3628	2710	0.99717426
3628	2770	0.99668527
3628	593	0.99534667
3628	2599	0.99266326
3628	2188	0.98717326
3628	3113	0.9700676
3628	3114	0.93575746
3629	593	0.99716944
3629	2565	0.9701563
3629	908	0.9601276
3629	1304	0.95765543
3629	1280	0.94450265
3629	1221	0.87585074
3629	920	0.8560139
3629	1081	0.85335034
3629	3171	0.84733593
3629	111	0.7801607
3630	333	0.99888253
3630	44	0.9983853
3630	1610	0.9981401
3630	25	0.9938071
3630	21	0.9896245
3630	2412	0.9889928
3630	2763	0.9887121
3630	260	0.9883938
3630	543	0.97583294
3630	1883	0.97470427
3631	1214	0.9999939
3631	1291	0.99880064
3631	70	0.9964919
3631	1036	0.9820568
3631	356	0.87637573
3631	593	0.86167717
3631	1556	0.8586421
3631	1200	0.77039313
3631	377	0.7335702
3631	1954	0.505095
3632	2023	0.99899054
3632	2772	0.98430943
3632	2858	0.95066136
3632	1756	0.90513873
3632	2959	0.78165996
3632	2259	0.7726524
3632	2053	0.67781615
3632	1079	0.59158206
3632	3257	0.5690268
3632	3182	0.5398367
3633	2082	0.9975379
3633	110	0.9493698
3633	344	0.71252835
3633	2023	0.6327694
3633	5	0.4461514
3633	3114	0.19870543
3633	95	0.17557684
3633	1380	0.16634145
3633	2953	0.16482633
3633	587	0.12681213
3634	1233	0.15158308
3634	1610	0.008708954
3634	1721	0.007247299
3634	3408	0.0033372045
3634	3148	0.0025090873
3634	2023	0.0018964708
3634	2196	0.0012465715
3634	527	0.00083109736
3634	266	0.00078225136
3634	145	0.0007237196
3635	947	0.99822664
3635	916	0.9954853
3635	50	0.98454964
3635	1238	0.9725174
3635	2660	0.94508326
3635	2997	0.9435836
3635	260	0.93960875
3635	1180	0.8735236
3635	303	0.86500275
3635	735	0.80387974
3636	2410	0.9998497
3636	1210	0.9751605
3636	608	0.88226163
3636	206	0.81721216
3636	1196	0.79823303
3636	2628	0.7419462
3636	1186	0.7322361
3636	2411	0.7318346
3636	628	0.6892878
3636	2531	0.6631331
3637	2694	0.9998859
3637	2606	0.9990189
3637	2759	0.99519455
3637	3298	0.9076793
3637	2770	0.88894796
3637	2572	0.7525149
3637	2596	0.5746955
3637	2707	0.4734716
3637	2718	0.40347803
3637	2881	0.39760053
3638	2712	0.9641091
3638	2501	0.9442702
3638	2716	0.9383944
3638	3159	0.7762173
3638	2770	0.75355333
3638	1513	0.6717967
3638	2706	0.62953424
3638	590	0.6100359
3638	2600	0.5479442
3638	531	0.5436298
3639	3114	0.9997764
3639	2683	0.9890096
3639	2396	0.9849123
3639	1517	0.9795675
3639	1270	0.94872797
3639	953	0.9470374
3639	919	0.9319239
3639	2406	0.9215871
3639	2502	0.8887888
3639	39	0.8834077
3640	2302	0.9999763
3640	902	0.9999238
3640	3147	0.9992338
3640	2001	0.9816521
3640	1296	0.98116827
3640	858	0.9660101
3640	235	0.9455443
3640	1095	0.8865
3640	2286	0.8821811
3640	1639	0.85627544
3641	1124	0.99909157
3641	1625	0.99765176
3641	2683	0.99259806
3641	1094	0.98809874
3641	1231	0.9691309
3641	590	0.94498545
3641	2968	0.9422724
3641	1704	0.9208688
3641	1552	0.91374004
3641	3006	0.878176
3642	1361	0.99989164
3642	1191	0.999331
3642	1210	0.9978648
3642	162	0.9930239
3642	2693	0.98901975
3642	364	0.979511
3642	549	0.9649241
3642	3182	0.9567081
3642	1	0.91742367
3642	1827	0.9124285
3643	377	0.9999944
3643	1339	0.9981718
3643	2628	0.997102
3643	849	0.9964499
3643	29	0.9936715
3643	1747	0.9935668
3643	6	0.97367114
3643	1527	0.9507885
3643	223	0.9106717
3643	296	0.9070338
3644	52	0.7715441
3644	1641	0.52381206
3644	223	0.52103037
3644	2997	0.5097914
3644	1863	0.43387693
3644	1097	0.39054638
3644	2891	0.22919518
3644	3302	0.16477615
3644	2677	0.15419596
3644	2155	0.06282461
3645	1097	0.9976115
3645	2858	0.99467456
3645	1394	0.99250615
3645	1194	0.9760517
3645	1225	0.95746815
3645	3363	0.94873786
3645	2791	0.9482229
3645	924	0.94279873
3645	1079	0.88746727
3645	2064	0.86532784
3646	1206	0.9999051
3646	1264	0.9960822
3646	2529	0.9958136
3646	2495	0.991535
3646	2010	0.9898358
3646	1240	0.9750921
3646	32	0.95430124
3646	2009	0.9445227
3646	2527	0.9172022
3646	2116	0.91658086
3647	1214	0.99506176
3647	1961	0.99492145
3647	2924	0.9884926
3647	1198	0.9734687
3647	1206	0.947825
3647	904	0.91034913
3647	2173	0.6518524
3647	2529	0.628545
3647	1200	0.5954223
3647	165	0.5732926
3648	39	0.9999397
3648	454	0.99616164
3648	2916	0.98859906
3648	1500	0.9744499
3648	1653	0.96422505
3648	1288	0.9424714
3648	1059	0.93161774
3648	1408	0.92057216
3648	748	0.9079786
3648	1590	0.8818258
3649	2020	0.9999195
3649	1186	0.99300194
3649	2087	0.97924006
3649	3330	0.97882104
3649	920	0.97383094
3649	2863	0.9711711
3649	1247	0.9525535
3649	1246	0.94785213
3649	2243	0.89849865
3649	1258	0.8962067
3650	1385	0.99963045
3650	293	0.97091854
3650	653	0.9615679
3650	3107	0.93834066
3650	2297	0.91753954
3650	1821	0.90271306
3650	2763	0.8577702
3650	3219	0.8547771
3650	1090	0.8381251
3650	3384	0.776984
3651	1625	0.9958633
3651	3247	0.9831556
3651	2542	0.95711684
3651	70	0.95451164
3651	2683	0.9265636
3651	2916	0.90931594
3651	1266	0.9004998
3651	32	0.82584625
3651	6	0.81898284
3651	1283	0.69124484
3652	2723	0.99993676
3652	1527	0.99991274
3652	741	0.9998905
3652	442	0.9987947
3652	2002	0.99676
3652	1431	0.99584985
3652	2126	0.9724072
3652	2318	0.9651053
3652	588	0.9554397
3652	110	0.95522916
3653	1278	0.9817747
3653	1653	0.89854276
3653	1221	0.8373537
3653	1376	0.8265598
3653	2553	0.8213452
3653	1214	0.8024161
3653	1527	0.63825166
3653	1219	0.63721454
3653	329	0.62179506
3653	185	0.5635483
3654	29	0.9999787
3654	3176	0.9994573
3654	1653	0.99930894
3654	1275	0.9894983
3654	1179	0.98778474
3654	2991	0.9877641
3654	1219	0.978685
3654	1968	0.974989
3654	1198	0.9725576
3654	1580	0.9658348
3655	1967	0.99967414
3655	2174	0.995238
3655	367	0.9594492
3655	480	0.8125005
3655	372	0.31671214
3655	1198	0.15021777
3655	2617	0.13655707
3655	2140	0.07052246
3655	2716	0.03951505
3655	22	0.012901098
3656	3037	0.99702597
3656	1078	0.99585444
3656	1295	0.99438924
3656	3127	0.9876851
3656	2290	0.85502267
3656	3163	0.75330937
3656	351	0.44244853
3656	454	0.41380075
3656	1197	0.4032208
3656	2770	0.30681357
3657	457	0.99999
3657	377	0.99987155
3657	380	0.9958787
3657	589	0.9895443
3657	2353	0.98118496
3657	3265	0.9551462
3657	2763	0.94104517
3657	2490	0.86413
3657	2006	0.77356505
3657	1916	0.7665856
3658	748	0.99939
3658	32	0.9978918
3658	3334	0.9976828
3658	1372	0.97976923
3658	1199	0.94942045
3658	2034	0.9448547
3658	2664	0.91852754
3658	2363	0.91826737
3658	2407	0.84457946
3658	2194	0.8014797
3659	1387	0.99729556
3659	593	0.9460758
3659	1221	0.90792656
3659	2700	0.8261527
3659	2746	0.69493043
3659	162	0.6643067
3659	111	0.65355414
3659	1299	0.31685334
3659	1500	0.27143753
3659	293	0.26300064
3660	2010	0.9996277
3660	1240	0.99630404
3660	1199	0.9855375
3660	968	0.97200716
3660	2529	0.9072826
3660	3252	0.7024361
3660	2657	0.43163034
3660	2553	0.23044118
3660	1376	0.21750244
3660	942	0.2124565
3661	2947	0.9999839
3661	1276	0.9999807
3661	260	0.99993455
3661	2529	0.99963236
3661	1210	0.9995262
3661	1215	0.99741113
3661	2699	0.9895476
3661	592	0.98866904
3661	2640	0.98643196
3661	2948	0.98502105
3662	2366	0.99838406
3662	2647	0.99415463
3662	1223	0.94957405
3662	1214	0.7364228
3662	1148	0.57504517
3662	899	0.40156183
3662	718	0.31844246
3662	2948	0.18912947
3662	2939	0.17181641
3662	2654	0.08289775
3663	2001	0.99974406
3663	2949	0.9990883
3663	1304	0.9979578
3663	3256	0.99425817
3663	474	0.99071074
3663	2640	0.9876979
3663	1722	0.98330283
3663	2366	0.9686357
3663	1597	0.9165818
3663	733	0.9055736
3664	1246	0.99938107
3664	2248	0.9974072
3664	1302	0.9959457
3664	3148	0.9920109
3664	3386	0.98758066
3664	529	0.9871923
3664	36	0.98609686
3664	3261	0.98184335
3664	1225	0.98138916
3664	17	0.9801266
3665	969	0.99987483
3665	2640	0.9986967
3665	1387	0.99742675
3665	2294	0.99587595
3665	2115	0.9946381
3665	1206	0.97205365
3665	610	0.95035315
3665	1220	0.94041383
3665	1982	0.9342292
3665	1376	0.9224979
3666	2944	0.9895581
3666	1240	0.95441616
3666	924	0.1430887
3666	2000	0.026174098
3666	1200	0.016763628
3666	2396	0.009972036
3666	1201	0.008116543
3666	608	0.0075584054
3666	2947	0.006208539
3666	110	0.005311072
3667	48	0.99999344
3667	1919	0.9999866
3667	34	0.99987274
3667	1713	0.99973536
3667	1588	0.9996202
3667	2384	0.9985578
3667	107	0.99775314
3667	262	0.9969064
3667	3114	0.9940676
3667	1920	0.9905142
3668	1219	0.9996896
3668	1267	0.98688257
3668	800	0.9748465
3668	912	0.85560036
3668	2728	0.71442294
3668	1350	0.66017026
3668	1213	0.3239321
3668	2997	0.14855722
3668	1210	0.14577386
3668	1247	0.13403401
3669	344	0.99917364
3669	1302	0.99785095
3669	135	0.9976977
3669	1271	0.9883889
3669	3255	0.9785397
3669	1597	0.9735819
3669	1479	0.96247554
3669	317	0.93760866
3669	2959	0.929866
3669	539	0.91714
3670	2533	0.9999927
3670	1078	0.99943256
3670	858	0.9981575
3670	2532	0.98845375
3670	3044	0.98656857
3670	1587	0.9826317
3670	1374	0.9066846
3670	3263	0.8348846
3670	2001	0.53693235
3670	3037	0.48864585
3671	2700	0.9990127
3671	2710	0.9960686
3671	1197	0.995861
3671	223	0.99307615
3671	2947	0.97862816
3671	377	0.97761166
3671	2572	0.89700174
3671	1200	0.8190012
3671	2427	0.80605567
3671	1387	0.7022232
3672	3246	0.9994014
3672	2463	0.99882734
3672	2728	0.99808633
3672	1220	0.9972621
3672	2662	0.9965235
3672	589	0.9940071
3672	2144	0.99291646
3672	1962	0.9911827
3672	2080	0.98957396
3672	593	0.9875443
3673	1197	0.9988499
3673	1257	0.99829704
3673	2599	0.99174124
3673	2918	0.9897997
3673	858	0.98853296
3673	2427	0.98730993
3673	2746	0.98598075
3673	588	0.97813606
3673	2064	0.9774085
3673	2300	0.9397505
3674	1208	0.99810505
3674	2396	0.99156207
3674	2248	0.98879695
3674	919	0.9860995
3674	3104	0.98515075
3674	318	0.98496103
3674	3363	0.97252494
3674	3203	0.9691421
3674	293	0.9672233
3674	1500	0.9657047
3675	1777	0.99693185
3675	1288	0.99083257
3675	3039	0.9498795
3675	2004	0.9155066
3675	1287	0.8998847
3675	3398	0.8795401
3675	21	0.87161547
3675	2750	0.8586266
3675	1097	0.84726346
3675	69	0.8277941
3676	1527	0.99991286
3676	2287	0.9999048
3676	589	0.97849953
3676	1129	0.97081715
3676	1375	0.9662706
3676	2628	0.9475864
3676	1097	0.9223577
3676	2021	0.9108225
3676	2836	0.91074896
3676	2996	0.8349576
3677	724	0.99920565
3677	1985	0.99887335
3677	1982	0.98846054
3677	2762	0.9879197
3677	1717	0.9868696
3677	2542	0.97110724
3677	2122	0.9669119
3677	1994	0.9534397
3677	1617	0.94686145
3677	1971	0.8795885
3678	1676	0.9995261
3678	3175	0.99087936
3678	442	0.8819128
3678	2642	0.5672207
3678	3070	0.49657583
3678	2641	0.4025321
3678	1965	0.3971989
3678	2046	0.36163998
3678	1396	0.3065164
3678	1206	0.22200099
3679	1047	0.9902115
3679	1270	0.9263158
3679	474	0.8926858
3679	2407	0.88755125
3679	1537	0.87372494
3679	903	0.8642452
3679	1446	0.8316517
3679	39	0.8025589
3679	3412	0.7674053
3679	2313	0.7520447
3680	926	0.99993974
3680	1185	0.9982461
3680	446	0.99747735
3680	222	0.9949454
3680	1193	0.9771109
3680	2612	0.976906
3680	2297	0.9722799
3680	593	0.95181024
3680	1300	0.9444039
3680	912	0.9268075
3681	2841	0.9984492
3681	3113	0.9958063
3681	292	0.98464906
3681	368	0.97068393
3681	2710	0.96702194
3681	353	0.93095124
3681	1393	0.93055403
3681	1909	0.9183538
3681	1653	0.8468627
3681	2329	0.8255894
3682	1957	0.9997015
3682	232	0.99893844
3682	1233	0.99843204
3682	3067	0.9951546
3682	1296	0.99495375
3682	1947	0.9924396
3682	1172	0.99212617
3682	3101	0.9909265
3682	1014	0.98667634
3682	1183	0.9858928
3683	2001	0.9998338
3683	2336	0.9978736
3683	2133	0.99034303
3683	2377	0.97606885
3683	223	0.9723767
3683	1299	0.96445227
3683	1193	0.9284301
3683	1235	0.92121965
3683	3007	0.88791823
3683	1224	0.81022346
3684	2194	0.99982446
3684	2948	0.99813604
3684	1304	0.99031895
3684	2599	0.9844415
3684	1201	0.96420777
3684	2252	0.947998
3684	2949	0.9195758
3684	1376	0.89705604
3684	1527	0.8724629
3684	2555	0.8688937
3685	1199	0.999716
3685	223	0.9983445
3685	1060	0.9971554
3685	47	0.99591494
3685	678	0.99452543
3685	671	0.98835063
3685	2797	0.96231246
3685	745	0.96203196
3685	2918	0.96164566
3685	2000	0.9584874
3686	1213	0.9994508
3686	1219	0.99175096
3686	920	0.9909537
3686	904	0.97817385
3686	457	0.9752786
3686	541	0.96251225
3686	2761	0.9564173
3686	2804	0.937572
3686	3298	0.8891275
3686	1036	0.8865384
3687	1320	0.9975836
3687	1566	0.99456656
3687	1876	0.99349356
3687	2355	0.97918
3687	2959	0.9616859
3687	2006	0.947882
3687	161	0.94396347
3687	1909	0.936741
3687	1092	0.9168631
3687	41	0.8900315
3688	1358	0.99972546
3688	3210	0.99848944
3688	2706	0.9924737
3688	1237	0.99086595
3688	2329	0.9844439
3688	3022	0.97562706
3688	1095	0.9393313
3688	2683	0.9030528
3688	3100	0.88769186
3688	2915	0.8504789
3689	454	0.998091
3689	2023	0.9959153
3689	3108	0.9958483
3689	543	0.99386406
3689	2826	0.97577524
3689	2694	0.96621346
3689	372	0.94817626
3689	22	0.94538504
3689	1518	0.9188564
3689	47	0.9025265
3690	2694	0.99999726
3690	2572	0.99773264
3690	3100	0.99744236
3690	1358	0.9970126
3690	21	0.99611163
3690	1777	0.99282914
3690	3264	0.9704577
3690	5	0.91837883
3690	532	0.8905194
3690	25	0.8653934
3691	1527	0.9996664
3691	1090	0.9994341
3691	541	0.99849164
3691	457	0.9984015
3691	1573	0.99591815
3691	380	0.9915197
3691	3424	0.99005735
3691	3267	0.984745
3691	507	0.9825952
3691	920	0.97954434
3692	367	0.9995463
3692	2143	0.99890935
3692	1198	0.99712443
3692	2138	0.98974
3692	2021	0.97720456
3692	383	0.9704505
3692	1209	0.9419997
3692	1214	0.9287088
3692	368	0.8862978
3692	1196	0.87219566
3693	552	0.99895585
3693	110	0.99799937
3693	2671	0.9965127
3693	1225	0.9902792
3693	1721	0.9861381
3693	1257	0.97926396
3693	1711	0.9693309
3693	2701	0.95695454
3693	648	0.9569334
3693	2002	0.9534956
3694	1221	0.99945015
3694	1079	0.99918836
3694	1304	0.9440019
3694	912	0.93209654
3694	1358	0.68154925
3694	2023	0.6701101
3694	2804	0.6333941
3694	3253	0.5689353
3694	1961	0.53226465
3694	910	0.5019216
3695	2000	0.9999847
3695	1136	0.99826854
3695	778	0.9934677
3695	2396	0.9909177
3695	1527	0.97364646
3695	1627	0.96613115
3695	317	0.94696856
3695	541	0.9334928
3695	1645	0.9325531
3695	1387	0.92647433
3696	1270	0.9965893
3696	673	0.99560475
3696	1269	0.99070597
3696	1294	0.99062896
3696	1089	0.9884029
3696	2918	0.97910184
3696	1358	0.9375526
3696	1912	0.9291589
3696	2109	0.92054677
3696	1125	0.91701335
3697	2710	0.9449369
3697	1282	0.83911365
3697	24	0.82608855
3697	1029	0.8074833
3697	2000	0.8006875
3697	3005	0.7828761
3697	2861	0.74591017
3697	2529	0.7306038
3697	3354	0.7243904
3697	2058	0.6348661
3698	2143	0.99872994
3698	1127	0.99797285
3698	2797	0.9929476
3698	913	0.9853184
3698	2333	0.942907
3698	24	0.9260196
3698	924	0.90585375
3698	235	0.9019598
3698	2995	0.89388394
3698	1945	0.8809873
3699	954	0.9992953
3699	318	0.99100935
3699	2571	0.98894805
3699	1252	0.964849
3699	1247	0.9548611
3699	1231	0.8646629
3699	1586	0.863503
3699	1617	0.85639465
3699	3196	0.8192575
3699	1702	0.76402014
3700	1729	0.9991653
3700	318	0.9988136
3700	1617	0.9975318
3700	296	0.9924873
3700	356	0.9788821
3700	161	0.93348753
3700	1357	0.89434254
3700	2496	0.64159787
3700	2427	0.6336946
3700	866	0.5816219
3701	589	0.9686348
3701	3082	0.95875525
3701	1358	0.91193414
3701	3386	0.90680695
3701	3114	0.83549595
3701	924	0.75746274
3701	1961	0.75317454
3701	318	0.72536707
3701	529	0.6795744
3701	11	0.6338699
3702	1240	0.9999416
3702	2657	0.9993166
3702	924	0.9987098
3702	2455	0.9957193
3702	1200	0.9945107
3702	1097	0.9939033
3702	2407	0.9934759
3702	1396	0.9914629
3702	2454	0.9789951
3702	590	0.96742105
3703	1078	0.9991804
3703	1210	0.99910915
3703	145	0.99763095
3703	1625	0.99606293
3703	1732	0.99401975
3703	551	0.99368656
3703	590	0.98913926
3703	110	0.9675702
3703	3060	0.94865036
3703	1589	0.92203903
3704	994	0.99987745
3704	1968	0.99915516
3704	1259	0.9975885
3704	235	0.99602365
3704	1213	0.9932162
3704	1	0.9582287
3704	2804	0.953416
3704	2797	0.9478955
3704	2692	0.92804503
3704	3176	0.9253458
3705	3256	0.970238
3705	902	0.93240714
3705	2416	0.9018366
3705	3363	0.89103603
3705	2413	0.86780536
3705	2572	0.832116
3705	514	0.7748898
3705	1747	0.75729704
3705	2959	0.73127174
3705	2065	0.6813222
3706	969	0.9994641
3706	435	0.9977554
3706	588	0.9963113
3706	2144	0.9951303
3706	480	0.9941329
3706	1302	0.984807
3706	1396	0.9829983
3706	608	0.96315336
3706	919	0.9628859
3706	2918	0.95309204
3707	1729	0.99924743
3707	1213	0.9990094
3707	1500	0.99379313
3707	2389	0.9618011
3707	608	0.95532525
3707	2387	0.8825909
3707	507	0.44008273
3707	866	0.30860442
3707	2599	0.27060091
3707	110	0.23430684
3708	1242	0.99955654
3708	3408	0.99894553
3708	3260	0.99663746
3708	1028	0.9936092
3708	3072	0.9460578
3708	3347	0.9316279
3708	3034	0.83591115
3708	260	0.82616246
3708	515	0.7841921
3708	2239	0.6065849
3709	3261	0.9991076
3709	45	0.9597126
3709	252	0.9559833
3709	2082	0.94882995
3709	34	0.92801815
3709	2001	0.9026482
3709	2700	0.8784208
3709	1120	0.86909175
3709	1704	0.8481887
3709	1393	0.84415746
3710	2301	0.99999166
3710	2915	0.9999168
3710	551	0.9856951
3710	2134	0.981181
3710	1210	0.94212264
3710	2174	0.9231272
3710	3087	0.7852909
3710	784	0.6638263
3710	785	0.5842613
3710	2746	0.5562578
3711	2322	0.99999964
3711	24	0.99880457
3711	1544	0.9985231
3711	1573	0.9967009
3711	442	0.99602103
3711	1591	0.9942106
3711	2094	0.98676056
3711	748	0.98479384
3711	296	0.9614572
3711	258	0.9563239
3712	780	0.999969
3712	3208	0.99941325
3712	3104	0.9989462
3712	1883	0.9969822
3712	2002	0.99616116
3712	2006	0.99521
3712	3175	0.9949075
3712	303	0.9946532
3712	435	0.99096614
3712	2167	0.9900007
3713	2918	0.99992454
3713	453	0.99862325
3713	2671	0.9976945
3713	468	0.993337
3713	691	0.9878682
3713	852	0.9738833
3713	2571	0.96937907
3713	3254	0.95304585
3713	265	0.92167413
3713	1100	0.906965
3714	3176	0.99997497
3714	454	0.99996305
3714	1078	0.9996893
3714	50	0.996166
3714	1721	0.9950107
3714	1387	0.99240816
3714	3033	0.98919046
3714	1213	0.98094475
3714	3148	0.9268836
3714	1210	0.8970212
3715	2571	0.9995307
3715	1019	0.998177
3715	1653	0.9941908
3715	3213	0.9877919
3715	3174	0.9798799
3715	595	0.9789003
3715	810	0.9730325
3715	3269	0.97144496
3715	2138	0.96247625
3715	2311	0.96063864
3716	288	0.9845251
3716	785	0.9697599
3716	2321	0.9010062
3716	3418	0.87278974
3716	2395	0.84721446
3716	1127	0.84105486
3716	3258	0.7522227
3716	3033	0.7412536
3716	2770	0.7041736
3716	1270	0.691021
3717	3175	0.9992943
3717	587	0.99920845
3717	913	0.9978279
3717	3157	0.9960921
3717	3354	0.9934038
3717	1961	0.987752
3717	1230	0.9874966
3717	3300	0.9861024
3717	733	0.98158437
3717	780	0.97866726
3718	923	0.98990035
3718	902	0.93488854
3718	2730	0.92370486
3718	3418	0.9211644
3718	527	0.9014448
3718	247	0.88554597
3718	1358	0.8456376
3718	3108	0.6787282
3718	3030	0.6513389
3718	1185	0.62451726
3719	2355	0.99415797
3719	2706	0.9299253
3719	2012	0.9080303
3719	2701	0.6778807
3719	45	0.5923025
3719	2683	0.5659164
3719	1097	0.5320951
3719	2710	0.4407715
3719	2188	0.36444974
3719	2115	0.34292203
3720	2028	0.9985858
3720	2384	0.9968588
3720	16	0.9951756
3720	1810	0.99195415
3720	1396	0.97898805
3720	431	0.97302413
3720	2268	0.96606886
3720	593	0.9569387
3720	2692	0.9275851
3720	2700	0.922765
3721	2028	0.9997666
3721	2023	0.9930314
3721	608	0.9924444
3721	1208	0.97197807
3721	1120	0.969792
3721	1225	0.96181273
3721	1233	0.94685006
3721	1196	0.9154211
3721	25	0.90927625
3721	475	0.90530777
3722	1215	0.9847912
3722	1407	0.9553857
3722	1321	0.914323
3722	1240	0.86544013
3722	366	0.79277873
3722	2867	0.7891842
3722	2232	0.67019886
3722	589	0.5833996
3722	1997	0.43869415
3722	2011	0.36380672
3723	2710	0.9975891
3723	3005	0.987726
3723	3175	0.91362774
3723	2997	0.89338493
3723	2763	0.7550524
3723	50	0.5981149
3723	2501	0.2681181
3723	24	0.11120269
3723	858	0.107527435
3723	2688	0.07887545
3724	2289	0.99424565
3724	3254	0.9898348
3724	1380	0.9842663
3724	1235	0.96511924
3724	1276	0.9245676
3724	2529	0.9107425
3724	2396	0.89144486
3724	2746	0.87959313
3724	2002	0.8505759
3724	3264	0.80397606
3725	3386	0.99941206
3725	3301	0.99119556
3725	2574	0.9911573
3725	2858	0.9616792
3725	2371	0.95833135
3725	1923	0.9402416
3725	2378	0.9254806
3725	3408	0.8965303
3725	1961	0.88988596
3725	448	0.76169944
3726	1610	0.99856687
3726	1387	0.9937614
3726	2763	0.99236774
3726	671	0.99199057
3726	1304	0.98037803
3726	1035	0.9779172
3726	1954	0.9643541
3726	3256	0.96349674
3726	728	0.9535072
3726	3396	0.9450569
3727	2329	0.97644997
3727	1021	0.97570753
3727	1344	0.9729768
3727	2456	0.94486624
3727	2699	0.93838274
3727	1009	0.9265212
3727	1584	0.92542845
3727	454	0.8931961
3727	1562	0.8899722
3727	2997	0.887264
3728	2599	0.9986546
3728	1623	0.992322
3728	2572	0.9816332
3728	2908	0.96637857
3728	2723	0.9558253
3728	3159	0.93254054
3728	2997	0.91944456
3728	2702	0.90841234
3728	2770	0.8793217
3728	2881	0.8766057
3729	1732	0.9998896
3729	1619	0.9863565
3729	1272	0.9836704
3729	1639	0.9822172
3729	2324	0.97473407
3729	266	0.9738735
3729	2025	0.95820165
3729	2068	0.95651937
3729	2542	0.94990396
3729	3176	0.92530346
3730	3366	0.99708676
3730	1210	0.99510956
3730	1036	0.96748865
3730	1222	0.91673005
3730	2804	0.91116935
3730	2581	0.8988079
3730	1193	0.8710619
3730	1240	0.81017303
3730	2694	0.72611344
3730	1204	0.4473024
3731	2640	0.9965575
3731	1320	0.9916648
3731	1584	0.98811686
3731	1196	0.9842633
3731	1372	0.91225535
3731	1301	0.903594
3731	2699	0.85013485
3731	1580	0.8031713
3731	2455	0.73244745
3731	1676	0.69269013
3732	1035	0.99999815
3732	1220	0.952569
3732	1198	0.7299979
3732	2324	0.68813694
3732	1267	0.65491116
3732	2028	0.60253716
3732	318	0.53651714
3732	1196	0.523621
3732	2135	0.5126182
3732	1073	0.4759723
3733	293	0.99996936
3733	2858	0.9992801
3733	1249	0.9988127
3733	1	0.9982786
3733	1219	0.99789953
3733	1394	0.99737334
3733	2580	0.99661434
3733	2174	0.99377334
3733	2944	0.991506
3733	3129	0.9901984
3734	1028	0.9628494
3734	2002	0.9530022
3734	1210	0.47752708
3734	239	0.43919745
3734	260	0.39895374
3734	3147	0.30251044
3734	1198	0.21521813
3734	434	0.20866072
3734	1304	0.20732412
3734	2826	0.18008345
3735	2065	0.9999886
3735	1213	0.9999666
3735	589	0.9997121
3735	541	0.9961076
3735	2949	0.9888553
3735	3210	0.9866693
3735	2318	0.97198856
3735	1674	0.96675336
3735	2580	0.9515748
3735	1219	0.9358436
3736	724	0.9984517
3736	2328	0.997312
3736	849	0.98700655
3736	880	0.9641279
3736	1339	0.9271939
3736	379	0.8822876
3736	1748	0.54490787
3736	1944	0.4703776
3736	1756	0.39453226
3736	1391	0.38539946
3737	2716	0.9999963
3737	1394	0.9993049
3737	1035	0.9987278
3737	1097	0.9916697
3737	3257	0.97588956
3737	1136	0.9681543
3737	1717	0.96622294
3737	914	0.9648396
3737	1017	0.94829834
3737	1079	0.940001
3738	2997	0.99998736
3738	3366	0.97310567
3738	3114	0.9385894
3738	2858	0.9120376
3738	1931	0.8551369
3738	2990	0.55874866
3738	2762	0.54868835
3738	2944	0.5328085
3738	260	0.30444285
3738	802	0.29333
3739	2409	0.9998399
3739	3239	0.9977026
3739	3355	0.958172
3739	2858	0.9117297
3739	1873	0.8985216
3739	1253	0.69186854
3739	2762	0.6879618
3739	3317	0.65742326
3739	593	0.63376415
3739	3160	0.6032504
3740	431	0.9997146
3740	1213	0.99927014
3740	1693	0.99777377
3740	1221	0.8949499
3740	366	0.89063215
3740	358	0.8877982
3740	1198	0.7901284
3740	1132	0.7562315
3740	225	0.5436957
3740	1704	0.4794976
3741	1270	0.99316525
3741	2628	0.9922508
3741	555	0.98175776
3741	1036	0.95463943
3741	1610	0.953699
3741	349	0.9426812
3741	2542	0.9230836
3741	2108	0.90200746
3741	2396	0.900843
3741	81	0.88841784
3742	104	0.99996567
3742	1732	0.99961126
3742	2502	0.99951315
3742	1517	0.99929535
3742	1573	0.99886847
3742	1060	0.99804807
3742	852	0.995777
3742	380	0.99480176
3742	2706	0.99421835
3742	1645	0.9929454
3743	236	0.9997183
3743	11	0.9985236
3743	1569	0.9951831
3743	1409	0.9951534
3743	597	0.9950588
3743	224	0.972265
3743	1777	0.9624485
3743	58	0.948809
3743	587	0.8631636
3743	500	0.72009206
3744	1304	0.9999702
3744	1367	0.999833
3744	2072	0.9991486
3744	750	0.98732686
3744	3095	0.98423123
3744	2804	0.97732913
3744	2132	0.97668386
3744	1230	0.96259505
3744	2792	0.9105608
3744	2093	0.8953979
3745	2355	0.9982466
3745	1824	0.99676555
3745	1542	0.99103427
3745	1885	0.9908213
3745	223	0.987266
3745	838	0.98533523
3745	2395	0.981212
3745	1021	0.9500402
3745	538	0.9390018
3745	317	0.9355237
3746	1270	0.999455
3746	1059	0.9993689
3746	1784	0.9988282
3746	3421	0.9977187
3746	2918	0.99582636
3746	1704	0.9899207
3746	2657	0.98742306
3746	1200	0.98467064
3746	1219	0.9813862
3746	21	0.9741465
3747	1562	0.9999155
3747	2858	0.99895537
3747	2683	0.9964375
3747	1339	0.99628615
3747	608	0.99566233
3747	1208	0.99467665
3747	866	0.98961115
3747	2262	0.97977394
3747	1468	0.974911
3747	3044	0.96332663
3748	3210	0.9994165
3748	2791	0.9990128
3748	2174	0.99893427
3748	2918	0.99248195
3748	1194	0.9678718
3748	111	0.94185823
3748	2352	0.90526855
3748	36	0.8785017
3748	1285	0.8270962
3748	2000	0.58234346
3749	1625	0.9997586
3749	2028	0.99552345
3749	2916	0.99117804
3749	587	0.9784188
3749	589	0.94787
3749	50	0.8600104
3749	480	0.8351091
3749	1407	0.8334539
3749	1747	0.8239733
3749	2770	0.77563006
3750	2997	0.99727404
3750	2791	0.99188936
3750	1270	0.9834529
3750	3421	0.97431767
3750	1784	0.9551467
3750	2899	0.95365655
3750	2396	0.89705634
3750	2289	0.88796914
3750	3093	0.851629
3750	1196	0.81966114
3751	1265	0.9999814
3751	11	0.99964976
3751	3108	0.98959523
3751	339	0.9826876
3751	2863	0.9789773
3751	648	0.9781456
3751	318	0.9745089
3751	111	0.9682205
3751	1208	0.96817684
3751	2718	0.96462405
3752	2788	0.9980298
3752	955	0.9972998
3752	1220	0.996433
3752	2144	0.98348916
3752	1213	0.97177446
3752	428	0.9699445
3752	296	0.95886
3752	1704	0.9530135
3752	1073	0.950737
3752	2020	0.94824076
3753	2064	0.99999845
3753	1214	0.9989105
3753	1240	0.99861246
3753	1270	0.99849904
3753	1200	0.9900564
3753	318	0.98754287
3753	2794	0.9841353
3753	592	0.95237243
3753	597	0.93955374
3753	356	0.9341194
3754	3359	0.99948555
3754	2877	0.99834037
3754	2804	0.9753994
3754	1955	0.9714293
3754	3370	0.9185073
3754	2947	0.7713229
3754	2988	0.73426116
3754	2028	0.70461994
3754	2070	0.6952399
3754	3029	0.67595327
3755	923	0.9995497
3755	1225	0.9962793
3755	2580	0.99132735
3755	2581	0.9646661
3755	1269	0.93491614
3755	639	0.8723756
3755	213	0.86734414
3755	2359	0.8507747
3755	2622	0.75072205
3755	2599	0.5059408
3756	1835	0.9949045
3756	2046	0.9885081
3756	1416	0.98736894
3756	2371	0.98159015
3756	50	0.9777007
3756	1408	0.95291257
3756	420	0.9371065
3756	24	0.9341994
3756	2858	0.9235864
3756	914	0.92094123
3757	1270	0.9999734
3757	2987	0.9999105
3757	2000	0.9991472
3757	1610	0.991045
3757	1394	0.9868176
3757	377	0.97378474
3757	1961	0.9535835
3757	511	0.9429754
3757	2804	0.91738594
3757	1247	0.8910912
3758	2997	0.999977
3758	2858	0.9999584
3758	2966	0.9996746
3758	745	0.9902435
3758	296	0.98997223
3758	457	0.9892953
3758	3114	0.98330104
3758	720	0.98159134
3758	2889	0.96590114
3758	3006	0.9565333
3759	2791	0.9999326
3759	410	0.9996002
3759	2406	0.9984684
3759	1079	0.99780035
3759	1777	0.98906434
3759	2997	0.9793503
3759	2463	0.9773886
3759	223	0.97534966
3759	348	0.9617412
3759	1230	0.95458376
3760	3104	0.9996176
3760	10	0.99789524
3760	1213	0.97836584
3760	2	0.9627218
3760	2046	0.9561579
3760	3384	0.95271116
3760	1220	0.9247514
3760	1967	0.92411345
3760	1270	0.9202049
3760	2872	0.89887345
3761	1205	0.99933946
3761	2533	0.9972156
3761	1370	0.9899508
3761	1252	0.9876396
3761	1253	0.98531353
3761	2858	0.98276365
3761	1037	0.97840106
3761	1208	0.8739164
3761	288	0.8047625
3761	1396	0.7136278
3762	1327	0.9999026
3762	1267	0.99927926
3762	2530	0.98463064
3762	2182	0.9840629
3762	1391	0.9611052
3762	2053	0.9224334
3762	435	0.919762
3762	3203	0.9092897
3762	3033	0.90840125
3762	903	0.90467954
3763	2991	0.9999963
3763	2000	0.9991903
3763	3418	0.9990201
3763	2640	0.9982877
3763	2376	0.99551547
3763	112	0.9726726
3763	2880	0.96882606
3763	480	0.9672031
3763	1676	0.9523454
3763	2028	0.92120916
3764	1061	0.9999813
3764	450	0.9999163
3764	2383	0.99965477
3764	920	0.9992511
3764	1246	0.99697185
3764	1247	0.9955487
3764	2747	0.9870927
3764	111	0.9786247
3764	858	0.97000235
3764	1353	0.9244412
3765	2996	0.9998285
3765	2891	0.99980843
3765	3125	0.99889827
3765	3174	0.98962903
3765	3285	0.98402673
3765	3301	0.95695055
3765	1037	0.8334128
3765	1091	0.6779009
3765	2517	0.52772707
3765	3298	0.3049953
3766	3243	0.99669397
3766	1923	0.9962065
3766	1393	0.96729195
3766	2791	0.9139367
3766	1517	0.8911538
3766	3033	0.8842248
3766	3087	0.8597029
3766	39	0.7260782
3766	3210	0.656053
3766	224	0.5523082
3767	534	0.99963415
3767	3260	0.99859333
3767	36	0.98628706
3767	308	0.9580382
3767	1271	0.93970394
3767	1233	0.91923964
3767	1094	0.9177706
3767	1643	0.754444
3767	73	0.6084005
3767	1487	0.5042538
3768	2470	0.9999697
3768	2311	0.99990654
3768	2797	0.9996877
3768	3039	0.9956069
3768	1965	0.9909034
3768	3263	0.98990774
3768	1380	0.9889754
3768	1527	0.9836076
3768	2143	0.96733546
3768	1732	0.9609579
3769	235	0.9916874
3769	3152	0.98264503
3769	52	0.9537999
3769	2081	0.9448484
3769	1193	0.91630584
3769	344	0.90659964
3769	1289	0.8934934
3769	1078	0.89020455
3769	2770	0.889435
3769	1234	0.8880839
3770	1968	0.9973239
3770	969	0.9896269
3770	1210	0.98843855
3770	2918	0.98262036
3770	1243	0.98238635
3770	2289	0.9620249
3770	471	0.9619401
3770	733	0.9604848
3770	2194	0.9599557
3770	1277	0.88095605
3771	2454	0.997267
3771	1336	0.99463093
3771	2328	0.972138
3771	1587	0.9385276
3771	1953	0.8918803
3771	1129	0.8818033
3771	1848	0.8261441
3771	2519	0.77369916
3771	2161	0.73726547
3771	1009	0.6847049
3772	1609	0.9983613
3772	412	0.9980322
3772	345	0.979815
3772	2683	0.8079381
3772	1128	0.68695056
3772	2122	0.5297028
3772	1517	0.44338796
3772	2038	0.40104398
3772	1127	0.3798081
3772	1203	0.33887544
3773	370	0.99998796
3773	1270	0.999937
3773	520	0.99884903
3773	733	0.9940337
3773	527	0.9590077
3773	1784	0.9562417
3773	36	0.9396361
3773	1213	0.90557027
3773	3269	0.8956491
3773	1172	0.8652384
3774	296	0.9974126
3774	3060	0.9936261
3774	3147	0.9826749
3774	1126	0.9818908
3774	293	0.95752513
3774	2054	0.9499469
3774	2628	0.924986
3774	2916	0.92236376
3774	453	0.9105009
3774	589	0.9038036
3775	2791	0.99880207
3775	1923	0.9950561
3775	1265	0.99477434
3775	2352	0.99038696
3775	351	0.9871954
3775	489	0.9848294
3775	1294	0.9707072
3775	1136	0.94956785
3775	3087	0.94333375
3775	915	0.9419795
3776	3039	0.99962634
3776	3210	0.98569083
3776	3101	0.97532076
3776	2144	0.95522225
3776	1238	0.8400836
3776	1307	0.8144194
3776	2174	0.793168
3776	809	0.7147566
3776	1230	0.70849794
3776	2263	0.69405437
3777	945	0.9011159
3777	527	0.894009
3777	1735	0.8783176
3777	150	0.77609897
3777	904	0.7749521
3777	1376	0.7625937
3777	1259	0.64518297
3777	1912	0.6290292
3777	923	0.61995006
3777	858	0.55530626
3778	2003	0.9819069
3778	231	0.98034734
3778	3404	0.961756
3778	551	0.9569421
3778	2291	0.94758916
3778	532	0.94486403
3778	2353	0.91748846
3778	440	0.91376066
3778	173	0.9129069
3778	410	0.8999584
3779	902	0.9999928
3779	900	0.999159
3779	916	0.998809
3779	1947	0.9986193
3779	2037	0.99549866
3779	1571	0.9948656
3779	1046	0.9875628
3779	3097	0.9805238
3779	987	0.9610586
3779	969	0.9570745
3780	2081	0.9999945
3780	2804	0.99962807
3780	2005	0.9973941
3780	1129	0.99483436
3780	2423	0.99229234
3780	1387	0.9915173
3780	920	0.98640454
3780	1394	0.9861187
3780	2143	0.98585826
3780	2096	0.9827118
3781	1617	0.99978626
3781	296	0.99497706
3781	3255	0.98773146
3781	1805	0.9815346
3781	1711	0.97864723
3781	21	0.9654912
3781	527	0.9423939
3781	3155	0.92832834
3781	151	0.9213424
3781	3186	0.9171903
3782	1285	0.9999727
3782	2918	0.99965614
3782	1293	0.9936438
3782	541	0.992715
3782	1222	0.98983634
3782	1189	0.980699
3782	2313	0.94935226
3782	1150	0.90047073
3782	2020	0.79854786
3782	1297	0.71204233
3783	2080	0.99279046
3783	828	0.9927472
3783	2804	0.9884913
3783	1270	0.9843256
3783	1641	0.8510528
3783	914	0.7938371
3783	783	0.78938127
3783	3072	0.5895018
3783	595	0.5277202
3783	1022	0.3898612
3784	3006	0.9999407
3784	36	0.998197
3784	1721	0.9972676
3784	3179	0.99654055
3784	3408	0.9828752
3784	1704	0.97925013
3784	3148	0.97164994
3784	32	0.9604579
3784	1961	0.95426667
3784	3386	0.906713
3785	2683	0.9996929
3785	223	0.9339172
3785	2147	0.8349018
3785	1197	0.8011876
3785	1676	0.78670526
3785	2628	0.6853741
3785	2706	0.36530936
3785	1215	0.33642447
3785	316	0.32927868
3785	1225	0.29302478
3786	162	0.9972826
3786	2396	0.9837956
3786	608	0.98303115
3786	306	0.96564245
3786	2336	0.95465994
3786	527	0.76804835
3786	2762	0.67008173
3786	1176	0.5576967
3786	1219	0.5242694
3786	1952	0.5154212
3787	2393	0.96592486
3787	1356	0.82949984
3787	1374	0.19038752
3787	260	0.16861373
3787	2300	0.14655793
3787	1136	0.11138192
3787	2628	0.1006279
3787	1077	0.05806592
3787	529	0.053465784
3787	1375	0.044296682
3788	1307	0.82692385
3788	1196	0.82148767
3788	1238	0.50134224
3788	745	0.23020968
3788	1376	0.14901465
3788	2236	0.08469665
3788	2243	0.07883996
3788	424	0.057487845
3788	2716	0.05593875
3788	1247	0.03906116
3789	296	0.9994422
3789	1921	0.9960003
3789	1256	0.9954163
3789	235	0.9648132
3789	2716	0.94821405
3789	1213	0.94481134
3789	3044	0.9439858
3789	1244	0.94234884
3789	1394	0.9359541
3789	3219	0.92468184
3790	1270	0.9402679
3790	316	0.9195443
3790	1248	0.8827336
3790	1278	0.71898884
3790	1200	0.5965709
3790	327	0.52938175
3790	111	0.43480164
3790	3340	0.3941967
3790	1961	0.39332604
3790	1396	0.38443702
3791	3083	0.99995685
3791	1619	0.9994936
3791	246	0.9982048
3791	1704	0.99713373
3791	1243	0.99610734
3791	1224	0.99545443
3791	306	0.992146
3791	1653	0.9860203
3791	2481	0.9762813
3791	1840	0.9759604
3792	2717	0.99998903
3792	3072	0.9976625
3792	1200	0.9952611
3792	1945	0.9942942
3792	2324	0.98870575
3792	150	0.985529
3792	628	0.9840872
3792	2011	0.9817507
3792	1193	0.9797313
3792	597	0.97762907
3793	585	0.9978136
3793	719	0.99321127
3793	1042	0.9878507
3793	2249	0.98418176
3793	673	0.9818896
3793	551	0.96793723
3793	539	0.96060073
3793	2124	0.9390794
3793	1517	0.92961603
3793	252	0.9275261
3794	2770	0.9966205
3794	2355	0.9790105
3794	1970	0.96549153
3794	442	0.9320605
3794	1405	0.8928217
3794	2976	0.88312465
3794	1972	0.8609879
3794	2959	0.8219328
3794	2997	0.8132532
3794	611	0.75589836
3795	3177	0.9991927
3795	3174	0.9928007
3795	2427	0.9771161
3795	2706	0.9342954
3795	3173	0.9208987
3795	1895	0.901352
3795	2959	0.85361075
3795	2716	0.84716916
3795	2064	0.8102157
3795	2763	0.73990047
3796	2369	0.99897397
3796	1957	0.9988025
3796	1641	0.9939745
3796	3035	0.9934997
3796	2082	0.9860167
3796	1953	0.9747021
3796	2141	0.97055846
3796	500	0.9689361
3796	2145	0.965647
3796	2073	0.9524455
3797	1210	0.99959683
3797	2005	0.99894154
3797	986	0.99878776
3797	2871	0.9936197
3797	2968	0.98526835
3797	969	0.98275226
3797	1197	0.9824234
3797	34	0.9721335
3797	2248	0.97163594
3797	1967	0.9357883
3798	2762	0.9872395
3798	260	0.95164657
3798	593	0.9229512
3798	2858	0.8029663
3798	1221	0.75738657
3798	1097	0.5617017
3798	608	0.53346056
3798	32	0.50877595
3798	1089	0.30515438
3798	47	0.2873028
3799	3033	0.9999642
3799	1876	0.9992584
3799	610	0.9988386
3799	1779	0.99782073
3799	2091	0.992957
3799	504	0.9503274
3799	256	0.9469352
3799	589	0.91359264
3799	2346	0.8756559
3799	2851	0.85378397
3800	1240	0.9980188
3800	260	0.98566324
3800	480	0.9842477
3800	1093	0.9797882
3800	2001	0.9788407
3800	315	0.9600637
3800	1407	0.9343209
3800	1676	0.90590495
3800	2148	0.9014604
3800	648	0.89556456
3801	2560	0.9990043
3801	3018	0.9815289
3801	2377	0.8670447
3801	382	0.75320196
3801	2664	0.6056893
3801	1987	0.423697
3801	253	0.39394438
3801	2279	0.39054173
3801	968	0.32528028
3801	2902	0.3172158
3802	1461	0.9896414
3802	10	0.7265781
3802	2989	0.6130381
3802	1060	0.44940174
3802	276	0.4008438
3802	818	0.3675107
3802	2858	0.3193555
3802	2115	0.2076166
3802	1196	0.20712265
3802	587	0.20691583
3803	260	0.96170557
3803	1235	0.95040214
3803	673	0.89057094
3803	1244	0.88828444
3803	1193	0.7037315
3803	3034	0.3818308
3803	858	0.23091
3803	1210	0.09127161
3803	608	0.047608733
3803	1270	0.04118687
3804	253	0.999763
3804	188	0.99970496
3804	1391	0.99854857
3804	2692	0.99690986
3804	1500	0.9931037
3804	2167	0.9859241
3804	1237	0.9772867
3804	1994	0.9598783
3804	2186	0.9054558
3804	1717	0.84669566
3805	904	0.9990612
3805	2922	0.9798929
3805	858	0.9714849
3805	931	0.9387258
3805	2467	0.92008734
3805	2176	0.845958
3805	1221	0.78142744
3805	589	0.7577971
3805	3102	0.6784899
3805	260	0.6681193
3806	152	0.99722695
3806	2651	0.7767479
3806	2713	0.75588655
3806	2120	0.74673593
3806	2664	0.5021153
3806	330	0.42045453
3806	2107	0.4175684
3806	3024	0.3610648
3806	328	0.28139776
3806	1983	0.080947965
3807	2900	0.9713414
3807	2908	0.51563936
3807	2628	0.5130159
3807	1210	0.39908367
3807	1234	0.3645289
3807	1762	0.35319734
3807	2918	0.34621012
3807	3088	0.3224544
3807	1294	0.25665516
3807	2498	0.20967206
3808	2100	0.98258054
3808	916	0.8685594
3808	198	0.8521855
3808	2424	0.83165056
3808	2366	0.8277985
3808	474	0.8217957
3808	2167	0.8141735
3808	1175	0.7941388
3808	3060	0.7422763
3808	3052	0.7088945
3809	2944	0.999845
3809	1201	0.9941631
3809	969	0.96420693
3809	110	0.94836456
3809	1215	0.83384776
3809	1261	0.75871694
3809	1291	0.666631
3809	2867	0.64271945
3809	940	0.57847553
3809	1270	0.5352743
3810	3097	0.99567074
3810	260	0.9296942
3810	589	0.903913
3810	1197	0.84547055
3810	1035	0.8316591
3810	1994	0.7906354
3810	1221	0.7875949
3810	1678	0.7597129
3810	3404	0.62071645
3810	1219	0.58974826
3811	3210	1.0
3811	1270	0.99994135
3811	2797	0.99904644
3811	2804	0.9975543
3811	2985	0.9972112
3811	3071	0.9952129
3811	1222	0.97764796
3811	549	0.9734758
3811	1299	0.9612191
3811	162	0.9144715
3812	1240	0.9999107
3812	1019	0.9993861
3812	1200	0.9992577
3812	1610	0.99898595
3812	780	0.99854636
3812	1371	0.9932893
3812	2944	0.9924166
3812	1653	0.9881246
3812	2916	0.9877119
3812	1584	0.98714733
3813	923	0.9976926
3813	1213	0.99315464
3813	1219	0.9851042
3813	527	0.98279834
3813	678	0.94105375
3813	1254	0.9238987
3813	1206	0.8369223
3813	1304	0.8231102
3813	1265	0.82050234
3813	858	0.7487886
3814	1387	0.99853593
3814	1210	0.8811654
3814	1214	0.6409701
3814	34	0.4516016
3814	2000	0.36042798
3814	110	0.27510953
3814	1222	0.12722203
3814	260	0.1232149
3814	1225	0.11264995
3814	1242	0.079716414
3815	2997	0.99760115
3815	2395	0.9967725
3815	1136	0.9959084
3815	1201	0.9821464
3815	1663	0.8385217
3815	1204	0.79234946
3815	1257	0.7884143
3815	296	0.7350118
3815	1395	0.69699943
3815	2023	0.6091806
3816	902	0.9991438
3816	3308	0.9957759
3816	2987	0.9928034
3816	2011	0.990486
3816	3265	0.9875916
3816	2797	0.98545945
3816	2804	0.9633918
3816	1136	0.94209254
3816	3108	0.9404608
3816	2922	0.9125978
3817	1398	0.99855566
3817	377	0.99787873
3817	1265	0.9938673
3817	2381	0.9895257
3817	1408	0.97366923
3817	2046	0.9662176
3817	24	0.9581076
3817	1754	0.92030096
3817	48	0.91262674
3817	2396	0.8987422
3818	2699	0.9999727
3818	2694	0.9984317
3818	3016	0.9979166
3818	3409	0.99598634
3818	2502	0.99202746
3818	2881	0.98821986
3818	2394	0.9704095
3818	2333	0.9689392
3818	2598	0.964154
3818	2555	0.89250493
3819	1625	0.99845654
3819	1391	0.9970452
3819	3114	0.9929141
3819	196	0.9819627
3819	1485	0.9800002
3819	76	0.9760636
3819	1270	0.95794755
3819	1831	0.9426232
3819	1198	0.90647054
3819	65	0.84482646
3820	260	0.9999959
3820	2968	0.99998534
3820	1196	0.9989426
3820	1588	0.99741936
3820	2985	0.99697804
3820	1077	0.99590886
3820	2529	0.97689307
3820	1199	0.91496277
3820	2105	0.7263902
3820	1253	0.65017235
3821	1231	0.9838184
3821	1256	0.94158256
3821	2797	0.870697
3821	32	0.8688644
3821	1212	0.8622147
3821	2936	0.8001143
3821	2746	0.7917206
3821	1197	0.7674052
3821	1280	0.7652329
3821	2929	0.7422751
3822	3362	0.99908215
3822	593	0.9970654
3822	1387	0.99704456
3822	2395	0.97850823
3822	924	0.9781432
3822	2469	0.9620577
3822	1193	0.9577745
3822	2348	0.9529432
3822	1358	0.93653566
3822	1292	0.9265044
3823	1204	0.9982953
3823	3019	0.9980036
3823	1962	0.9959551
3823	175	0.96456647
3823	16	0.8976117
3823	1247	0.89598894
3823	2858	0.8838277
3823	1393	0.8449577
3823	164	0.8275778
3823	3072	0.76452124
3824	592	0.99639523
3824	541	0.99308753
3824	904	0.95806396
3824	1080	0.91907334
3824	2926	0.8503019
3824	17	0.8197114
3824	3267	0.80552113
3824	515	0.76285076
3824	2140	0.7421488
3824	161	0.741493
3825	592	0.99999964
3825	1307	0.998802
3825	1682	0.99857116
3825	1660	0.9942838
3825	2959	0.9851502
3825	1246	0.981766
3825	2944	0.97920465
3825	1256	0.97843724
3825	2640	0.9751546
3825	1466	0.96512276
3826	3163	0.9996859
3826	296	0.9968056
3826	3148	0.97758687
3826	2959	0.9711556
3826	3083	0.9596436
3826	1061	0.9459829
3826	2966	0.9222175
3826	3006	0.88065445
3826	1213	0.8192549
3826	2997	0.74593914
3827	849	0.9985299
3827	1608	0.99611926
3827	266	0.9844413
3827	1518	0.9734142
3827	780	0.9679586
3827	608	0.95571154
3827	349	0.933946
3827	1459	0.9054538
3827	1393	0.8897892
3827	1625	0.84625393
3828	2529	0.99487007
3828	1562	0.97223556
3828	1240	0.9553545
3828	1253	0.62018347
3828	1097	0.5058636
3828	1350	0.36576685
3828	610	0.35084543
3828	1584	0.26509646
3828	2916	0.25934666
3828	533	0.23429668
3829	1358	0.9975964
3829	480	0.9930239
3829	1081	0.9928566
3829	2433	0.9909222
3829	527	0.98452586
3829	3156	0.9798206
3829	232	0.9357856
3829	1357	0.9299704
3829	597	0.9190177
3829	342	0.90090173
3830	1694	0.99746835
3830	1945	0.9970885
3830	1704	0.99319077
3830	919	0.98636734
3830	3260	0.98556566
3830	2764	0.97444946
3830	318	0.9573158
3830	3006	0.9536739
3830	1196	0.9257765
3830	3072	0.9187989
3831	457	0.9997746
3831	1597	0.99760234
3831	1388	0.97638744
3831	160	0.97600067
3831	2000	0.9674121
3831	1584	0.9579948
3831	1711	0.9564574
3831	2391	0.9562414
3831	1694	0.9248996
3831	1127	0.9044181
3832	2677	0.9891777
3832	246	0.98446494
3832	1280	0.97591853
3832	3083	0.9578934
3832	3298	0.94541276
3832	858	0.9271568
3832	1358	0.9219781
3832	1533	0.89711636
3832	3101	0.87147534
3832	1189	0.8440075
3833	2006	0.99975157
3833	163	0.9982554
3833	364	0.9925684
3833	2700	0.98870534
3833	2291	0.98856616
3833	50	0.96707064
3833	47	0.966545
3833	466	0.9654012
3833	2137	0.96509564
3833	3267	0.9569906
3834	2792	0.95281005
3834	145	0.943818
3834	2054	0.9270792
3834	1485	0.89018035
3834	3213	0.8839511
3834	2000	0.878062
3834	2858	0.8753456
3834	2826	0.8588408
3834	1059	0.8418535
3834	1569	0.82365173
3835	3301	0.9975811
3835	1617	0.99388736
3835	2302	0.97973955
3835	3326	0.9717823
3835	1235	0.94422996
3835	1089	0.91710836
3835	3408	0.8998189
3835	3176	0.8846909
3835	145	0.84989667
3835	1968	0.84744704
3836	1711	0.99197036
3836	2366	0.98802423
3836	1792	0.97820956
3836	1287	0.9508358
3836	1912	0.9381443
3836	1732	0.93410337
3836	1544	0.92045295
3836	2294	0.91062975
3836	1225	0.8735351
3836	928	0.8172463
3837	1721	0.9963125
3837	1036	0.995834
3837	1994	0.99277604
3837	3363	0.98033476
3837	1307	0.9797426
3837	2918	0.97439295
3837	1247	0.9708762
3837	456	0.94114614
3837	296	0.8993449
3837	235	0.88725567
3838	950	0.9516209
3838	3155	0.7869369
3838	477	0.72188216
3838	3408	0.6456503
3838	2941	0.5372429
3838	3117	0.5154354
3838	2997	0.489209
3838	1088	0.28348517
3838	2889	0.2514133
3838	110	0.20253417
3839	3101	0.9981562
3839	1617	0.9981379
3839	112	0.9972804
3839	1918	0.99180716
3839	2762	0.97483325
3839	780	0.9680109
3839	2916	0.9578789
3839	2058	0.9560933
3839	2321	0.9482766
3839	2126	0.9400326
3840	1225	0.999954
3840	34	0.9986825
3840	1246	0.9957738
3840	527	0.99197423
3840	608	0.9914827
3840	480	0.98915577
3840	2791	0.9891182
3840	1293	0.9863055
3840	3421	0.97733766
3840	2081	0.9490423
3841	2617	0.99127764
3841	3424	0.98763585
3841	2248	0.97540486
3841	1097	0.94862115
3841	2915	0.9037734
3841	1927	0.8659977
3841	1242	0.8487535
3841	434	0.8391145
3841	1282	0.8233572
3841	1371	0.8170709
3842	2064	0.9949082
3842	965	0.98699653
3842	356	0.91047776
3842	2902	0.9022752
3842	2770	0.84644127
3842	104	0.82529855
3842	441	0.69934297
3842	2973	0.6545499
3842	2006	0.65055656
3842	2427	0.62392277
3843	1732	0.99881434
3843	2599	0.99758977
3843	1446	0.99096847
3843	2396	0.9707509
3843	1641	0.9694632
3843	2384	0.9693711
3843	2572	0.95520526
3843	52	0.95425993
3843	3415	0.9446974
3843	2690	0.9346969
3844	2668	0.9999317
3844	1387	0.99991345
3844	2747	0.9956601
3844	1972	0.98738706
3844	1863	0.97642267
3844	1688	0.93181026
3844	2804	0.9316193
3844	2657	0.927472
3844	2959	0.9142591
3844	2374	0.90664124
3845	2985	0.9998275
3845	541	0.98828375
3845	1278	0.9661602
3845	1235	0.9530966
3845	1097	0.9487125
3845	1136	0.9454146
3845	1214	0.9427076
3845	2054	0.938524
3845	2407	0.9184503
3845	1206	0.8816254
3846	3039	0.99999785
3846	1968	0.9986298
3846	2518	0.99857306
3846	2997	0.9961647
3846	2000	0.9498144
3846	1307	0.94275725
3846	2076	0.9391532
3846	2174	0.88337576
3846	2804	0.69295734
3846	1120	0.68913007
3847	1711	0.9668362
3847	1101	0.95861095
3847	3052	0.95428514
3847	1265	0.91976726
3847	2571	0.89615023
3847	1278	0.89277005
3847	1	0.8925775
3847	2335	0.88240474
3847	442	0.8700596
3847	2167	0.8589431
3848	3246	0.999524
3848	2908	0.99935627
3848	2997	0.9939774
3848	2420	0.9537903
3848	1028	0.94792795
3848	232	0.92298377
3848	3238	0.9159912
3848	2109	0.9042196
3848	1234	0.883722
3848	1230	0.81409025
3849	589	0.99935687
3849	750	0.987901
3849	2140	0.9851289
3849	2533	0.94019026
3849	1965	0.9223304
3849	2553	0.9205015
3849	260	0.86700135
3849	541	0.7000521
3849	1376	0.4404349
3849	1286	0.32320544
3850	1393	0.9935311
3850	3252	0.982579
3850	2571	0.9810202
3850	2713	0.94700086
3850	342	0.92060935
3850	1266	0.91993105
3850	2883	0.9105075
3850	6	0.8989286
3850	1120	0.8838663
3850	1584	0.8727323
3851	367	0.97778046
3851	24	0.9082268
3851	1282	0.8659341
3851	2028	0.863019
3851	2908	0.597642
3851	3273	0.54118866
3851	356	0.38747898
3851	2395	0.35170984
3851	2724	0.21237683
3851	2793	0.17092425
3852	2109	0.986514
3852	3114	0.98335624
3852	1077	0.97908306
3852	913	0.97497046
3852	1196	0.954692
3852	922	0.9084016
3852	1178	0.86145055
3852	3160	0.83900344
3852	2670	0.8341338
3852	260	0.8297719
3853	2403	0.99956
3853	2058	0.999452
3853	507	0.99521506
3853	153	0.9921901
3853	2006	0.98661864
3853	924	0.9781927
3853	2490	0.9765267
3853	2788	0.9703894
3853	1375	0.94943917
3853	1792	0.94693094
3854	1213	0.99996054
3854	3101	0.991415
3854	223	0.97750175
3854	593	0.97358125
3854	428	0.9708698
3854	1095	0.9417709
3854	1810	0.9309165
3854	161	0.9111397
3854	356	0.8823663
3854	2959	0.79466677
3855	329	0.9999401
3855	1722	0.9993986
3855	368	0.99922156
3855	198	0.9989381
3855	1916	0.996359
3855	2393	0.9763836
3855	442	0.93586814
3855	464	0.91450095
3855	2616	0.8813919
3855	1385	0.8780644
3856	2173	0.99944586
3856	1214	0.99895823
3856	2505	0.9752187
3856	2015	0.94939095
3856	588	0.92279404
3856	1203	0.86578095
3856	1688	0.6482466
3856	1544	0.5382519
3856	1831	0.4797194
3856	344	0.4153446
3857	1028	0.9999807
3857	1270	0.99987763
3857	2716	0.94914675
3857	1517	0.94710445
3857	2111	0.938988
3857	2423	0.9007435
3857	3361	0.8680028
3857	1080	0.7987684
3857	1394	0.757799
3857	1307	0.5996432
3858	898	0.9985969
3858	2136	0.9978751
3858	28	0.9935106
3858	2369	0.9932599
3858	2640	0.9894556
3858	1198	0.98650545
3858	1196	0.9806355
3858	926	0.97426426
3858	2020	0.9739331
3858	1097	0.9692545
3859	1527	0.99985325
3859	377	0.986936
3859	785	0.9850677
3859	653	0.98404956
3859	2762	0.9830611
3859	110	0.9819071
3859	553	0.9806156
3859	1457	0.9776261
3859	2167	0.9481894
3859	2712	0.93823373
3860	2553	0.9992087
3860	1690	0.9918585
3860	3219	0.98993635
3860	1224	0.9883293
3860	2856	0.98093164
3860	2985	0.9797739
3860	1653	0.9769413
3860	1320	0.96454275
3860	2117	0.903114
3860	2713	0.90092254
3861	223	0.99962413
3861	1198	0.9996208
3861	2340	0.9995329
3861	3300	0.9985991
3861	3007	0.99844027
3861	1639	0.9968178
3861	1358	0.99603224
3861	2762	0.9954456
3861	337	0.98526907
3861	3186	0.9784943
3862	2997	0.9828688
3862	1617	0.976207
3862	50	0.9735034
3862	318	0.9603412
3862	2858	0.8919173
3862	593	0.8713387
3862	1280	0.82880276
3862	2686	0.48864734
3862	2324	0.3936976
3862	260	0.2518829
3863	377	0.9999845
3863	480	0.996536
3863	356	0.9955293
3863	648	0.99435866
3863	1653	0.9788773
3863	380	0.9589521
3863	145	0.95731807
3863	1370	0.9291596
3863	474	0.90371245
3863	3256	0.8716594
3864	2396	0.9998955
3864	1228	0.99967384
3864	1233	0.99925673
3864	1230	0.9989044
3864	2454	0.99798834
3864	1358	0.99538946
3864	1721	0.9948058
3864	954	0.994637
3864	2728	0.9873579
3864	3363	0.97517365
3865	3186	1.0
3865	3355	1.0
3865	3189	0.99786204
3865	3148	0.9890964
3865	3326	0.9758278
3865	3299	0.9446931
3865	3146	0.9057752
3865	3285	0.8815369
3865	2997	0.87280166
3865	3276	0.55983233
3866	2527	0.9999118
3866	2686	0.9970213
3866	1590	0.99622536
3866	3176	0.99592274
3866	2763	0.99507934
3866	1215	0.9913217
3866	350	0.9779383
3866	1036	0.95860195
3866	2280	0.92060924
3866	2490	0.9153897
3867	2366	0.99890643
3867	1127	0.9960263
3867	1303	0.99376136
3867	1254	0.9928675
3867	1580	0.9920075
3867	1214	0.98729295
3867	1240	0.98693794
3867	969	0.9827883
3867	2105	0.97632027
3867	2193	0.97035086
3868	647	0.99380004
3868	2268	0.9888071
3868	1639	0.97559696
3868	22	0.97321135
3868	1758	0.96058655
3868	2827	0.95847374
3868	2706	0.9581753
3868	2336	0.9567978
3868	788	0.95612466
3868	1954	0.9448297
3869	2699	0.9993218
3869	2366	0.92902786
3869	1381	0.89297235
3869	2805	0.77571833
3869	1201	0.76533866
3869	2889	0.7340922
3869	2716	0.59251225
3869	480	0.59037286
3869	1127	0.58536667
3869	3113	0.5708111
3870	3052	0.98032814
3870	2997	0.9539376
3870	3051	0.8293685
3870	1721	0.5890719
3870	2804	0.55913496
3870	2918	0.45789906
3870	2248	0.2926064
3870	3081	0.24999171
3870	3174	0.15002665
3870	3250	0.11470604
3871	2706	0.9972478
3871	1517	0.9933033
3871	223	0.98280144
3871	2759	0.9559376
3871	1968	0.9224676
3871	2918	0.9180229
3871	3361	0.9113083
3871	1923	0.9087939
3871	1210	0.78598094
3871	785	0.7716107
3872	608	0.9996823
3872	1244	0.98372215
3872	2369	0.9774609
3872	2997	0.9681909
3872	46	0.87821984
3872	3147	0.8658918
3872	1732	0.84475726
3872	3108	0.78534776
3872	25	0.7335779
3872	361	0.67239034
3873	232	0.99954975
3873	2072	0.9963705
3873	110	0.98221946
3873	34	0.8108996
3873	1588	0.7212628
3873	2471	0.7164764
3873	588	0.61519337
3873	2949	0.45520696
3873	2793	0.43779328
3873	1499	0.36574492
3874	1253	0.99662673
3874	2916	0.9956399
3874	780	0.994183
3874	2530	0.9739098
3874	2553	0.96994305
3874	1200	0.9497404
3874	1077	0.8751986
3874	3070	0.841272
3874	2021	0.82416344
3874	2668	0.77497566
3875	1911	0.99849546
3875	1127	0.98064977
3875	2408	0.96661735
3875	2710	0.93070954
3875	1246	0.92592955
3875	785	0.79755056
3875	968	0.5909197
3875	2572	0.5591046
3875	2719	0.5313396
3875	1961	0.45958403
3876	296	0.99860036
3876	2692	0.9937255
3876	593	0.9786904
3876	2959	0.9645698
3876	481	0.9492459
3876	1378	0.8805995
3876	2000	0.831023
3876	2762	0.7394054
3876	2997	0.5085084
3876	1089	0.42769194
3877	260	0.9991696
3877	1147	0.9991418
3877	1111	0.9975826
3877	1649	0.9974614
3877	1189	0.9871053
3877	1185	0.955394
3877	3388	0.79581916
3877	2870	0.6631785
3877	2891	0.64968634
3877	2150	0.6227495
3878	380	0.9968849
3878	1262	0.9894971
3878	1234	0.9855031
3878	2067	0.9830261
3878	2915	0.96620095
3878	1240	0.9623734
3878	2020	0.9618725
3878	2944	0.9343834
3878	34	0.93266034
3878	500	0.9139354
3879	1587	0.999961
3879	2001	0.9997554
3879	2002	0.99952817
3879	673	0.98657495
3879	3175	0.975289
3879	2413	0.96687
3879	780	0.8968444
3879	1304	0.7362857
3879	1261	0.6615312
3879	858	0.5903334
3880	919	0.9999893
3880	1302	0.99992037
3880	1136	0.9977956
3880	318	0.9928307
3880	920	0.98600245
3880	1247	0.98336726
3880	1090	0.9700704
3880	1358	0.9582704
3880	2728	0.954521
3880	2268	0.952197
3881	39	0.9997306
3881	1883	0.9983223
3881	440	0.9943011
3881	356	0.98548937
3881	1257	0.87229234
3881	434	0.6796907
3881	1517	0.63120997
3881	2706	0.5569166
3881	110	0.52075464
3881	141	0.51334417
3882	1245	0.9999712
3882	1094	0.9974851
3882	175	0.98616487
3882	1219	0.9487145
3882	111	0.9290394
3882	2001	0.88942003
3882	1639	0.8620571
3882	1699	0.8147891
3882	778	0.81435645
3882	198	0.8052012
3883	2997	0.9995036
3883	3125	0.9879294
3883	3148	0.9804175
3883	3408	0.98024154
3883	3326	0.88979256
3883	3177	0.8085768
3883	2949	0.6435385
3883	2889	0.52511585
3883	3051	0.42764816
3883	3163	0.40245205
3884	1968	0.99960554
3884	2407	0.9989446
3884	2021	0.9889883
3884	1220	0.97535473
3884	1694	0.9596331
3884	2716	0.9285728
3884	2985	0.8945177
3884	861	0.8909346
3884	36	0.8695556
3884	2028	0.8610623
3885	1200	0.99998915
3885	2064	0.9966724
3885	1961	0.99236244
3885	1260	0.96641505
3885	2527	0.8791809
3885	235	0.84608614
3885	551	0.8364061
3885	919	0.8013774
3885	1289	0.79464185
3885	1385	0.7471727
3886	1320	0.9895307
3886	2858	0.95114094
3886	480	0.9500996
3886	1350	0.88504326
3886	1748	0.83375496
3886	1375	0.69508064
3886	1387	0.58872676
3886	2054	0.5865192
3886	2628	0.5133351
3886	1230	0.4875918
3887	592	0.9995254
3887	1050	0.99130666
3887	1673	0.98913753
3887	2959	0.98013675
3887	923	0.96896255
3887	517	0.935979
3887	650	0.9233968
3887	2406	0.8685528
3887	1041	0.8681289
3887	2140	0.8667724
3888	902	0.987792
3888	527	0.9864131
3888	1247	0.9639507
3888	940	0.96033144
3888	1293	0.9495037
3888	1267	0.9432985
3888	1259	0.9361092
3888	916	0.933388
3888	3030	0.8880508
3888	3424	0.88795
3889	968	0.99990916
3889	608	0.99556303
3889	1273	0.9801336
3889	1204	0.97811353
3889	902	0.9438448
3889	2936	0.9422506
3889	3075	0.920308
3889	1261	0.89821494
3889	1465	0.84787583
3889	1254	0.8358796
3890	3253	0.99966264
3890	2302	0.99840134
3890	1968	0.99733424
3890	2174	0.99621874
3890	356	0.9828075
3890	2716	0.97823185
3890	480	0.9734404
3890	39	0.92543924
3890	1732	0.90053785
3890	2915	0.85438013
3891	2565	0.99621296
3891	935	0.9945581
3891	2863	0.99161243
3891	2946	0.98763597
3891	924	0.9852376
3891	1794	0.98084843
3891	1050	0.97869
3891	62	0.97689253
3891	1252	0.97078234
3891	2859	0.9498937
3892	1917	0.9994085
3892	1179	0.9980452
3892	1036	0.9977095
3892	34	0.9940347
3892	275	0.99059194
3892	1214	0.98803407
3892	1097	0.9872711
3892	223	0.98465407
3892	898	0.9798279
3892	2143	0.9733541
3893	2972	0.795634
3893	2704	0.7583639
3893	2381	0.53416055
3893	969	0.29478687
3893	1428	0.26873314
3893	779	0.25220364
3893	2122	0.25153318
3893	3162	0.13274443
3893	2748	0.10346699
3893	889	0.10252872
3894	1206	0.99723613
3894	2959	0.99653864
3894	904	0.99607754
3894	3362	0.9920857
3894	2028	0.99113667
3894	1	0.9824692
3894	923	0.98078483
3894	1204	0.9767136
3894	1266	0.9735677
3894	2987	0.95658505
3895	1059	1.0
3895	915	0.9969233
3895	1265	0.9968152
3895	1834	0.97862923
3895	85	0.94162095
3895	3108	0.92460734
3895	899	0.9148431
3895	356	0.86051786
3895	1198	0.8373911
3895	461	0.82405293
3896	1991	0.9963401
3896	1974	0.99110055
3896	3081	0.9858049
3896	1222	0.97405565
3896	1388	0.97067857
3896	1200	0.9693706
3896	1215	0.9164057
3896	2369	0.9014723
3896	1690	0.8296858
3896	1265	0.7811347
3897	2022	0.99394554
3897	2376	0.9904383
3897	3418	0.96373874
3897	1303	0.8992936
3897	2535	0.8069431
3897	858	0.59863275
3897	2518	0.5458265
3897	1252	0.45193392
3897	3062	0.40623516
3897	1939	0.4059372
3898	2202	0.99926066
3898	919	0.9972203
3898	2728	0.97587144
3898	1179	0.95548964
3898	1256	0.90407205
3898	1198	0.8667339
3898	1238	0.85653585
3898	2020	0.8224604
3898	3204	0.8072822
3898	1230	0.699651
3899	2355	0.9999936
3899	2700	0.99660754
3899	2109	0.9850329
3899	288	0.96930027
3899	50	0.96444386
3899	908	0.8639331
3899	2762	0.61938655
3899	2761	0.52115387
3899	3408	0.4511844
3899	2490	0.403968
3900	1615	0.9999952
3900	2804	0.9865673
3900	1097	0.98445654
3900	3176	0.9780508
3900	2011	0.96949565
3900	364	0.95111835
3900	2871	0.9502124
3900	1188	0.93284935
3900	2802	0.9223436
3900	2194	0.9167997
3901	2712	0.999966
3901	2997	0.9976647
3901	3005	0.995111
3901	2826	0.99073696
3901	3052	0.97997785
3901	2707	0.94813836
3901	3063	0.7486975
3901	2694	0.53196186
3901	2541	0.51575786
3901	3273	0.49014512
3902	2990	0.9857521
3902	1233	0.98425436
3902	2916	0.97257066
3902	1200	0.96912706
3902	2409	0.94421566
3902	2944	0.93755054
3902	2403	0.9223448
3902	1127	0.92223036
3902	3062	0.914503
3902	2948	0.87195146
3903	3363	0.9996584
3903	1193	0.9992147
3903	2657	0.9989478
3903	3421	0.99575955
3903	2367	0.99558544
3903	1252	0.9946995
3903	3101	0.98592633
3903	1270	0.97989374
3903	1345	0.97077906
3903	2423	0.9483056
3904	1205	0.99423444
3904	223	0.9918355
3904	252	0.9905915
3904	1197	0.98977995
3904	2297	0.9848036
3904	1196	0.9825766
3904	1653	0.97706115
3904	39	0.9756479
3904	11	0.96130496
3904	318	0.9560451
3905	780	0.99996114
3905	260	0.99939317
3905	2028	0.99932575
3905	1395	0.9989555
3905	1193	0.9969882
3905	316	0.99621975
3905	1391	0.9958727
3905	1221	0.994709
3905	110	0.9892246
3905	1372	0.9853226
3906	1198	0.9999137
3906	2000	0.9517324
3906	3029	0.82647884
3906	2288	0.80409104
3906	1242	0.66443586
3906	1196	0.41829908
3906	1127	0.34743953
3906	2406	0.2786321
3906	2571	0.20123726
3906	3366	0.17215925
3907	3072	0.9999782
3907	2587	0.9997801
3907	380	0.99952006
3907	441	0.99885374
3907	1641	0.99792004
3907	1409	0.9913418
3907	356	0.98698485
3907	2355	0.96778977
3907	104	0.9655022
3907	1732	0.9648203
3908	105	0.9996071
3908	58	0.9991409
3908	461	0.9908976
3908	2599	0.9901748
3908	111	0.990152
3908	446	0.9892922
3908	3007	0.98829126
3908	222	0.9609086
3908	1188	0.95725477
3908	3150	0.9545554
3909	2694	1.0
3909	2710	0.99999964
3909	1513	0.99999464
3909	2706	0.9972892
3909	2772	0.99093914
3909	2759	0.9415213
3909	2699	0.9325143
3909	2383	0.8817374
3909	2371	0.84080386
3909	2723	0.82369727
3910	2194	0.99984187
3910	1769	0.99409956
3910	1214	0.9938966
3910	497	0.9922341
3910	1294	0.988837
3910	1198	0.980785
3910	442	0.97559655
3910	10	0.9519838
3910	3062	0.92640275
3910	2948	0.9203725
3911	3176	0.9923106
3911	3147	0.98232186
3911	2001	0.93479025
3911	1387	0.9077761
3911	1625	0.77607226
3911	1732	0.69193816
3911	3263	0.52887684
3911	2580	0.50642294
3911	2416	0.42634854
3911	1639	0.40168077
3912	1946	0.9994034
3912	2947	0.99880534
3912	1721	0.99874955
3912	3159	0.9960964
3912	1036	0.99345875
3912	2366	0.9911844
3912	2716	0.9804758
3912	1193	0.97475076
3912	3362	0.9730762
3912	1907	0.9646145
3913	2699	0.9992206
3913	21	0.9925758
3913	2108	0.98463696
3913	3072	0.96915424
3913	1378	0.95861715
3913	2174	0.91352177
3913	2359	0.9058553
3913	1967	0.8631417
3913	1079	0.792711
3913	1721	0.790468
3914	288	0.9999984
3914	786	0.99903667
3914	780	0.9981741
3914	318	0.98982143
3914	1089	0.9882238
3914	1339	0.98309183
3914	2746	0.9808137
3914	1258	0.9596305
3914	1544	0.9533817
3914	162	0.91129935
3915	3408	0.99608123
3915	3174	0.9947736
3915	260	0.7369374
3915	223	0.7116707
3915	2126	0.5906271
3915	2997	0.20330316
3915	1193	0.17184207
3915	3273	0.12957063
3915	2959	0.12731269
3915	2706	0.07399899
3916	1371	0.99958885
3916	2406	0.9658593
3916	175	0.9596068
3916	3418	0.95378006
3916	1220	0.9480109
3916	3081	0.9353728
3916	173	0.9329075
3916	1213	0.9131258
3916	2009	0.91019857
3916	608	0.9032757
3917	356	0.99839133
3917	2762	0.9947256
3917	454	0.9922596
3917	367	0.9918223
3917	2505	0.9609709
3917	2916	0.93619835
3917	1370	0.84748054
3917	648	0.75251544
3917	1214	0.7481921
3917	2706	0.63014424
3918	2710	0.98800147
3918	2706	0.98183036
3918	1093	0.17340344
3918	2997	0.15464774
3918	1911	0.12174907
3918	1299	0.10443881
3918	1225	0.09647673
3918	2555	0.06939736
3918	2826	0.0534122
3918	111	0.05268556
3919	3145	0.99741936
3919	3175	0.98811764
3919	2716	0.9848327
3919	2000	0.9760621
3919	3185	0.9631976
3919	3178	0.8907218
3919	2959	0.830544
3919	434	0.8193754
3919	2882	0.81420237
3919	1721	0.80120444
3920	1093	0.99996746
3920	2710	0.995432
3920	589	0.9949547
3920	2355	0.9532549
3920	2805	0.90522015
3920	3113	0.87670803
3920	2987	0.74964607
3920	3016	0.7055973
3920	2716	0.6270492
3920	919	0.5541769
3921	1213	0.99998885
3921	1266	0.9966737
3921	3147	0.85860366
3921	1	0.8284088
3921	3006	0.82391083
3921	3173	0.7925079
3921	3101	0.723786
3921	36	0.6291927
3921	1586	0.60967016
3921	3250	0.43903798
3922	2249	0.9999579
3922	586	0.9996569
3922	1367	0.9986119
3922	2463	0.9971889
3922	2134	0.99718505
3922	1648	0.99706227
3922	333	0.9951215
3922	440	0.9935515
3922	1895	0.9921708
3922	2470	0.9880848
3923	2346	0.99653953
3923	2640	0.99426377
3923	750	0.9784221
3923	2034	0.97499603
3923	2046	0.95835423
3923	2968	0.88809335
3923	2532	0.8491994
3923	1200	0.8162862
3923	2531	0.8063802
3923	2916	0.78396535
3924	2793	0.9998397
3924	3249	0.99950826
3924	1617	0.9889426
3924	2997	0.94454485
3924	2467	0.92293763
3924	1258	0.92023087
3924	1193	0.78302646
3924	3102	0.73191035
3924	2858	0.6007348
3924	1198	0.5312058
3925	2541	0.98649323
3925	1499	0.9792561
3925	1270	0.9556509
3925	3004	0.95494795
3925	2762	0.7561332
3925	1089	0.68622375
3925	3408	0.68559235
3925	2827	0.67813647
3925	3174	0.5196464
3925	413	0.44250152
3926	2643	0.9917456
3926	111	0.8665663
3926	3424	0.8553064
3926	1193	0.84633654
3926	3176	0.7877375
3926	2949	0.7614589
3926	1213	0.625971
3926	3386	0.6024728
3926	1594	0.5021535
3926	25	0.49820334
3927	358	0.99981284
3927	2501	0.99860597
3927	364	0.9917789
3927	457	0.98620546
3927	1573	0.9794711
3927	1215	0.9488836
3927	2302	0.9475678
3927	318	0.92644715
3927	708	0.8975179
3927	1	0.8715507
3928	480	0.99615586
3928	1089	0.9660922
3928	1527	0.5927801
3928	788	0.5205205
3928	457	0.41931173
3928	2804	0.40364224
3928	3175	0.3711084
3928	198	0.33710343
3928	1584	0.26863164
3928	1391	0.24296996
3929	2746	0.995294
3929	1370	0.9879112
3929	1961	0.957674
3929	296	0.95690334
3929	592	0.8602978
3929	2628	0.838055
3929	2826	0.8327439
3929	1259	0.8015797
3929	1291	0.7342227
3929	2405	0.66819304
3930	3072	0.9999809
3930	196	0.9969153
3930	110	0.9951186
3930	2028	0.9934175
3930	1617	0.99301064
3930	2406	0.97409177
3930	3107	0.95582104
3930	951	0.9381443
3930	945	0.925246
3930	2699	0.91548276
3931	1639	0.999045
3931	3006	0.99381065
3931	916	0.9880667
3931	2541	0.9876549
3931	2702	0.98617667
3931	3081	0.9860572
3931	2976	0.98165554
3931	2302	0.9811784
3931	2599	0.9744087
3931	2701	0.96738255
3932	2922	0.99999875
3932	2478	0.9999505
3932	2867	0.9981663
3932	3074	0.9981183
3932	1209	0.9937885
3932	210	0.9836638
3932	2463	0.9268387
3932	416	0.81287086
3932	1266	0.72594994
3932	1379	0.67483336
3933	2355	0.99780935
3933	162	0.972347
3933	595	0.9548534
3933	2599	0.9485425
3933	588	0.90040916
3933	2384	0.88779205
3933	2997	0.87925357
3933	577	0.78197515
3933	3362	0.66854656
3933	2936	0.49620092
3934	1010	0.9985558
3934	317	0.99764526
3934	1875	0.9588547
3934	1097	0.9502202
3934	1321	0.922529
3934	66	0.9118041
3934	1513	0.8780857
3934	950	0.85213256
3934	1276	0.830279
3934	1230	0.83013785
3935	2389	0.99652874
3935	153	0.99268985
3935	3362	0.98339313
3935	2770	0.97809464
3935	1394	0.84367776
3935	2797	0.8416715
3935	3408	0.8403234
3935	22	0.77400434
3935	39	0.71087044
3935	2542	0.43083996
3936	1547	0.99678326
3936	745	0.9940619
3936	2571	0.9530648
3936	661	0.9306611
3936	318	0.9160056
3936	1827	0.88388556
3936	1772	0.87493217
3936	589	0.8593842
3936	1921	0.8533897
3936	1210	0.8294361
3937	377	0.99941945
3937	1270	0.9987947
3937	1408	0.9715339
3937	2396	0.91888535
3937	2763	0.85045123
3937	1097	0.8490982
3937	2077	0.8337259
3937	861	0.8305107
3937	1035	0.7619846
3937	3265	0.75140584
3938	2716	0.9434679
3938	2324	0.82864165
3938	1193	0.4558166
3938	1513	0.3322305
3938	2599	0.324131
3938	407	0.26911926
3938	2770	0.22637725
3938	480	0.22628173
3938	2147	0.1386975
3938	2699	0.10477862
3939	1221	0.99987817
3939	3406	0.99596894
3939	2019	0.9838189
3939	306	0.87034774
3939	1212	0.6364637
3939	3265	0.6327599
3939	2023	0.59851795
3939	593	0.49692985
3939	290	0.47453648
3939	2186	0.43251973
3940	2628	0.9997184
3940	1693	0.9682389
3940	3101	0.94660914
3940	17	0.89567184
3940	1201	0.83680844
3940	32	0.8159947
3940	587	0.8049345
3940	919	0.72624695
3940	1258	0.709967
3940	2007	0.6969041
3941	842	0.99990475
3941	1690	0.99636865
3941	2428	0.993256
3941	3081	0.92865515
3941	2328	0.9039792
3941	2722	0.89420295
3941	2986	0.85094225
3941	1334	0.8135998
3941	1644	0.7668177
3941	2519	0.7530741
3942	2005	0.9997302
3942	70	0.99445534
3942	1994	0.9833554
3942	50	0.97848976
3942	1215	0.9604602
3942	170	0.9542526
3942	2094	0.9293437
3942	2657	0.92522705
3942	10	0.9133401
3942	3147	0.8978175
3943	1883	0.99966204
3943	3358	0.97935855
3943	440	0.62150663
3943	912	0.47102803
3943	3254	0.44383177
3943	32	0.41427305
3943	3247	0.33754086
3943	2424	0.33734408
3943	348	0.33043984
3943	910	0.3288175
3944	2918	0.998687
3944	3397	0.9985145
3944	3072	0.998214
3944	2000	0.9948255
3944	3398	0.9881848
3944	2858	0.97302485
3944	527	0.9712305
3944	3396	0.896658
3944	1079	0.88055766
3944	3114	0.7933214
3945	168	0.99984276
3945	2011	0.9976547
3945	1381	0.95619416
3945	2616	0.9415781
3945	1230	0.93856597
3945	1483	0.93816364
3945	1200	0.92855895
3945	1590	0.9196599
3945	3361	0.8839096
3945	1370	0.8619643
3946	2100	0.9999988
3946	2724	0.9994776
3946	2916	0.99905896
3946	2918	0.99258256
3946	2262	0.9925078
3946	1047	0.9868313
3946	1732	0.9830576
3946	2997	0.98144597
3946	1407	0.9790715
3946	2289	0.9772495
3947	541	0.9999554
3947	2454	0.9998653
3947	1377	0.99741715
3947	750	0.9930181
3947	2916	0.96512043
3947	1573	0.9639417
3947	2288	0.9545552
3947	50	0.9017382
3947	2657	0.89791834
3947	316	0.8451177
3948	2080	0.99856985
3948	1238	0.99802995
3948	2248	0.99746037
3948	1234	0.9973414
3948	3037	0.9959258
3948	2355	0.98669326
3948	3072	0.9857764
3948	1230	0.984385
3948	3022	0.95473886
3948	2700	0.9266132
3949	3365	0.97743136
3949	368	0.97415066
3949	2628	0.95092064
3949	260	0.7946147
3949	2023	0.77588755
3949	1221	0.76604575
3949	2380	0.7317685
3949	2476	0.72579885
3949	967	0.71133107
3949	2890	0.6701058
3950	2836	0.9988445
3950	367	0.9975088
3950	1	0.9911099
3950	39	0.98680216
3950	3253	0.98199654
3950	1339	0.9794588
3950	2395	0.969121
3950	2302	0.9375366
3950	45	0.8295485
3950	3155	0.8240485
3951	1291	0.99926513
3951	1370	0.9958128
3951	379	0.99536526
3951	110	0.9949922
3951	1240	0.9926642
3951	2916	0.9800787
3951	2288	0.9484627
3951	2355	0.92616904
3951	2078	0.91294056
3951	1379	0.9026023
3952	1367	0.99900985
3952	2123	0.9962046
3952	1784	0.9934216
3952	34	0.9914529
3952	952	0.94671345
3952	830	0.9426989
3952	232	0.8965369
3952	410	0.7996876
3952	2870	0.6287498
3952	1269	0.61099756
3953	2987	0.9986401
3953	153	0.99862826
3953	3114	0.99593985
3953	2167	0.99534124
3953	1197	0.99261665
3953	1377	0.9893788
3953	235	0.9879153
3953	480	0.98503715
3953	318	0.9808425
3953	2394	0.9536575
3954	2288	0.9986086
3954	1527	0.9972514
3954	1653	0.97587085
3954	2571	0.9490063
3954	1210	0.8964293
3954	1291	0.7614919
3954	2985	0.7190375
3954	2916	0.5986281
3954	1909	0.5507695
3954	2011	0.44923273
3955	380	0.9987803
3955	1214	0.9984447
3955	2916	0.9938239
3955	163	0.9870356
3955	2262	0.9769654
3955	1876	0.9071912
3955	673	0.82531893
3955	1732	0.80724025
3955	1086	0.79353344
3955	1792	0.7841174
3956	2762	0.99993
3956	1198	0.9787787
3956	260	0.9482754
3956	3238	0.9353484
3956	1214	0.88499093
3956	899	0.8484274
3956	2001	0.76442015
3956	1270	0.7234974
3956	673	0.5570674
3956	2971	0.32264984
3957	1186	0.9999407
3957	553	0.99932307
3957	3196	0.99874365
3957	899	0.9971721
3957	2000	0.995633
3957	1586	0.9943533
3957	2987	0.98401296
3957	1945	0.98106766
3957	1092	0.97090757
3957	1947	0.9694492
3958	1888	0.98888314
3958	497	0.9861869
3958	1198	0.9857785
3958	1569	0.9502977
3958	691	0.9402254
3958	1639	0.8678788
3958	1367	0.8617654
3958	2906	0.8417141
3958	3261	0.8074249
3958	2716	0.75279033
3959	1214	0.040493786
3959	3244	0.00012657046
3959	1097	5.3222204e-05
3959	3371	4.574959e-05
3959	3362	4.385193e-05
3959	1964	4.136846e-05
3959	111	2.8681614e-05
3959	1955	2.2285942e-05
3959	3363	1.835224e-05
3959	2554	1.626576e-05
3960	1307	0.99951094
3960	2352	0.8975088
3960	3361	0.8642237
3960	2804	0.51738924
3960	2918	0.51351583
3960	2020	0.4317024
3960	2858	0.38025522
3960	2174	0.26649553
3960	2926	0.25088876
3960	912	0.1686129
3961	1876	0.9987416
3961	1375	0.956305
3961	2046	0.9311169
3961	2779	0.8959228
3961	1831	0.882304
3961	3156	0.772791
3961	2531	0.71027577
3961	1965	0.70362425
3961	788	0.6936248
3961	2533	0.65634847
3962	454	0.99899805
3962	1610	0.99870586
3962	457	0.9986401
3962	1036	0.99670655
3962	50	0.9914398
3962	587	0.9701631
3962	3257	0.96945345
3962	1259	0.96483207
3962	1994	0.9638094
3962	2278	0.96096206
3963	1244	0.99994254
3963	800	0.9944392
3963	1272	0.98412025
3963	2506	0.95670456
3963	1277	0.94417906
3963	2321	0.94129103
3963	1678	0.9270988
3963	3133	0.923979
3963	3379	0.912899
3963	2193	0.9116159
3964	2948	0.99987245
3964	1275	0.9956667
3964	2115	0.9919453
3964	2947	0.9881165
3964	3256	0.9827875
3964	2006	0.980108
3964	589	0.9719482
3964	1221	0.96844345
3964	457	0.9678409
3964	858	0.96596503
3965	1036	0.99563015
3965	2803	0.99429655
3965	383	0.99117756
3965	2278	0.98199534
3965	1616	0.98034775
3965	110	0.90742534
3965	1240	0.87781394
3965	2763	0.83365214
3965	474	0.80214226
3965	608	0.6914373
3966	1271	0.9986357
3966	356	0.99852526
3966	2321	0.99372244
3966	2012	0.9739336
3966	2045	0.9701711
3966	1500	0.95078206
3966	1704	0.95027065
3966	1682	0.9480525
3966	2106	0.92373765
3966	1678	0.89948237
3967	3087	0.99997324
3967	3255	0.9988018
3967	2114	0.9956969
3967	2	0.9917029
3967	223	0.96422523
3967	671	0.9504756
3967	2716	0.93264186
3967	11	0.9230595
3967	1005	0.8819909
3967	432	0.8816968
3968	3267	0.99999475
3968	10	0.99923605
3968	1527	0.9843608
3968	464	0.97400105
3968	3107	0.9694906
3968	1833	0.9654729
3968	2023	0.94524467
3968	1792	0.92442894
3968	2763	0.9064161
3968	95	0.88581705
3969	2889	0.99843764
3969	223	0.87302554
3969	2628	0.8485404
3969	2966	0.8281653
3969	3186	0.81298697
3969	3125	0.7493881
3969	2167	0.49052393
3969	589	0.42411888
3969	3174	0.2582286
3969	3276	0.18264914
3970	2617	0.99998766
3970	1089	0.99942404
3970	441	0.99472237
3970	208	0.98007
3970	2841	0.97430706
3970	1917	0.97344375
3970	2273	0.9727731
3970	160	0.97232115
3970	1619	0.96723795
3970	1517	0.9353208
3971	500	0.99000275
3971	372	0.989693
3971	24	0.98722404
3971	2918	0.9808507
3971	1380	0.96775895
3971	222	0.96429443
3971	1028	0.95309854
3971	1747	0.9357945
3971	2291	0.9287238
3971	1957	0.9265559
3972	2828	0.997401
3972	2707	0.9692401
3972	2188	0.92297596
3972	3203	0.7766435
3972	260	0.39613885
3972	1438	0.25844777
3972	593	0.23239687
3972	420	0.21850914
3972	3175	0.21157685
3972	2712	0.18548527
3973	2997	0.9995776
3973	2688	0.9925456
3973	2718	0.99208975
3973	2858	0.98578584
3973	2694	0.97994614
3973	2476	0.9616477
3973	2541	0.94278014
3973	2723	0.921242
3973	1527	0.6529326
3973	2336	0.6517012
3974	1028	0.99976003
3974	2460	0.9908181
3974	3082	0.9889232
3974	1135	0.98133254
3974	2959	0.96404743
3974	314	0.95827043
3974	1021	0.8844601
3974	3408	0.85957813
3974	34	0.656344
3974	2469	0.5936458
3975	3250	0.9999337
3975	1997	0.9985596
3975	527	0.99765515
3975	1258	0.99218786
3975	3101	0.98481965
3975	2797	0.95980096
3975	3072	0.94144225
3975	1213	0.8993271
3975	2944	0.88769275
3975	2571	0.88659936
3976	2701	0.99762607
3976	2248	0.9818141
3976	2759	0.98004746
3976	1293	0.9639913
3976	1225	0.96180534
3976	1968	0.95476854
3976	1208	0.9521179
3976	3016	0.94764936
3976	265	0.93715966
3976	800	0.9250148
3977	1617	0.99997103
3977	3361	0.97448885
3977	1089	0.96112025
3977	1097	0.9448234
3977	1079	0.8899272
3977	593	0.8637392
3977	1394	0.8494709
3977	1270	0.7338815
3977	1220	0.6715096
3977	1704	0.6683435
3978	1610	0.9658617
3978	1619	0.9472213
3978	1653	0.9465326
3978	1374	0.93764627
3978	2571	0.90857744
3978	318	0.8625796
3978	1089	0.8285094
3978	3062	0.6690903
3978	1831	0.61065996
3978	474	0.597296
3979	1064	0.99999964
3979	2078	0.9999981
3979	3114	0.9995526
3979	2139	0.99874955
3979	2089	0.9963473
3979	1	0.9953331
3979	1282	0.9945931
3979	2559	0.99459136
3979	2761	0.98363197
3979	2141	0.9744223
3980	382	0.99999815
3980	273	0.9999951
3980	366	0.99915326
3980	532	0.99599075
3980	2327	0.9958277
3980	1407	0.9861096
3980	1756	0.953117
3980	2654	0.9121759
3980	330	0.6572032
3980	1261	0.6191469
3981	552	0.9998798
3981	52	0.99982536
3981	1294	0.9981526
3981	1221	0.9952468
3981	468	0.9920939
3981	898	0.99180603
3981	1171	0.9911726
3981	719	0.9899223
3981	2581	0.9871799
3981	913	0.9859208
3982	1947	1.0
3982	480	0.9998183
3982	750	0.99980295
3982	1094	0.9992414
3982	2571	0.9970324
3982	1282	0.98083115
3982	357	0.97115517
3982	2857	0.9709965
3982	2193	0.9705872
3982	364	0.96986884
3983	1259	0.9999852
3983	2020	0.9532987
3983	1339	0.89456284
3983	1711	0.87576485
3983	2987	0.86522263
3983	1307	0.816313
3983	2395	0.73738414
3983	2972	0.7054478
3983	2502	0.64607984
3983	471	0.48770347
3984	1552	0.999907
3984	2023	0.9996364
3984	1608	0.999166
3984	1833	0.9967972
3984	2617	0.9946629
3984	494	0.99386805
3984	1610	0.98747176
3984	2124	0.97824305
3984	2167	0.9407962
3984	2916	0.93407595
3985	2333	0.9980392
3985	2028	0.993291
3985	2340	0.9921049
3985	529	0.99090254
3985	3044	0.9893073
3985	262	0.9766818
3985	2912	0.9737345
3985	273	0.9539639
3985	2324	0.9499872
3985	2439	0.912928
3986	1794	0.99946564
3986	3052	0.9984124
3986	2395	0.99720603
3986	1884	0.9965972
3986	3060	0.9115951
3986	110	0.80687064
3986	11	0.6885921
3986	367	0.6281439
3986	3186	0.52950674
3986	2423	0.5218485
3987	2599	0.97206175
3987	2686	0.97136235
3987	1225	0.96492004
3987	2959	0.9422087
3987	3004	0.93170047
3987	1513	0.9272667
3987	2804	0.8862009
3987	1453	0.844874
3987	2908	0.7118395
3987	2396	0.69438815
3988	322	0.9985925
3988	1569	0.9981224
3988	1821	0.99716115
3988	21	0.9947381
3988	2599	0.986997
3988	3258	0.98129755
3988	3255	0.97915
3988	1875	0.9495444
3988	125	0.9061737
3988	368	0.8720146
3989	246	0.9999502
3989	2268	0.9998157
3989	2348	0.99878496
3989	2000	0.9966533
3989	454	0.99157834
3989	1961	0.9897653
3989	1265	0.9891087
3989	3361	0.98645306
3989	1296	0.986037
3989	2926	0.98439956
3990	1215	0.99991834
3990	317	0.9998301
3990	2161	0.9977921
3990	1346	0.9973177
3990	541	0.93741333
3990	464	0.82738984
3990	879	0.7913407
3990	673	0.6461254
3990	2968	0.5636875
3990	2513	0.5471451
3991	2908	0.9689712
3991	1381	0.9669641
3991	2502	0.8690534
3991	2541	0.83888024
3991	2804	0.76448405
3991	593	0.754145
3991	2253	0.74120045
3991	2580	0.6875247
3991	1136	0.6803779
3991	1608	0.6393689
3992	1275	0.9999775
3992	1101	0.9959378
3992	3039	0.99444634
3992	2243	0.9570422
3992	1909	0.9308555
3992	1485	0.9155437
3992	3258	0.91338956
3992	3175	0.8819486
3992	533	0.8770584
3992	231	0.8278115
3993	2335	0.99339646
3993	3052	0.9873781
3993	3264	0.9866613
3993	2134	0.986457
3993	2599	0.98219204
3993	3033	0.97983134
3993	700	0.9713588
3993	1527	0.9706353
3993	1391	0.9641434
3993	1617	0.96376836
3994	2046	0.9999832
3994	316	0.9995693
3994	1584	0.99894106
3994	1097	0.9943401
3994	898	0.99397206
3994	3252	0.9869527
3994	608	0.98688483
3994	1079	0.9773555
3994	50	0.96734285
3994	440	0.9564668
3995	1573	0.9996534
3995	648	0.988738
3995	1653	0.98649764
3995	1210	0.98583174
3995	2763	0.9643619
3995	2268	0.96084976
3995	2959	0.9281834
3995	2762	0.9133671
3995	2334	0.89664525
3995	2364	0.88887393
3996	1608	0.9999938
3996	2058	0.99997604
3996	1584	0.99992037
3996	316	0.99962735
3996	329	0.99955934
3996	1200	0.9992993
3996	1270	0.9937568
3996	318	0.9914099
3996	1676	0.9887432
3996	2617	0.9734848
3997	2502	0.9921574
3997	500	0.9897523
3997	688	0.9721363
3997	2266	0.9671147
3997	434	0.9573183
3997	2640	0.92162526
3997	1049	0.90412843
3997	11	0.8978838
3997	1278	0.8415227
3997	110	0.78704166
3998	2428	0.97161984
3998	1330	0.9418757
3998	2644	0.93107593
3998	1348	0.9219753
3998	12	0.8434248
3998	1324	0.5116422
3998	2113	0.42413858
3998	2328	0.23906961
3998	1992	0.13622695
3998	3273	0.10781294
3999	589	0.99912536
3999	2111	0.99784034
3999	3175	0.986778
3999	1954	0.9754734
3999	1387	0.9651671
3999	780	0.96139663
3999	104	0.9589329
3999	39	0.9567349
3999	3107	0.94640046
3999	466	0.91971755
4000	2613	1.0
4000	2366	0.99913394
4000	1215	0.9984728
4000	2640	0.99058485
4000	260	0.99057984
4000	858	0.97531426
4000	1200	0.9460997
4000	541	0.8418795
4000	3114	0.7674774
4000	1388	0.73647845
4001	2011	0.9690467
4001	3111	0.9289912
4001	574	0.90768623
4001	2976	0.85186976
4001	2915	0.85033214
4001	2918	0.8439043
4001	3422	0.8427152
4001	500	0.81691825
4001	2041	0.75621843
4001	1960	0.7457716
4002	1201	1.0
4002	1198	0.9999877
4002	1240	0.9977242
4002	2944	0.953375
4002	1036	0.94700396
4002	2993	0.92817545
4002	1291	0.87844217
4002	589	0.84108925
4002	1949	0.70811427
4002	2916	0.66740793
4003	942	0.9996369
4003	707	0.9994292
4003	2762	0.8994792
4003	1069	0.81704265
4003	2565	0.80197954
4003	1964	0.7206193
4003	2551	0.661278
4003	928	0.5716622
4003	541	0.4917569
4003	3334	0.43864048
4004	1049	0.99999046
4004	2881	0.9996089
4004	733	0.9967729
4004	1580	0.9966551
4004	288	0.99513656
4004	2002	0.99426365
4004	1917	0.97892344
4004	1792	0.9624487
4004	208	0.9612129
4004	1047	0.93361187
4005	2804	0.9998314
4005	1179	0.9996455
4005	2302	0.99757016
4005	1810	0.9969352
4005	2243	0.9902351
4005	2369	0.9859202
4005	342	0.98480713
4005	2401	0.9832934
4005	3173	0.9808837
4005	588	0.9760028
4006	1374	0.9999858
4006	1206	0.99969053
4006	2657	0.99962455
4006	2826	0.9994757
4006	2640	0.9993304
4006	1372	0.99811435
4006	2288	0.99708724
4006	2527	0.9884107
4006	2010	0.98134387
4006	1261	0.96168965
4007	2791	0.9997633
4007	1957	0.99971676
4007	1253	0.99895394
4007	541	0.99383914
4007	2363	0.9912393
4007	724	0.9888004
4007	1960	0.9886798
4007	1246	0.97243595
4007	3039	0.96612495
4007	858	0.96096575
4008	1588	0.0029679835
4008	344	0.0026545525
4008	1270	0.0021843016
4008	480	0.002034068
4008	1367	0.00095772743
4008	585	0.0009108484
4008	1566	0.00076738
4008	588	0.0003976822
4008	2085	0.00021067262
4008	3101	0.0002104044
4009	3098	0.9275469
4009	2890	0.909657
4009	608	0.8348097
4009	1388	0.79174656
4009	1094	0.76517695
4009	1704	0.7172956
4009	2804	0.66416365
4009	508	0.65792525
4009	2410	0.64660746
4009	1961	0.6432053
4010	1339	0.9996773
4010	1197	0.998953
4010	2826	0.7608543
4010	891	0.5998713
4010	1200	0.58853716
4010	2706	0.5734292
4010	1595	0.51970446
4010	590	0.45268238
4010	3016	0.38302615
4010	608	0.3646387
4011	2867	0.9999733
4011	1345	0.99948424
4011	1997	0.97508276
4011	2003	0.97104025
4011	2120	0.96892595
4011	2288	0.96862674
4011	1348	0.96822214
4011	1333	0.9559077
4011	2159	0.95160115
4011	1219	0.93450296
4012	1917	0.99983877
4012	1676	0.985777
4012	32	0.9570196
4012	1270	0.8734468
4012	589	0.84740496
4012	1580	0.6450931
4012	1876	0.4776594
4012	1584	0.4754936
4012	671	0.4670139
4012	2393	0.42279768
4013	1222	0.9997319
4013	173	0.9989124
4013	2410	0.9925682
4013	3252	0.9863692
4013	2006	0.9609624
4013	517	0.9589093
4013	329	0.94725263
4013	2427	0.9208312
4013	1378	0.90990615
4013	2951	0.89470935
4014	2683	0.9999858
4014	3052	0.99685216
4014	849	0.98260874
4014	1028	0.9769887
4014	3248	0.94329256
4014	1476	0.9362752
4014	2249	0.8882347
4014	2457	0.8722052
4014	3146	0.8548686
4014	370	0.838289
4015	2080	0.9998658
4015	750	0.9825926
4015	3074	0.98003834
4015	910	0.96787363
4015	1198	0.9536456
4015	1259	0.9330805
4015	1196	0.93241656
4015	1300	0.9311011
4015	2208	0.914446
4015	2067	0.90721625
4016	1127	0.99700326
4016	1089	0.98676336
4016	880	0.9809761
4016	2268	0.9540982
4016	39	0.9402598
4016	849	0.9326035
4016	2762	0.9208219
4016	1358	0.91289186
4016	1627	0.89881
4016	81	0.89037985
4017	3129	0.9663378
4017	3156	0.93889725
4017	1608	0.8760426
4017	3238	0.82441854
4017	3145	0.7939096
4017	2707	0.77590644
4017	2959	0.58596313
4017	2622	0.5616432
4017	3326	0.5056663
4017	1917	0.48686597
4018	1198	0.9999788
4018	110	0.99841905
4018	2194	0.99723816
4018	1127	0.99390054
4018	1387	0.99199283
4018	3250	0.9895643
4018	377	0.96368325
4018	2288	0.9511756
4018	1769	0.91311294
4018	553	0.89072746
4019	1270	0.99231124
4019	919	0.94947034
4019	1288	0.92117536
4019	593	0.8596339
4019	2300	0.71443206
4019	1961	0.5417091
4019	1278	0.51873654
4019	1186	0.4796187
4019	1214	0.46052754
4019	1345	0.44970918
4020	1580	0.99987566
4020	1371	0.9997456
4020	1376	0.99883044
4020	2985	0.99846697
4020	2193	0.99517155
4020	1240	0.9881894
4020	780	0.94946337
4020	1954	0.9349297
4020	2968	0.8890773
4020	2528	0.862231
4021	349	0.9615301
4021	2948	0.87168634
4021	1320	0.8492646
4021	3208	0.77778864
4021	266	0.77029175
4021	1616	0.75653267
4021	2723	0.6521474
4021	1220	0.6464981
4021	1379	0.62139773
4021	1276	0.5987993
4022	2722	0.9958519
4022	1097	0.9954814
4022	785	0.99525726
4022	780	0.993099
4022	1206	0.99140865
4022	223	0.99054754
4022	1037	0.98728955
4022	318	0.98163354
4022	2699	0.97497714
4022	750	0.92612016
4023	2160	0.9960067
4023	2009	0.99597263
4023	2633	0.97771186
4023	750	0.9651873
4023	1982	0.96182114
4023	2959	0.736416
4023	1653	0.6870008
4023	589	0.6635387
4023	2640	0.66040164
4023	1196	0.6233162
4024	2694	0.99992657
4024	2827	0.99983704
4024	218	0.9844309
4024	34	0.9107181
4024	1210	0.90493125
4024	3285	0.904788
4024	1517	0.8614142
4024	2792	0.81578934
4024	2505	0.77732646
4024	3051	0.64787334
4025	2858	0.14378244
4025	3175	1.3677812e-05
4025	223	1.198298e-06
4025	2396	1.1283668e-06
4025	3052	7.872365e-07
4025	2599	6.255261e-07
4025	527	3.1069914e-07
4025	608	3.0270888e-07
4025	902	2.6446284e-07
4025	593	2.2059956e-07
4026	1222	0.9999562
4026	1298	0.99949723
4026	592	0.9982996
4026	111	0.9952085
4026	2759	0.9926251
4026	778	0.98232174
4026	590	0.97029793
4026	180	0.9576441
4026	1961	0.95420915
4026	1358	0.94827497
4027	2940	0.9887681
4027	1210	0.974172
4027	908	0.9391768
4027	924	0.80318475
4027	920	0.78518474
4027	1617	0.5151426
4027	2672	0.45754316
4027	50	0.4495298
4027	923	0.3172468
4027	593	0.2979493
4028	2194	0.9996734
4028	2110	0.99903494
4028	736	0.99318576
4028	2858	0.9830036
4028	1234	0.97585434
4028	2870	0.96460956
4028	2985	0.96349055
4028	1222	0.9566539
4028	45	0.9537387
4028	3255	0.9511772
4029	3363	0.99873185
4029	2524	0.99607885
4029	3152	0.9854072
4029	1161	0.97849697
4029	920	0.9784323
4029	2971	0.9781281
4029	3169	0.93346995
4029	1961	0.9030781
4029	1982	0.8635782
4029	1206	0.8441609
4030	1136	0.9989785
4030	2335	0.99420154
4030	2915	0.99095637
4030	1617	0.9887622
4030	104	0.9787569
4030	1208	0.9764233
4030	2916	0.96023095
4030	1	0.95718396
4030	1230	0.95212245
4030	589	0.9206938
4031	1347	0.9998888
4031	1130	0.99891144
4031	542	0.9966012
4031	3016	0.9944625
4031	253	0.9002887
4031	2327	0.853057
4031	1333	0.8350524
4031	1012	0.81492496
4031	1090	0.7746568
4031	2651	0.7400458
4032	1201	0.9999977
4032	1370	0.9997921
4032	3029	0.99831676
4032	1304	0.9940649
4032	1198	0.9695519
4032	858	0.915009
4032	1722	0.9054402
4032	377	0.8158756
4032	112	0.7163702
4032	2288	0.69463205
4033	1544	0.9967856
4033	168	0.98510504
4033	2692	0.9776609
4033	3386	0.9723973
4033	7	0.9708664
4033	2706	0.96419036
4033	2124	0.93240774
4033	235	0.92913413
4033	1094	0.9271027
4033	866	0.9161506
4034	3104	0.9990781
4034	2918	0.9978924
4034	800	0.98436356
4034	1224	0.9770839
4034	2716	0.9731192
4034	1288	0.9605098
4034	1265	0.9583991
4034	562	0.9102311
4034	1914	0.8938918
4034	2745	0.8074064
4035	377	0.99999785
4035	380	0.99187756
4035	2291	0.9886856
4035	457	0.9860394
4035	2058	0.9669112
4035	780	0.9305259
4035	1408	0.91806024
4035	3253	0.8122195
4035	3160	0.7120502
4035	1265	0.65462184
4036	1732	0.99999255
4036	1569	0.99991155
4036	1476	0.9998827
4036	3189	0.99459636
4036	2539	0.99350065
4036	2671	0.9878434
4036	2359	0.9830264
4036	1367	0.9793943
4036	597	0.9743489
4036	784	0.9223191
4037	920	0.9999554
4037	1251	0.99978685
4037	1201	0.78818965
4037	969	0.7469392
4037	586	0.5967681
4037	1196	0.3271908
4037	1784	0.29715425
4037	2132	0.22302386
4037	1094	0.15751466
4037	260	0.09635407
4038	1286	0.9999179
4038	1968	0.9885658
4038	2918	0.88394773
4038	2791	0.84155923
4038	1641	0.785207
4038	3155	0.7581725
4038	2996	0.7535652
4038	2324	0.7385477
4038	2861	0.59878236
4038	3147	0.59352946
4039	1	0.9995968
4039	1573	0.99933857
4039	2396	0.99808407
4039	1214	0.9956919
4039	2692	0.9942242
4039	1266	0.9837581
4039	260	0.97273016
4039	318	0.96704197
4039	2324	0.95901763
4039	1200	0.9551326
4040	593	0.9989542
4040	1617	0.9977106
4040	1261	0.99761784
4040	208	0.99643576
4040	3208	0.9960349
4040	170	0.9940418
4040	2338	0.98810315
4040	589	0.98725
4040	2881	0.9696113
4040	316	0.9678261
4041	3104	0.879316
4041	296	0.8764593
4041	3409	0.79230917
4041	1282	0.75078034
4041	999	0.74214137
4041	2097	0.6917441
4041	330	0.65734947
4041	2105	0.64271724
4041	551	0.6327958
4041	778	0.6255562
4042	590	0.9977288
4042	1097	0.9952296
4042	1375	0.9831784
4042	1215	0.9766542
4042	1343	0.9722856
4042	3108	0.9500612
4042	494	0.9450792
4042	2683	0.9413978
4042	2762	0.9407545
4042	357	0.9329119
4043	356	0.99584043
4043	50	0.992368
4043	1277	0.9922364
4043	1356	0.9814509
4043	1584	0.9731573
4043	2268	0.9546462
4043	2710	0.948602
4043	2302	0.93813705
4043	151	0.9244861
4043	538	0.8778583
4044	912	0.99977934
4044	1094	0.998172
4044	1946	0.99369013
4044	923	0.9914954
4044	914	0.9802908
4044	2025	0.95646834
4044	2581	0.74316376
4044	1680	0.69201475
4044	3199	0.5764613
4044	2827	0.5489484
4045	1367	0.65007055
4045	2078	0.6280583
4045	2540	0.2957133
4045	1	0.07678419
4045	838	0.06585994
4045	2628	0.0346995
4045	1722	0.014721036
4045	1595	0.013053894
4045	296	0.009211034
4045	527	0.007880062
4046	750	0.9964686
4046	1210	0.97448885
4046	1196	0.97365355
4046	260	0.9527464
4046	1288	0.94115615
4046	2458	0.89544356
4046	924	0.885223
4046	1214	0.7508503
4046	919	0.7029363
4046	111	0.637247
4047	2028	0.99998915
4047	1196	0.999552
4047	95	0.9985527
4047	593	0.99553823
4047	494	0.9933512
4047	2167	0.98762214
4047	3256	0.9781317
4047	368	0.9755204
4047	1100	0.9667912
4047	20	0.96225774
4048	1431	0.962003
4048	2409	0.8736687
4048	11	0.85515577
4048	2948	0.8034652
4048	1882	0.77157366
4048	1888	0.7271373
4048	1944	0.6740526
4048	911	0.67148995
4048	3408	0.6453705
4048	3033	0.61864805
4049	2613	0.99849415
4049	2986	0.9983988
4049	2660	0.998018
4049	964	0.9542042
4049	1876	0.9478853
4049	2535	0.883273
4049	2088	0.8546308
4049	1215	0.7784842
4049	2046	0.74059397
4049	2551	0.49768075
4050	1225	0.9999073
4050	1265	0.99886906
4050	2599	0.99794257
4050	3363	0.99650705
4050	1307	0.9941999
4050	2529	0.9933547
4050	1088	0.99272704
4050	2396	0.9919927
4050	750	0.988895
4050	1240	0.98107255
4051	1961	0.9999899
4051	1124	0.99995315
4051	2420	0.9999367
4051	1673	0.99982977
4051	319	0.99970526
4051	1193	0.99914974
4051	2291	0.9967493
4051	2447	0.99447834
4051	3169	0.9891976
4051	3266	0.9882322
4052	1218	0.9992931
4052	589	0.99812067
4052	1748	0.9977856
4052	47	0.9946675
4052	1188	0.9941632
4052	3273	0.99238014
4052	110	0.98706245
4052	780	0.96894
4052	880	0.95445484
4052	2028	0.94478554
4053	2352	0.99997437
4053	3308	0.9998779
4053	1198	0.9992859
4053	253	0.99780416
4053	2716	0.9971435
4053	2371	0.99270844
4053	593	0.98228335
4053	2746	0.9762838
4053	2278	0.97117007
4053	235	0.9608178
4054	2302	0.98815453
4054	1949	0.97594583
4054	161	0.9671176
4054	592	0.95143855
4054	2795	0.8770694
4054	1212	0.87465334
4054	3203	0.8745437
4054	1678	0.87448156
4054	2454	0.87149084
4054	3039	0.8644335
4055	34	0.9984689
4055	208	0.9956361
4055	2384	0.9901483
4055	798	0.94664127
4055	442	0.92656064
4055	785	0.9200932
4055	1425	0.911168
4055	1713	0.9021288
4055	1320	0.89061373
4055	1249	0.88378584
4056	527	0.98475146
4056	593	0.9710516
4056	2046	0.90809846
4056	1797	0.77003837
4056	1032	0.68432176
4056	589	0.46727258
4056	2571	0.4002566
4056	531	0.27343744
4056	1097	0.17110896
4056	3107	0.14344397
4057	1388	0.99117696
4057	2001	0.98392916
4057	2412	0.96469134
4057	1270	0.9220177
4057	434	0.9024279
4057	15	0.7905167
4057	1196	0.56850857
4057	1587	0.5000394
4057	1291	0.45358735
4057	1438	0.43842855
4058	1552	0.9995916
4058	303	0.99950707
4058	2108	0.9969871
4058	2054	0.9960091
4058	2414	0.9928724
4058	1393	0.98388505
4058	3256	0.96427596
4058	653	0.9612515
4058	2599	0.9509387
4058	2321	0.94877625
4059	180	0.9998091
4059	3268	0.99648166
4059	3007	0.98704684
4059	3177	0.9352077
4059	2762	0.89887154
4059	3174	0.89146316
4059	2804	0.8317655
4059	1732	0.7554742
4059	153	0.7263783
4059	3156	0.62321043
4060	39	0.9993304
4060	1294	0.99622446
4060	1200	0.9940086
4060	377	0.99206716
4060	3359	0.9914644
4060	2324	0.9843465
4060	292	0.9834312
4060	50	0.98009765
4060	1265	0.97650266
4060	1968	0.97262895
4061	2653	0.1977222
4061	554	0.007226467
4061	2646	0.0066791773
4061	3415	0.0042563975
4061	2650	0.0037631392
4061	304	0.0021389425
4061	2649	0.0018236041
4061	2780	0.0007299483
4061	2652	0.0006470978
4061	1759	0.0004967749
4062	2687	0.99973726
4062	1584	0.99921405
4062	1393	0.99870825
4062	2891	0.99850285
4062	180	0.99573505
4062	50	0.99145174
4062	1485	0.9899815
4062	2336	0.97658896
4062	32	0.9624611
4062	2028	0.9621793
4063	1196	0.9999434
4063	858	0.99994177
4063	527	0.99931437
4063	111	0.9988911
4063	1240	0.992447
4063	1036	0.97653717
4063	1953	0.96413195
4063	1210	0.9518608
4063	296	0.9089842
4063	2858	0.89762735
4064	2174	0.99996567
4064	2313	0.998852
4064	2788	0.99817
4064	1292	0.99788505
4064	920	0.9851656
4064	2470	0.8949939
4064	3210	0.8636591
4064	1259	0.86203
4064	3361	0.8327632
4064	1635	0.7884164
4065	1214	0.98748446
4065	2571	0.97142136
4065	1210	0.7286909
4065	1036	0.6961943
4065	1097	0.5659012
4065	2916	0.5044599
4065	1372	0.45384407
4065	1197	0.35991356
4065	480	0.23638228
4065	1240	0.18969733
4066	1957	0.99997854
4066	1617	0.99840045
4066	1089	0.99774253
4066	1393	0.9852191
4066	2194	0.977208
4066	2797	0.97056377
4066	2858	0.92515326
4066	1293	0.91109145
4066	1263	0.904081
4066	2243	0.88727164
4067	2710	0.9999993
4067	2975	0.99985135
4067	2581	0.9949068
4067	2428	0.97608745
4067	2541	0.93037975
4067	2605	0.91047233
4067	223	0.9076297
4067	3160	0.79068446
4067	3409	0.67271924
4067	2676	0.6221577
4068	3366	0.99559003
4068	2526	0.9639404
4068	2392	0.709244
4068	2683	0.67330897
4068	913	0.60845894
4068	2734	0.33453155
4068	2719	0.20402908
4068	19	0.1699003
4068	3203	0.1308907
4068	2670	0.10771245
4069	3067	0.99579823
4069	1230	0.7960553
4069	1188	0.6053649
4069	1210	0.58548915
4069	902	0.42983747
4069	2019	0.28812158
4069	2858	0.26182222
4069	1387	0.23926285
4069	1198	0.19306248
4069	1256	0.17055553
4070	2871	0.9997258
4070	1198	0.99948776
4070	50	0.998976
4070	1953	0.99889094
4070	1265	0.9978683
4070	2194	0.9924544
4070	919	0.9875994
4070	457	0.9735433
4070	2542	0.971405
4070	1500	0.9698516
4071	2028	0.999746
4071	2126	0.9996149
4071	2617	0.99368274
4071	1968	0.99311924
4071	1620	0.97853017
4071	1222	0.9671594
4071	586	0.95658576
4071	2762	0.9119384
4071	2628	0.90782523
4071	1409	0.87757313
4072	1089	0.9994699
4072	1234	0.9989761
4072	3246	0.9977218
4072	2692	0.97657585
4072	2401	0.9682615
4072	2289	0.9633379
4072	110	0.9615421
4072	3267	0.961217
4072	318	0.9088278
4072	2303	0.7898229
4073	1507	0.99632347
4073	1299	0.96053326
4073	2427	0.93961215
4073	3363	0.8629838
4073	2416	0.8475441
4073	516	0.7487167
4073	3196	0.5826484
4073	1358	0.5690606
4073	858	0.54378116
4073	1272	0.47444648
4074	1918	0.9986118
4074	1914	0.99745905
4074	1729	0.99091434
4074	1503	0.9844378
4074	3254	0.98293525
4074	2677	0.9646838
4074	2335	0.96138984
4074	2572	0.9574537
4074	318	0.95098656
4074	19	0.95052737
4075	1210	0.99909014
4075	1214	0.9832139
4075	260	0.9795078
4075	3147	0.71107745
4075	1270	0.70087
4075	1240	0.64686227
4075	1617	0.4689504
4075	2476	0.4099772
4075	858	0.3547263
4075	2571	0.24560484
4076	1246	0.9064215
4076	2314	0.86712015
4076	1358	0.86362064
4076	2324	0.84330493
4076	1673	0.75017536
4076	230	0.71368444
4076	3125	0.6867564
4076	2340	0.48775542
4076	491	0.22280306
4076	21	0.17297521
4077	480	0.99997807
4077	802	0.99974096
4077	3269	0.9975639
4077	1391	0.995338
4077	1059	0.9948157
4077	1396	0.99280787
4077	902	0.9923353
4077	339	0.9732059
4077	2001	0.9688248
4077	512	0.96529865
4078	39	0.9999293
4078	1584	0.9990779
4078	1	0.9984801
4078	527	0.997465
4078	2291	0.9938928
4078	446	0.9899845
4078	337	0.9890984
4078	1266	0.98337734
4078	2329	0.97972846
4078	2194	0.9755974
4079	1193	0.9982232
4079	2028	0.9980389
4079	2110	0.99788094
4079	1302	0.9974534
4079	608	0.99574137
4079	1387	0.9729104
4079	1179	0.96345305
4079	969	0.9417728
4079	1233	0.9111022
4079	2160	0.91012555
4080	2028	0.9996255
4080	1304	0.9979284
4080	2288	0.9945215
4080	457	0.9732537
4080	349	0.9400753
4080	1408	0.8476166
4080	434	0.826726
4080	1287	0.7626196
4080	2359	0.60247564
4080	1374	0.5836658
4081	3147	0.99689853
4081	1220	0.99049485
4081	1784	0.97466576
4081	1242	0.91039634
4081	527	0.8873805
4081	1091	0.88250977
4081	36	0.83670235
4081	1221	0.7702582
4081	2648	0.5970939
4081	2262	0.55423254
4082	534	0.9969314
4082	3396	0.9961126
4082	1947	0.9948219
4082	36	0.9903921
4082	920	0.9900222
4082	3098	0.9805778
4082	105	0.9775605
4082	39	0.9674078
4082	1231	0.96149635
4082	3039	0.9495954
4083	2247	0.99956787
4083	2054	0.94882166
4083	1917	0.9304267
4083	1711	0.91360915
4083	2683	0.8870541
4083	3362	0.87003124
4083	551	0.77343506
4083	588	0.76354223
4083	266	0.7598232
4083	1285	0.7272403
4084	750	0.9998797
4084	1104	0.9997444
4084	1419	0.99973875
4084	910	0.99850655
4084	1294	0.9870596
4084	3030	0.96657014
4084	2936	0.9647542
4084	3362	0.94283986
4084	1252	0.9116734
4084	2712	0.9091015
4085	1967	0.9934422
4085	3263	0.9801185
4085	2985	0.9772071
4085	3243	0.9364456
4085	1385	0.93529576
4085	2324	0.930989
4085	3385	0.92957675
4085	1127	0.9157327
4085	3175	0.91028136
4085	2193	0.909172
4086	1997	0.9999312
4086	1265	0.9995562
4086	1339	0.99892867
4086	1188	0.9899417
4086	1876	0.9897448
4086	2253	0.9886925
4086	2496	0.98482335
4086	3157	0.94301677
4086	2424	0.88643014
4086	2002	0.8831867
4087	2713	0.99698234
4087	2712	0.93251866
4087	2622	0.9037827
4087	2683	0.8139402
4087	2355	0.7484221
4087	1961	0.5779569
4087	2840	0.52975833
4087	407	0.4561077
4087	1088	0.34964687
4087	3300	0.23405054
4088	353	0.9992981
4088	3246	0.9970772
4088	1093	0.98204213
4088	1059	0.98074925
4088	2390	0.9739082
4088	1921	0.9732983
4088	2155	0.96847296
4088	3263	0.95599806
4088	866	0.9547595
4088	1405	0.9525577
4089	1907	0.9967744
4089	2723	0.9594548
4089	1213	0.89187694
4089	3169	0.8308135
4089	1645	0.7928829
4089	207	0.7910373
4089	1641	0.7744144
4089	1222	0.71990204
4089	2076	0.7169201
4089	350	0.6730521
4090	1333	0.9991045
4090	968	0.99773896
4090	2160	0.9969807
4090	926	0.99331295
4090	920	0.99285144
4090	1214	0.98483574
4090	933	0.97436297
4090	1028	0.9464564
4090	1419	0.8387933
4090	2871	0.8126153
4091	344	0.9999831
4091	2496	0.9987947
4091	2011	0.9963186
4091	2770	0.99628973
4091	1405	0.9954107
4091	1608	0.98350775
4091	3052	0.96354556
4091	590	0.9367267
4091	1562	0.9365052
4091	1097	0.9023763
4092	2463	0.99998415
4092	2716	0.9982867
4092	3039	0.99232304
4092	2144	0.9845958
4092	2791	0.8843461
4092	2746	0.6996123
4092	3060	0.6995132
4092	3387	0.6061388
4092	1278	0.5783015
4092	3396	0.40296656
4093	36	0.999238
4093	541	0.9992069
4093	736	0.9970153
4093	1784	0.99568915
4093	1278	0.9949051
4093	919	0.9930892
4093	1387	0.98997587
4093	608	0.9686384
4093	1213	0.9642107
4093	50	0.9556091
4094	1895	0.99993205
4094	356	0.9996196
4094	3006	0.9992029
4094	2699	0.99881685
4094	1	0.9817779
4094	2875	0.9768765
4094	94	0.9624622
4094	3101	0.9616468
4094	2395	0.92497003
4094	3176	0.92376864
4095	2762	0.99993193
4095	2763	0.9999158
4095	1722	0.9984721
4095	2683	0.99816734
4095	2490	0.99735135
4095	2353	0.9932694
4095	2273	0.98054373
4095	260	0.9773922
4095	2761	0.951433
4095	1513	0.93655205
4096	2194	0.9996255
4096	1221	0.9987471
4096	2476	0.99730945
4096	2412	0.9963139
4096	1387	0.9959024
4096	1968	0.97986686
4096	1234	0.9776028
4096	3114	0.9751571
4096	2918	0.9537885
4096	2858	0.9376976
4097	2959	0.9677136
4097	1198	0.92580736
4097	3174	0.7080271
4097	2694	0.59828943
4097	161	0.43228042
4097	110	0.40264893
4097	2997	0.384822
4097	1270	0.27651426
4097	527	0.27648538
4097	2710	0.25698733
4098	1221	0.99405634
4098	260	0.9723605
4098	1729	0.90771747
4098	2002	0.84527135
4098	1265	0.62226796
4098	21	0.6103046
4098	1432	0.5698036
4098	1785	0.5432829
4098	1218	0.48617327
4098	3365	0.47768366
4099	2460	0.994372
4099	434	0.98731315
4099	2858	0.978268
4099	25	0.84427524
4099	3129	0.6834767
4099	2575	0.59901685
4099	3185	0.5952558
4099	514	0.56746626
4099	549	0.5010591
4099	69	0.46512893
4100	480	0.9976771
4100	260	0.98203796
4100	1387	0.7584417
4100	1291	0.33957613
4100	1196	0.17209011
4100	1201	0.15490389
4100	1676	0.095552385
4100	3418	0.062658966
4100	1224	0.045536608
4100	1375	0.04257697
4101	1198	0.9995071
4101	3210	0.9990794
4101	1291	0.99784005
4101	1197	0.96740407
4101	1	0.9548112
4101	1036	0.9518441
4101	2599	0.92968965
4101	1610	0.88636076
4101	1270	0.87157416
4101	1193	0.8433212
4102	3018	0.99609303
4102	1387	0.9927267
4102	2513	0.9736606
4102	2716	0.9633606
4102	2746	0.9199245
4102	1655	0.8321122
4102	1219	0.74838793
4102	1982	0.72681946
4102	2664	0.44118467
4102	2902	0.2283642
4103	1185	0.9995408
4103	3011	0.99916816
4103	1090	0.99880743
4103	1245	0.9964925
4103	3152	0.995625
4103	1949	0.9941946
4103	908	0.99197227
4103	1224	0.98554736
4103	1228	0.98425555
4103	1178	0.9781102
4104	1997	0.9999926
4104	1275	0.9999796
4104	780	0.99987435
4104	2167	0.9994692
4104	1197	0.9978261
4104	1994	0.99229765
4104	2377	0.99147093
4104	1320	0.99014413
4104	2403	0.9612994
4104	1370	0.95977366
4105	440	0.9999382
4105	1020	0.99966735
4105	333	0.9988696
4105	1485	0.9984782
4105	367	0.99749565
4105	410	0.9953109
4105	356	0.9912294
4105	1923	0.9869684
4105	1883	0.98053706
4105	1265	0.97844577
4106	745	0.99992466
4106	588	0.9996313
4106	2687	0.9867939
4106	2355	0.9717268
4106	1223	0.95007384
4106	514	0.9491849
4106	1391	0.9470631
4106	52	0.92615473
4106	1298	0.9024968
4106	1617	0.83112705
4107	1377	0.9985632
4107	1127	0.9943607
4107	562	0.9868679
4107	585	0.9847368
4107	1387	0.9790858
4107	587	0.96972674
4107	370	0.96588445
4107	296	0.9570471
4107	1375	0.9521487
4107	1863	0.9426812
4108	2132	0.9999175
4108	1203	0.999887
4108	3379	0.99955916
4108	2866	0.9959066
4108	1702	0.9464561
4108	527	0.7027102
4108	971	0.64749426
4108	1952	0.582534
4108	3095	0.5325762
4108	608	0.4578407
4109	1175	0.88481504
4109	1199	0.53717923
4109	1301	0.3984689
4109	1210	0.17907119
4109	2660	0.15746921
4109	2628	0.14224654
4109	924	0.05426234
4109	1270	0.03909427
4109	2116	0.014104307
4109	610	0.013873637
4110	531	0.9522197
4110	2366	0.9285935
4110	1207	0.9233749
4110	3406	0.5081619
4110	3307	0.38126442
4110	2826	0.33817732
4110	1952	0.25128287
4110	1193	0.22916889
4110	953	0.19891757
4110	590	0.15021843
4111	1090	0.99818707
4111	2174	0.9745489
4111	2572	0.9091691
4111	2797	0.9074742
4111	1222	0.84883064
4111	1213	0.80149
4111	2872	0.7848705
4111	1097	0.7309299
4111	1225	0.7049483
4111	969	0.62250465
4112	2797	0.99995625
4112	3104	0.9997496
4112	2300	0.9976586
4112	955	0.9940331
4112	2529	0.9709616
4112	911	0.9688076
4112	1923	0.9625393
4112	2003	0.9601474
4112	969	0.96004176
4112	2517	0.944602
4113	2302	0.9994253
4113	145	0.9990257
4113	1210	0.9981128
4113	1270	0.9830094
4113	1028	0.97670877
4113	1061	0.9512044
4113	1382	0.93387234
4113	2001	0.9117732
4113	1297	0.7843397
4113	2918	0.7826926
4114	1214	0.99999917
4114	2613	0.9978561
4114	589	0.9872428
4114	1282	0.9789539
4114	1307	0.9568964
4114	3114	0.92711806
4114	1234	0.8731906
4114	3418	0.8504679
4114	1080	0.849853
4114	3361	0.819893
4115	1269	0.99885213
4115	2642	0.9931246
4115	440	0.98697615
4115	1247	0.9676329
4115	2947	0.96393555
4115	2009	0.91812384
4115	1253	0.9057442
4115	380	0.8884781
4115	1541	0.85350937
4115	2762	0.82771385
4116	164	0.99987924
4116	786	0.9976392
4116	2433	0.9866189
4116	1783	0.9843683
4116	288	0.97897136
4116	1527	0.9753729
4116	292	0.94929934
4116	3409	0.9209416
4116	3015	0.8277616
4116	364	0.78166735
4117	1215	0.9990963
4117	2617	0.9989902
4117	1552	0.99820215
4117	2391	0.99233353
4117	1909	0.9710325
4117	10	0.9556327
4117	3147	0.94955695
4117	161	0.8799323
4117	2502	0.8166475
4117	1047	0.7640716
4118	1266	0.9999871
4118	1304	0.99866927
4118	2093	0.9952059
4118	553	0.98119575
4118	919	0.95048
4118	2019	0.94707406
4118	50	0.93697274
4118	1234	0.9365961
4118	1230	0.9328251
4118	162	0.93054265
4119	3102	0.9846269
4119	2108	0.6436841
4119	2076	0.63029635
4119	2918	0.5834467
4119	2369	0.57479143
4119	1968	0.55791646
4119	1916	0.5565767
4119	3072	0.33028042
4119	1215	0.32504863
4119	1244	0.2796174
4120	1136	0.99999964
4120	1394	0.99980915
4120	1288	0.99944985
4120	2174	0.9983802
4120	1307	0.99821854
4120	1291	0.99818146
4120	64	0.9974797
4120	1265	0.99733734
4120	1234	0.9967168
4120	1256	0.9943351
4121	1301	0.99999243
4121	1210	0.99999046
4121	589	0.99997795
4121	2657	0.9935943
4121	316	0.9920874
4121	2105	0.9794671
4121	1240	0.96133304
4121	2533	0.94331366
4121	1253	0.9315141
4121	1373	0.8837217
4122	1215	0.9927247
4122	208	0.9921302
4122	2628	0.9893606
4122	1214	0.9718667
4122	2916	0.9477031
4122	1883	0.9330153
4122	163	0.9253841
4122	1833	0.9206214
4122	1291	0.9050756
4122	1370	0.852574
4123	2003	0.9999146
4123	2459	0.99963045
4123	2513	0.999477
4123	1339	0.9987267
4123	2995	0.98549235
4123	1407	0.9835414
4123	111	0.95166355
4123	3081	0.9506787
4123	2782	0.93840665
4123	1974	0.8821923
4124	2369	0.99949014
4124	2539	0.9898265
4124	1259	0.98024786
4124	2710	0.98020625
4124	21	0.9661102
4124	2804	0.9605056
4124	1285	0.9534966
4124	1215	0.943238
4124	520	0.92309713
4124	586	0.9173754
4125	1288	0.9461219
4125	529	0.9409112
4125	1397	0.935814
4125	3112	0.7294872
4125	34	0.70359147
4125	3054	0.6494404
4125	924	0.3838575
4125	3370	0.33512765
4125	3052	0.2695283
4125	2791	0.23476389
4126	2046	0.9970803
4126	788	0.9900192
4126	2723	0.9892948
4126	3213	0.98736095
4126	2082	0.98437166
4126	2	0.9558927
4126	1544	0.93584234
4126	1479	0.9026811
4126	2640	0.9019695
4126	1073	0.894558
4127	434	0.99996567
4127	673	0.9999435
4127	1702	0.99118054
4127	208	0.98646677
4127	2687	0.9786991
4127	709	0.9747962
4127	1848	0.95009375
4127	858	0.93046796
4127	2617	0.9218099
4127	3269	0.9028652
4128	3107	0.99833024
4128	3082	0.9923367
4128	2889	0.96521086
4128	1200	0.96353936
4128	969	0.9251392
4128	11	0.9048061
4128	356	0.8665452
4128	858	0.8287041
4128	2517	0.7492018
4128	2011	0.71000844
4129	1204	0.9940758
4129	1207	0.8777145
4129	1198	0.8426888
4129	919	0.5895283
4129	2012	0.54330254
4129	1945	0.21986866
4129	480	0.12787059
4129	1917	0.09721735
4129	3368	0.07612127
4129	1544	0.06588113
4130	2947	0.9996169
4130	913	0.99200904
4130	1374	0.9229966
4130	3107	0.87603235
4130	1711	0.80799
4130	1408	0.7715845
4130	2763	0.6627496
4130	163	0.5241455
4130	10	0.43519932
4130	1201	0.41154182
4131	553	0.9998292
4131	2968	0.9923415
4131	2944	0.9870775
4131	2529	0.98526347
4131	2193	0.9841459
4131	1007	0.96450603
4131	2054	0.9437462
4131	442	0.9259566
4131	879	0.9115298
4131	589	0.8892568
4132	2336	0.99651057
4132	2734	0.9497129
4132	785	0.94356483
4132	2433	0.8305237
4132	2707	0.7619178
4132	2724	0.7131312
4132	1959	0.667187
4132	852	0.61925215
4132	1274	0.5749396
4132	1210	0.54441273
4133	2789	0.9999869
4133	426	0.9999087
4133	1717	0.9998287
4133	1569	0.99921983
4133	3386	0.9991536
4133	36	0.9989621
4133	2338	0.9970609
4133	70	0.9915098
4133	3264	0.99136615
4133	2902	0.99009895
4134	1950	0.9999908
4134	923	0.9999898
4134	922	0.9995222
4134	1103	0.99908805
4134	1945	0.99821407
4134	350	0.99583936
4134	2313	0.99519086
4134	1203	0.9925931
4134	3386	0.99073243
4134	1219	0.99044406
4135	2719	0.99989676
4135	2713	0.9363365
4135	3005	0.8847716
4135	3175	0.80471265
4135	3176	0.6592629
4135	2676	0.5013245
4135	1206	0.3860082
4135	2712	0.24073434
4135	3053	0.22523257
4135	1653	0.2206665
4136	2186	0.9999762
4136	930	0.9938263
4136	521	0.943345
4136	2066	0.92156196
4136	541	0.9213927
4136	2202	0.9125196
4136	931	0.6347477
4136	1086	0.6064569
4136	1069	0.40690348
4136	929	0.33870277
4137	441	0.99998635
4137	141	0.9987472
4137	2502	0.99308044
4137	2282	0.9676478
4137	1500	0.9500209
4137	356	0.949534
4137	1732	0.94411063
4137	1057	0.91724753
4137	497	0.84104407
4137	1923	0.82924294
4138	1527	0.9997591
4138	1214	0.99958646
4138	1253	0.9979557
4138	1200	0.99768937
4138	2019	0.9391631
4138	2968	0.9328017
4138	1224	0.77595973
4138	1396	0.68524617
4138	41	0.6036256
4138	1240	0.5604594
4139	892	0.9950562
4139	1089	0.99108803
4139	1266	0.98171365
4139	318	0.98106945
4139	1704	0.9731081
4139	448	0.9182352
4139	1120	0.8972914
4139	508	0.8964577
4139	1732	0.8964292
4139	628	0.8414235
4140	1391	0.99940646
4140	780	0.99830484
4140	1259	0.9924503
4140	2531	0.97691625
4140	3268	0.9513599
4140	3082	0.94415116
4140	1219	0.93556607
4140	2291	0.8753336
4140	453	0.86660767
4140	161	0.86611044
4141	3114	0.9997621
4141	2355	0.9939848
4141	6	0.98540497
4141	95	0.9662704
4141	2288	0.95671844
4141	1653	0.95073724
4141	1608	0.9446617
4141	1407	0.90628314
4141	107	0.8958534
4141	364	0.8659357
4142	260	0.9970188
4142	969	0.9569478
4142	2073	0.6450802
4142	2804	0.5085482
4142	1214	0.14549372
4142	1541	0.13366205
4142	1196	0.063212276
4142	2133	0.050605834
4142	1097	0.040736765
4142	2628	0.029899448
4143	1240	0.9996805
4143	1200	0.9842603
4143	589	0.9696553
4143	1222	0.94785774
4143	2000	0.8138375
4143	457	0.8060059
4143	858	0.7226309
4143	2916	0.6973077
4143	2028	0.47520754
4143	1954	0.38495308
4144	1222	0.9999935
4144	379	0.9989761
4144	32	0.9959531
4144	1270	0.9955607
4144	1240	0.99492204
4144	1391	0.9948187
4144	367	0.99427736
4144	1233	0.96870565
4144	2549	0.9609676
4144	2393	0.9295937
4145	454	0.8651941
4145	1246	0.7033986
4145	3005	0.6358144
4145	587	0.60455984
4145	2670	0.31529364
4145	2605	0.25873503
4145	2059	0.24528554
4145	2336	0.24463734
4145	2959	0.23619181
4145	1097	0.18809372
4146	1214	0.9623277
4146	1210	0.93332946
4146	2815	0.901793
4146	2028	0.84664273
4146	260	0.45852083
4146	1288	0.31725198
4146	750	0.06723812
4146	1193	0.05815202
4146	593	0.026762873
4146	924	0.026312023
4147	1690	0.9976057
4147	1376	0.9951004
4147	1961	0.9917572
4147	1240	0.98197055
4147	2115	0.94214743
4147	316	0.9386616
4147	1370	0.90134966
4147	1375	0.8939394
4147	1320	0.8708494
4147	1610	0.86680317
4148	1240	0.99990356
4148	2006	0.9864989
4148	349	0.9654608
4148	2058	0.9622023
4148	1527	0.9616778
4148	3082	0.9167813
4148	480	0.8966254
4148	2028	0.66618156
4148	2278	0.63077515
4148	593	0.46142995
4149	2324	0.99991953
4149	2396	0.9984163
4149	1411	0.9962249
4149	1617	0.99040544
4149	3114	0.98888624
4149	475	0.97059536
4149	802	0.96404564
4149	529	0.9312085
4149	902	0.91012967
4149	232	0.90658295
4150	2804	0.9990066
4150	2150	0.99148893
4150	1278	0.9907421
4150	2124	0.9832629
4150	3147	0.98072934
4150	3071	0.97918475
4150	1204	0.9758169
4150	1259	0.965617
4150	2797	0.96277547
4150	2889	0.9599892
4151	1407	0.9995556
4151	2762	0.97963023
4151	1214	0.9661259
4151	1261	0.93300986
4151	111	0.8745477
4151	1258	0.79980326
4151	1639	0.73783153
4151	1997	0.6307355
4151	2020	0.5116478
4151	914	0.36001766
4152	2522	0.9986587
4152	2770	0.9986083
4152	3362	0.99825495
4152	1608	0.99337006
4152	415	0.9717144
4152	2018	0.96168864
4152	2015	0.9439982
4152	1225	0.94316477
4152	3173	0.9391687
4152	1193	0.9138961
4153	1882	0.9999029
4153	2334	0.99949396
4153	1848	0.99944556
4153	1610	0.99491346
4153	153	0.9941303
4153	21	0.9879097
4153	3269	0.972862
4153	1356	0.9626795
4153	434	0.88410836
4153	2355	0.84847414
4154	1961	0.92908204
4154	919	0.9196489
4154	1193	0.9059733
4154	17	0.858397
4154	1358	0.73995966
4154	920	0.67615306
4154	150	0.662777
4154	1299	0.6425952
4154	1393	0.4710886
4154	608	0.403982
4155	2023	0.9999758
4155	628	0.99959075
4155	858	0.9990293
4155	1210	0.9962112
4155	1028	0.9950516
4155	2367	0.98378086
4155	2746	0.981124
4155	1358	0.9732617
4155	2373	0.9575733
4155	3148	0.95083725
4156	2763	0.9998324
4156	349	0.9997544
4156	533	0.99452364
4156	2528	0.99291
4156	70	0.99220276
4156	2710	0.9598545
4156	1527	0.94946647
4156	1580	0.9478766
4156	3070	0.9433767
4156	1240	0.9380975
4157	3016	0.99993503
4157	3203	0.9998473
4157	2263	0.99563646
4157	2669	0.9454962
4157	2427	0.888041
4157	1148	0.8619797
4157	2628	0.74906814
4157	2683	0.7121488
4157	480	0.6173726
4157	1189	0.6078389
4158	2617	0.98214114
4158	309	0.911121
4158	902	0.23012608
4158	1073	0.06703785
4158	2858	0.06166163
4158	2167	0.04475829
4158	2015	0.04074782
4158	539	0.036625057
4158	362	0.03632143
4158	671	0.033756375
4159	356	0.95139444
4159	3210	0.9220434
4159	2762	0.4949389
4159	318	0.4922875
4159	2011	0.45347562
4159	2355	0.34202272
4159	2028	0.33788887
4159	2393	0.28125015
4159	3253	0.27426165
4159	593	0.20855337
4160	1199	1.0
4160	750	0.99265635
4160	589	0.9843714
4160	1396	0.9786543
4160	1306	0.9693705
4160	3300	0.95281625
4160	1376	0.8762578
4160	2901	0.7399852
4160	1588	0.6239969
4160	2364	0.5152252
4161	3316	0.99998677
4161	1408	0.99902725
4161	3082	0.9692387
4161	3169	0.91573226
4161	1361	0.89575464
4161	908	0.87488914
4161	2395	0.8457507
4161	199	0.8180938
4161	3317	0.80122834
4161	1212	0.78178525
4162	1704	0.9999926
4162	2858	0.99976707
4162	36	0.9996486
4162	1358	0.9982659
4162	1682	0.9969791
4162	21	0.99225724
4162	2890	0.99170804
4162	246	0.9766782
4162	1672	0.9407264
4162	910	0.9379784
4163	2038	0.99353844
4163	913	0.9916357
4163	3113	0.98202837
4163	2995	0.98082876
4163	2706	0.9803461
4163	2734	0.9656036
4163	541	0.9614719
4163	2174	0.95643413
4163	2762	0.9525122
4163	3219	0.94489443
4164	1196	0.99336064
4164	2571	0.99216264
4164	1	0.98770344
4164	2858	0.91806823
4164	912	0.9175606
4164	2396	0.8506825
4164	1301	0.808742
4164	741	0.7881402
4164	3035	0.75359225
4164	223	0.7026976
4165	1537	0.99959964
4165	232	0.99954545
4165	568	0.9886986
4165	1923	0.95808303
4165	1734	0.9387584
4165	1641	0.74555457
4165	2396	0.6157552
4165	1446	0.5438146
4165	728	0.5212806
4165	2908	0.51043797
4166	2565	0.99999833
4166	2081	0.9955739
4166	918	0.9946514
4166	364	0.98581815
4166	938	0.9390842
4166	3393	0.8278551
4166	1081	0.77790034
4166	1198	0.7549607
4166	920	0.64142805
4166	858	0.6024583
4167	2657	0.99896324
4167	905	0.99740046
4167	168	0.991244
4167	3386	0.9795338
4167	2664	0.9719839
4167	2324	0.96713156
4167	2414	0.96263623
4167	111	0.9592502
4167	3052	0.9564846
4167	3107	0.8175709
4168	36	0.9994042
4168	3246	0.99924636
4168	58	0.99917746
4168	608	0.9984729
4168	628	0.9935391
4168	85	0.980827
4168	1699	0.97624683
4168	1271	0.9305246
4168	1176	0.9149526
4168	529	0.8994355
4169	2160	0.93777716
4169	2193	0.9137167
4169	349	0.750622
4169	3175	0.71983933
4169	223	0.5888601
4169	266	0.56295854
4169	2891	0.5031849
4169	1616	0.49070787
4169	3301	0.48707673
4169	2058	0.48213378
4170	908	0.99854344
4170	2993	0.95692754
4170	3095	0.9404645
4170	3011	0.9378245
4170	3068	0.93658733
4170	608	0.9309982
4170	1954	0.9078108
4170	2067	0.887789
4170	1374	0.8739307
4170	3365	0.85435027
4171	3263	0.9996948
4171	1485	0.9988062
4171	2469	0.9986576
4171	1968	0.9978551
4171	1135	0.99741286
4171	3039	0.9790735
4171	2359	0.97279453
4171	585	0.9725151
4171	2779	0.969759
4171	1292	0.9643822
4172	50	0.9998622
4172	1148	0.9938531
4172	1729	0.9876622
4172	1089	0.9818026
4172	3114	0.78574675
4172	1213	0.78499866
4172	1	0.6950425
4172	1784	0.6698648
4172	377	0.6426985
4172	2289	0.59192085
4173	1721	0.9999566
4173	2083	0.9998615
4173	1100	0.99952394
4173	2096	0.9986224
4173	2565	0.9823886
4173	1	0.96631086
4173	593	0.93843967
4173	2941	0.9271564
4173	339	0.9167272
4173	2018	0.91033435
4174	2762	0.86021066
4174	2858	0.85813165
4174	2182	0.6977276
4174	2959	0.3596218
4174	3055	0.28594708
4174	1748	0.1717045
4174	930	0.1408892
4174	1097	0.0709376
4174	2987	0.06621954
4174	608	0.051415443
4175	2133	1.0
4175	3072	0.99996847
4175	1210	0.99939716
4175	2416	0.9991751
4175	2261	0.99894726
4175	2301	0.9981779
4175	1135	0.99792826
4175	2371	0.99564815
4175	2463	0.99303323
4175	2262	0.9899328
4176	1253	0.99918664
4176	1230	0.9991034
4176	1214	0.9944819
4176	1077	0.83331835
4176	2529	0.79117805
4176	1203	0.68770117
4176	931	0.6217481
4176	2208	0.5838177
4176	1086	0.3593045
4176	2657	0.35319227
4177	903	0.99936575
4177	2028	0.9993231
4177	2791	0.9908016
4177	3362	0.98577416
4177	3029	0.9548563
4177	2949	0.9518614
4177	1213	0.9391279
4177	1259	0.93690467
4177	1219	0.90115166
4177	345	0.89360416
4178	1721	0.99779093
4178	110	0.98812735
4178	912	0.9730364
4178	2028	0.95461285
4178	1405	0.95251185
4178	569	0.73279774
4178	350	0.538991
4178	296	0.32376885
4178	908	0.19357055
4178	2166	0.16267684
4179	2247	0.9999999
4179	342	0.99993604
4179	2622	0.9998696
4179	372	0.99764395
4179	1476	0.997465
4179	587	0.9891239
4179	224	0.9862859
4179	45	0.9832686
4179	1288	0.98282814
4179	2469	0.9821996
4180	750	0.9983362
4180	1301	0.990029
4180	1344	0.9891348
4180	1254	0.983168
4180	3176	0.98147225
4180	2949	0.9739901
4180	2916	0.969936
4180	2132	0.9509842
4180	3145	0.94082737
4180	527	0.9196068
4181	367	0.99999845
4181	21	0.9999349
4181	1367	0.9976811
4181	597	0.99571794
4181	368	0.99478674
4181	1500	0.9946654
4181	2302	0.9904461
4181	1917	0.9904064
4181	1414	0.98713154
4181	1	0.98140395
4182	2959	0.9978728
4182	3355	0.98538244
4182	3156	0.98310614
4182	2628	0.9592855
4182	1240	0.9290947
4182	1196	0.9271095
4182	1097	0.8946042
4182	3160	0.8886739
4182	2712	0.809896
4182	2692	0.74888337
4183	1047	0.99670297
4183	3178	0.9859306
4183	62	0.98540145
4183	454	0.9796175
4183	293	0.9660603
4183	6	0.9573654
4183	736	0.9558051
4183	1682	0.9504378
4183	1391	0.9465752
4183	50	0.9465058
4184	1210	0.7405398
4184	1377	0.5044897
4184	2746	0.30976546
4184	587	0.14831951
4184	1265	0.14638394
4184	110	0.09395483
4184	380	0.06594309
4184	2291	0.044866145
4184	377	0.024136245
4184	95	0.016179562
4185	1261	0.99991846
4185	2782	0.9998064
4185	1345	0.9997253
4185	1997	0.9924211
4185	2160	0.9863751
4185	480	0.9788315
4185	1348	0.97698003
4185	1198	0.9355017
4185	2193	0.9349598
4185	1961	0.9278021
4186	2324	0.9928137
4186	2716	0.986586
4186	920	0.97881675
4186	36	0.96163416
4186	1259	0.89359796
4186	1299	0.8681913
4186	2311	0.86711186
4186	1291	0.85235
4186	1307	0.85233736
4186	539	0.81468546
4187	835	0.99369705
4187	261	0.9895719
4187	1212	0.9809873
4187	1204	0.96965027
4187	932	0.95686734
4187	3185	0.9548015
4187	913	0.9434978
4187	1252	0.90022707
4187	1931	0.84199
4187	2761	0.7994312
4188	1503	0.99829805
4188	1246	0.9763156
4188	19	0.8036078
4188	2133	0.6824528
4188	3300	0.54295635
4188	1032	0.29179978
4188	2072	0.25277424
4188	1873	0.24373928
4188	1262	0.1426231
4188	3053	0.14025855
4189	3030	0.99722874
4189	1545	0.99646163
4189	1212	0.98604524
4189	3338	0.93824446
4189	924	0.9197147
4189	923	0.71475565
4189	928	0.66050696
4189	1617	0.6432454
4189	1219	0.63794434
4189	1207	0.5744004
4190	1580	0.99999887
4190	2533	0.9999027
4190	849	0.99968207
4190	2393	0.9970952
4190	3269	0.9913062
4190	2699	0.99121094
4190	2011	0.99026805
4190	2858	0.9808421
4190	24	0.97719234
4190	1387	0.97603434
4191	2232	0.99914515
4191	3185	0.99889326
4191	3324	0.98517394
4191	2369	0.86849856
4191	2891	0.7841004
4191	2959	0.75323075
4191	1748	0.7205043
4191	34	0.623135
4191	2687	0.60992295
4191	1968	0.57143027
4192	2858	0.00040251017
4192	1193	0.00032946467
4192	3264	9.9847035e-05
4192	2028	5.8324636e-05
4192	2335	5.771582e-05
4192	2683	4.988195e-05
4192	1270	4.617213e-05
4192	1468	4.424753e-05
4192	593	3.2839882e-05
4192	344	3.1236887e-05
4193	1954	0.9965857
4193	1276	0.99406844
4193	2028	0.9925562
4193	2918	0.9922999
4193	2640	0.9917375
4193	1262	0.99171054
4193	2858	0.9903879
4193	3037	0.98926973
4193	2641	0.98747754
4193	2948	0.985721
4194	2761	0.9992043
4194	2396	0.99676925
4194	151	0.99052143
4194	1210	0.9835367
4194	2788	0.98018813
4194	2890	0.92009115
4194	3301	0.8909072
4194	608	0.88963264
4194	2628	0.88879377
4194	180	0.88771427
4195	1217	0.9992566
4195	1250	0.99754226
4195	527	0.9974214
4195	2132	0.9630314
4195	593	0.93727267
4195	3196	0.8769655
4195	2057	0.66459787
4195	2360	0.5849857
4195	858	0.5322534
4195	1094	0.4450348
4196	1345	0.9890791
4196	1580	0.6259283
4196	1994	0.45134807
4196	3168	0.36446124
4196	1387	0.3598955
4196	2747	0.21859446
4196	1968	0.10856116
4196	1962	0.10499209
4196	858	0.100820005
4196	1259	0.049382806
4197	3361	0.99878585
4197	2174	0.99875236
4197	3114	0.99683136
4197	1270	0.98640025
4197	34	0.98257565
4197	1276	0.9276077
4197	1265	0.8863808
4197	1196	0.8815906
4197	1233	0.84084404
4197	3421	0.8394627
4198	2746	0.99968326
4198	2517	0.99769056
4198	2648	0.9872695
4198	2867	0.96099544
4198	1333	0.8953821
4198	3175	0.8902479
4198	2288	0.8649349
4198	1219	0.62381375
4198	2279	0.5380275
4198	1721	0.4064629
4199	1148	0.99999964
4199	1188	0.9980843
4199	3114	0.984467
4199	73	0.9259963
4199	1381	0.7864287
4199	265	0.68645173
4199	457	0.6667245
4199	440	0.639428
4199	113	0.5132049
4199	2890	0.49553806
4200	2529	0.9835671
4200	2986	0.9449705
4200	1097	0.86260474
4200	1214	0.5891429
4200	1580	0.5780692
4200	1527	0.48283067
4200	1584	0.4291257
4200	1196	0.25631273
4200	1921	0.16452831
4200	1356	0.0743821
4201	2655	0.9620013
4201	1198	0.95557314
4201	2987	0.9480932
4201	2	0.8767969
4201	2585	0.7478074
4201	2088	0.67137086
4201	3285	0.65399355
4201	158	0.421484
4201	902	0.41132534
4201	609	0.34800833
4202	1210	0.6680768
4202	3362	0.22471249
4202	318	0.09042427
4202	1259	0.07632217
4202	296	0.07502225
4202	1378	0.06179273
4202	1240	0.056313455
4202	1267	0.052307278
4202	902	0.04834804
4202	608	0.03982511
4203	1	0.99991584
4203	1704	0.9893123
4203	1968	0.9521412
4203	2001	0.94666934
4203	371	0.87506217
4203	3114	0.7406213
4203	3412	0.69266146
4203	162	0.69007534
4203	1394	0.6482739
4203	2749	0.62024766
4204	1954	0.97931015
4204	1407	0.96770275
4204	1124	0.9524809
4204	47	0.93468183
4204	70	0.8602526
4204	21	0.8435055
4204	2640	0.75546086
4204	2858	0.7422965
4204	903	0.73183215
4204	1247	0.70259887
4205	1848	0.9984752
4205	1961	0.997773
4205	2683	0.90842915
4205	34	0.8021892
4205	2037	0.7929132
4205	2617	0.7714354
4205	2700	0.76359934
4205	2038	0.6643023
4205	2794	0.63634413
4205	2013	0.5954154
4206	1907	0.9999025
4206	1022	0.99883366
4206	3114	0.99637413
4206	673	0.98595726
4206	2085	0.9224589
4206	2096	0.9081631
4206	1033	0.8678508
4206	2087	0.8203623
4206	1566	0.80457497
4206	1099	0.7522263
4207	1197	0.99861705
4207	780	0.9975383
4207	1273	0.99594474
4207	3358	0.995893
4207	2468	0.994097
4207	2145	0.98337865
4207	2149	0.85637
4207	2918	0.83411753
4207	2985	0.79414195
4207	1178	0.7227383
4208	17	0.998899
4208	920	0.99642503
4208	1947	0.9736105
4208	900	0.97172076
4208	357	0.95255804
4208	1944	0.948614
4208	943	0.6643154
4208	1210	0.6090762
4208	377	0.5334849
4208	1277	0.47768474
4209	1397	0.9603131
4209	2908	0.95274353
4209	79	0.8553786
4209	2997	0.84158325
4209	2975	0.8225645
4209	2683	0.7799815
4209	2694	0.77200484
4209	2938	0.6550663
4209	2605	0.6474373
4209	3101	0.60565174
4210	160	0.9999969
4210	1527	0.9987726
4210	1862	0.99415755
4210	1876	0.9881645
4210	2322	0.9782307
4210	1665	0.9535059
4210	2428	0.9318476
4210	2687	0.34821847
4210	2722	0.34573638
4210	2232	0.18407145
4211	2877	0.0015009642
4211	1193	0.0014761984
4211	2145	0.00063687563
4211	1184	0.00018456578
4211	2858	0.00016152859
4211	909	0.00010869202
4211	2069	0.00010851946
4211	3370	0.00010819643
4211	1097	0.00010583793
4211	2398	9.973322e-05
4212	432	0.9577081
4212	1272	0.9480791
4212	157	0.9222905
4212	1266	0.8581355
4212	303	0.8373532
4212	2478	0.8142217
4212	2730	0.79307234
4212	1960	0.47256818
4212	1954	0.4162801
4212	2023	0.2928881
4213	172	0.99027485
4213	1379	0.9849552
4213	1220	0.9737587
4213	1876	0.9573665
4213	2530	0.91772866
4213	2549	0.8709588
4213	2000	0.81789947
4213	2150	0.8006587
4213	673	0.7590767
4213	2	0.7255318
4214	3262	0.9915825
4214	1252	0.9774339
4214	1198	0.9598144
4214	339	0.9573475
4214	1464	0.9566691
4214	2306	0.92915714
4214	480	0.9258729
4214	1088	0.88387734
4214	1381	0.84995353
4214	296	0.8287376
4215	589	0.9994185
4215	2313	0.99941474
4215	58	0.9934139
4215	2686	0.98683333
4215	2987	0.97920114
4215	1219	0.97421277
4215	2150	0.9575363
4215	25	0.93959105
4215	2571	0.91332877
4215	1197	0.8942829
4216	1073	0.20542863
4216	588	0.12446377
4216	1721	0.12413737
4216	1270	0.099521756
4216	1	0.05668509
4216	2059	0.033664525
4216	3114	0.03281042
4216	1888	0.024821162
4216	362	0.019774973
4216	1198	0.016856968
4217	2572	0.99385476
4217	3176	0.9925079
4217	2826	0.9905923
4217	230	0.98268735
4217	1271	0.9804155
4217	1222	0.9786216
4217	2273	0.966518
4217	333	0.9642092
4217	2078	0.9266096
4217	2710	0.9230921
4218	2469	0.9963734
4218	1078	0.9935169
4218	11	0.9929314
4218	3263	0.99001443
4218	1278	0.93892217
4218	1367	0.9176419
4218	2736	0.90520525
4218	830	0.89496547
4218	788	0.88619506
4218	3247	0.86865497
4219	2657	0.9799111
4219	2571	0.97627735
4219	1375	0.97262084
4219	2105	0.8288723
4219	1097	0.78606737
4219	2393	0.72577804
4219	329	0.7076874
4219	2094	0.6751214
4219	1196	0.67207664
4219	968	0.46951532
4220	3361	0.99791324
4220	3263	0.9976609
4220	1701	0.992924
4220	3072	0.986614
4220	1307	0.986384
4220	1914	0.97707206
4220	3260	0.9711647
4220	3301	0.9679868
4220	2795	0.94574857
4220	1357	0.9456887
4221	1254	0.9999895
4221	951	0.9999224
4221	919	0.9982909
4221	1069	0.99687207
4221	1219	0.9868953
4221	906	0.97857165
4221	898	0.9758693
4221	1253	0.9710622
4221	2654	0.968786
4221	912	0.95995426
4222	2161	0.9999679
4222	2140	0.9943984
4222	1263	0.96698457
4222	1193	0.9659107
4222	2797	0.96312875
4222	1252	0.9533787
4222	2364	0.9250341
4222	593	0.92240345
4222	1231	0.9001574
4222	1208	0.86610496
4223	1372	0.999985
4223	1396	0.9999457
4223	3418	0.9998975
4223	919	0.99973
4223	1210	0.99655426
4223	1129	0.995939
4223	1704	0.99335533
4223	1393	0.97600305
4223	2662	0.97102237
4223	1278	0.9698073
4224	39	0.99853384
4224	1028	0.99546736
4224	955	0.9936906
4224	1078	0.98946226
4224	2313	0.98831034
4224	1234	0.9788374
4224	587	0.9752983
4224	1029	0.97192264
4224	2599	0.9706143
4224	750	0.94970345
4225	1466	0.99970895
4225	2725	0.9908303
4225	25	0.99000955
4225	2858	0.98883617
4225	896	0.970438
4225	1840	0.94150627
4225	628	0.93619573
4225	232	0.8929003
4225	1192	0.89175093
4225	1392	0.890461
4226	2762	0.9995793
4226	2336	0.9894041
4226	223	0.88229823
4226	164	0.80727804
4226	2722	0.667773
4226	2605	0.61734414
4226	3159	0.5699481
4226	2333	0.4676693
4226	2599	0.40430418
4226	3157	0.23996773
4227	3175	0.9996079
4227	2009	0.99824727
4227	2640	0.9981252
4227	1408	0.9979255
4227	1732	0.9921762
4227	919	0.976254
4227	908	0.9503931
4227	1230	0.9283115
4227	1094	0.91320467
4227	2706	0.88624406
4228	318	0.97224665
4228	2997	0.91557133
4228	50	0.8428925
4228	1753	0.83346426
4228	3114	0.824009
4228	1213	0.75987214
4228	2762	0.7498009
4228	1923	0.56749463
4228	1089	0.5358016
4228	1465	0.42838264
4229	1641	0.99982464
4229	223	0.9964239
4229	2396	0.99357045
4229	39	0.9828275
4229	3263	0.97698236
4229	2041	0.9769678
4229	2700	0.9674926
4229	1090	0.9288832
4229	1517	0.9258768
4229	1210	0.91537845
4230	1210	0.028464735
4230	594	0.0076886117
4230	919	0.004102528
4230	858	0.0011367202
4230	260	0.0009810627
4230	1949	0.0007289648
4230	2662	0.0004943609
4230	2926	0.0004887879
4230	616	0.00043475628
4230	923	0.00022855401
4231	1240	0.9999082
4231	1198	0.9998099
4231	457	0.99856716
4231	1367	0.9980725
4231	1610	0.99769247
4231	1036	0.9942374
4231	2355	0.99355805
4231	3114	0.9926919
4231	367	0.99164176
4231	1213	0.9897535
4232	3328	0.9997874
4232	348	0.99694777
4232	1060	0.9744086
4232	316	0.9725691
4232	2369	0.96166015
4232	2891	0.95809746
4232	2772	0.95644724
4232	480	0.94501066
4232	367	0.9340377
4232	2879	0.9271513
4233	3362	0.99997723
4233	1641	0.99961466
4233	3067	0.99630195
4233	357	0.9956541
4233	1221	0.99201024
4233	1294	0.9774614
4233	2716	0.9691649
4233	898	0.9680985
4233	1208	0.96630657
4233	1952	0.95852405
4234	1215	0.99987906
4234	2936	0.9989698
4234	1394	0.9988782
4234	3035	0.996101
4234	1965	0.99478567
4234	1136	0.97377014
4234	1276	0.9423307
4234	39	0.93147933
4234	2087	0.9161446
4234	314	0.793203
4235	2028	0.99932826
4235	1617	0.99903846
4235	2159	0.99472415
4235	1265	0.9911975
4235	50	0.9729302
4235	2190	0.95638
4235	2571	0.9271581
4235	2289	0.91335547
4235	25	0.8520457
4235	3052	0.8458142
4236	2826	0.99051857
4236	123	0.9888495
4236	2369	0.983166
4236	913	0.9682016
4236	223	0.8879589
4236	2722	0.85414076
4236	247	0.84468585
4236	2688	0.8408787
4236	407	0.8241403
4236	1911	0.8030033
4237	1262	0.9998274
4237	608	0.99977744
4237	1028	0.99974656
4237	2997	0.9997139
4237	50	0.9996078
4237	733	0.99926865
4237	1732	0.9934957
4237	1079	0.97515374
4237	2412	0.9691263
4237	1961	0.9677038
4238	1544	0.99462706
4238	2372	0.9546617
4238	653	0.8840505
4238	2161	0.84345096
4238	1297	0.83633244
4238	2334	0.8140996
4238	1784	0.76805365
4238	2006	0.75371337
4238	1298	0.73755157
4238	1090	0.72727764
4239	541	0.99997354
4239	1270	0.9999206
4239	1253	0.9979836
4239	2662	0.9905176
4239	1210	0.9626714
4239	968	0.6834876
4239	527	0.5371779
4239	2985	0.21501723
4239	2363	0.13274696
4239	2858	0.110239804
4240	1079	0.99983525
4240	1132	0.9508692
4240	1721	0.94533277
4240	2463	0.93062985
4240	2739	0.91719466
4240	2985	0.89424044
4240	1286	0.78661
4240	3210	0.55836457
4240	3071	0.4298314
4240	1186	0.3970491
4241	1254	0.9999811
4241	1267	0.9981762
4241	919	0.99561685
4241	3174	0.99281687
4241	2763	0.98661816
4241	1876	0.9845089
4241	3317	0.9785218
4241	1617	0.9706285
4241	2985	0.9587248
4241	34	0.9507917
4242	2006	0.99756885
4242	2916	0.9922652
4242	2028	0.98750067
4242	1792	0.98443514
4242	1769	0.98413396
4242	15	0.97673273
4242	1100	0.96391845
4242	2826	0.9312364
4242	1356	0.9255199
4242	1552	0.9174037
4243	1200	0.9996613
4243	3274	0.9934292
4243	3197	0.9921776
4243	1587	0.9768133
4243	858	0.9602699
4243	1385	0.9597851
4243	2951	0.9584352
4243	376	0.93956375
4243	1378	0.93789124
4243	1954	0.9370918
4244	2683	0.5697662
4244	2428	0.17995831
4244	3175	0.154053
4244	2706	0.14157733
4244	2423	0.1293537
4244	1513	0.10369632
4244	2369	0.049283683
4244	2928	0.04122165
4244	1270	0.038028
4244	180	0.02976498
4245	2116	0.99979055
4245	2968	0.99856794
4245	2363	0.98846734
4245	3033	0.9883574
4245	674	0.98060775
4245	1289	0.9802478
4245	3375	0.94967484
4245	2287	0.9355265
4245	2041	0.83924353
4245	1297	0.8105489
4246	2746	0.9880526
4246	551	0.9811479
4246	2001	0.97724557
4246	1235	0.9591928
4246	969	0.74638546
4246	1374	0.7048496
4246	2657	0.54471695
4246	1968	0.33366305
4246	2949	0.27082306
4246	1081	0.26421988
4247	329	0.9997616
4247	1372	0.9970629
4247	2985	0.994499
4247	3033	0.957868
4247	480	0.94617814
4247	2407	0.902224
4247	1240	0.8869232
4247	1320	0.78633153
4247	2365	0.7424632
4247	3362	0.73866653
4248	1300	0.9999883
4248	2431	0.99698114
4248	6	0.98411036
4248	1240	0.9784949
4248	1616	0.96379936
4248	527	0.94588315
4248	2858	0.94480836
4248	3250	0.92899454
4248	2763	0.9146044
4248	2019	0.8677848
4249	1036	0.99998343
4249	454	0.999689
4249	1196	0.9993212
4249	1834	0.99877596
4249	1219	0.99832743
4249	1370	0.99525094
4249	1645	0.9939568
4249	2023	0.9936844
4249	2763	0.990592
4249	2058	0.99014163
4250	145	0.99999774
4250	2126	0.99999344
4250	380	0.99987996
4250	2427	0.99846035
4250	3256	0.9974679
4250	163	0.9937403
4250	2735	0.9768478
4250	2273	0.96446157
4250	1627	0.9503269
4250	2115	0.93752044
4251	2762	0.9999032
4251	3108	0.99958736
4251	1233	0.99949074
4251	6	0.99929404
4251	1704	0.99902475
4251	1589	0.9987619
4251	45	0.99481976
4251	52	0.9947969
4251	2700	0.99450815
4251	1358	0.9553838
4252	3063	0.999998
4252	861	0.9999734
4252	1597	0.9998733
4252	1625	0.9997511
4252	2762	0.998492
4252	1573	0.9978453
4252	2987	0.99748886
4252	1617	0.9927907
4252	1343	0.9832972
4252	663	0.9781677
4253	858	0.99888706
4253	1258	0.99735284
4253	920	0.96979153
4253	1348	0.9551499
4253	1953	0.9256699
4253	2716	0.9197948
4253	2106	0.88618106
4253	1256	0.87570906
4253	1233	0.858256
4253	1343	0.8561498
4254	2791	0.57918674
4254	110	0.45490518
4254	1288	0.21775004
4254	1257	0.08030665
4254	1210	0.06293267
4254	2000	0.036074907
4254	1198	0.031249553
4254	2018	0.019278973
4254	1028	0.016736269
4254	1394	0.014976531
4255	2398	0.99884117
4255	940	0.99566007
4255	2033	0.9911024
4255	858	0.97271794
4255	480	0.9507141
4255	1103	0.47800294
4255	3330	0.34262702
4255	502	0.32536098
4255	3224	0.30166048
4255	1008	0.2725891
4256	2762	0.9997897
4256	923	0.99840343
4256	296	0.9979654
4256	2210	0.99384177
4256	2204	0.9821081
4256	1617	0.955633
4256	1203	0.947063
4256	2858	0.9272294
4256	2186	0.8902466
4256	3301	0.8833641
4257	915	0.999992
4257	2491	0.99971473
4257	1380	0.9991033
4257	899	0.9986807
4257	1183	0.9924084
4257	1569	0.9817608
4257	1643	0.9791689
4257	902	0.9757659
4257	920	0.96652734
4257	380	0.94622034
4258	2011	0.9822432
4258	1259	0.97024417
4258	10	0.96958417
4258	500	0.9672042
4258	2640	0.9643539
4258	1297	0.95013726
4258	1777	0.90742534
4258	1256	0.8739687
4258	2746	0.8661735
4258	2724	0.8504114
4259	1359	0.99986315
4259	3268	0.99845827
4259	1961	0.99596727
4259	1598	0.95925915
4259	1588	0.9581474
4259	688	0.83050716
4259	2490	0.6552036
4259	1196	0.5342585
4259	1367	0.5338244
4259	1270	0.4945372
4260	1445	0.9991104
4260	1339	0.995049
4260	1408	0.9885986
4260	356	0.9801595
4260	1680	0.969088
4260	2451	0.96708333
4260	2006	0.8846614
4260	1388	0.87978023
4260	733	0.84407735
4260	293	0.83593965
4261	2023	0.99995315
4261	2058	0.9993356
4261	2139	0.9993243
4261	1387	0.99805605
4261	2002	0.99251074
4261	1356	0.9911483
4261	3213	0.97950053
4261	2533	0.9693433
4261	266	0.93572605
4261	2193	0.90885174
4262	2105	0.9990009
4262	2193	0.99880433
4262	2021	0.9976827
4262	2797	0.993436
4262	2143	0.97882533
4262	2628	0.95645857
4262	1376	0.9483565
4262	1014	0.8808172
4262	2641	0.8513187
4262	924	0.80651283
4263	1307	0.99551517
4263	2959	0.9953805
4263	2395	0.9899535
4263	2908	0.97071075
4263	1784	0.9706415
4263	2396	0.96150535
4263	2712	0.9601791
4263	1641	0.94168544
4263	2694	0.875552
4263	1961	0.8569778
4264	1947	0.99376816
4264	376	0.9213711
4264	1408	0.7143732
4264	339	0.6480861
4264	1721	0.63165593
4264	73	0.62718034
4264	1197	0.5410337
4264	1242	0.30626523
4264	161	0.2414391
4264	3111	0.22405899
4265	1270	0.9976473
4265	2709	0.99760675
4265	2300	0.99703515
4265	2094	0.9920652
4265	1294	0.99067736
4265	3039	0.9812373
4265	1371	0.9796703
4265	2001	0.96921957
4265	3104	0.96471477
4265	2948	0.9628475
4266	2720	0.95342815
4266	2188	0.90364736
4266	2605	0.75444293
4266	2038	0.60450864
4266	2995	0.300061
4266	2445	0.21167591
4266	2882	0.16976058
4266	2724	0.16121683
4266	3299	0.118867934
4266	3113	0.109680384
4267	2762	0.555402
4267	2712	0.330535
4267	2881	0.3121212
4267	785	0.2645117
4267	3113	0.16172686
4267	2541	0.08088234
4267	3219	0.07338631
4267	2707	0.06714055
4267	2598	0.040377587
4267	2699	0.026879042
4268	3088	0.9992115
4268	3334	0.99791574
4268	908	0.9974681
4268	3095	0.9968815
4268	1080	0.9621895
4268	111	0.95518273
4268	920	0.9492407
4268	3412	0.9479586
4268	150	0.9429575
4268	900	0.9424913
4269	2746	0.9959532
4269	1449	0.98779106
4269	2352	0.9831003
4269	2300	0.90253425
4269	3104	0.8632406
4269	3300	0.8563876
4269	3424	0.8523694
4269	2111	0.8156376
4269	3028	0.7761662
4269	671	0.7497846
4270	1254	0.8617617
4270	1167	0.6411315
4270	801	0.28824872
4270	1580	0.09679896
4270	2785	0.07166043
4270	1874	0.051666856
4270	1130	0.040637523
4270	928	0.016689062
4270	1812	0.014382601
4270	1	0.014244199
4271	2804	0.9958389
4271	2023	0.9813074
4271	356	0.95433706
4271	1949	0.9462211
4271	1259	0.9431349
4271	2761	0.938174
4271	2788	0.9290813
4271	161	0.90754974
4271	3088	0.9043011
4271	3159	0.88646066
4272	610	0.99994254
4272	3070	0.99829066
4272	2105	0.9943994
4272	2710	0.9937432
4272	780	0.9928367
4272	1253	0.98987603
4272	2699	0.988191
4272	1407	0.94571716
4272	2628	0.8247582
4272	2311	0.80344045
4273	1256	0.9697324
4273	1080	0.93844163
4273	1968	0.8980681
4273	1276	0.84165263
4273	1953	0.8294363
4273	3361	0.3510421
4273	111	0.17725545
4273	3362	0.15308684
4273	1270	0.072014034
4273	1262	0.015855253
4274	647	0.999864
4274	454	0.9996544
4274	1721	0.99962854
4274	802	0.99896944
4274	2320	0.99680567
4274	3250	0.9956027
4274	265	0.9939741
4274	207	0.99384856
4274	318	0.99187917
4274	1682	0.9825146
4275	837	0.9998564
4275	2628	0.9967289
4275	34	0.99117124
4275	1704	0.9689541
4275	2340	0.88923734
4275	1617	0.7881106
4275	520	0.7390147
4275	784	0.72991896
4275	50	0.7210096
4275	3114	0.6859039
4276	969	0.99957454
4276	153	0.99586034
4276	1968	0.9863695
4276	1019	0.98494637
4276	2858	0.983066
4276	2137	0.9526602
4276	1031	0.9524442
4276	2123	0.9501258
4276	2791	0.94468266
4276	1562	0.92026675
4277	2011	0.99597144
4277	1391	0.99451816
4277	1206	0.9763114
4277	3408	0.922265
4277	1	0.9110577
4277	2333	0.8903276
4277	2268	0.88590336
4277	908	0.8837304
4277	2070	0.86416674
4277	2140	0.85672736
4278	511	0.99995863
4278	1240	0.9953402
4278	377	0.9842121
4278	2826	0.9694681
4278	457	0.952834
4278	2944	0.8904538
4278	1220	0.8715521
4278	861	0.87037206
4278	459	0.8205427
4278	1215	0.81060964
4279	1717	0.999384
4279	1196	0.9988047
4279	377	0.9945513
4279	260	0.9528396
4279	1101	0.93790776
4279	1221	0.9107274
4279	2167	0.8980216
4279	532	0.89627516
4279	1980	0.75033176
4279	1429	0.7442105
4280	2542	0.9992877
4280	1923	0.99918777
4280	410	0.9932062
4280	21	0.9882727
4280	2997	0.9830979
4280	1777	0.9720113
4280	2720	0.94592774
4280	1500	0.93531835
4280	1210	0.92684484
4280	235	0.89851665
4281	2145	0.9999981
4281	1957	0.9986235
4281	1079	0.9954894
4281	1101	0.99202764
4281	2639	0.9707259
4281	34	0.9662765
4281	1359	0.92344844
4281	2926	0.87877584
4281	1090	0.87277555
4281	1953	0.85692596
4282	1380	0.9993777
4282	1583	0.9960274
4282	2746	0.98270553
4282	2100	0.98159266
4282	2423	0.9646691
4282	2406	0.9404421
4282	2518	0.8540271
4282	2683	0.31347305
4282	1517	0.3112012
4282	1345	0.30905455
4283	2144	0.99999833
4283	1028	0.99987113
4283	2136	0.9997871
4283	1042	0.9869625
4283	934	0.98338413
4283	2109	0.9769748
4283	2081	0.9481702
4283	34	0.93433774
4283	2779	0.931057
4283	919	0.92883
4284	786	0.999998
4284	648	0.99996495
4284	1527	0.9999642
4284	1833	0.99953604
4284	733	0.9993463
4284	1429	0.9990535
4284	1049	0.99726915
4284	2826	0.99337566
4284	153	0.9731786
4284	480	0.9702587
4285	3254	0.99419093
4285	2355	0.9800736
4285	552	0.972835
4285	3247	0.96401393
4285	2791	0.94540596
4285	317	0.9337177
4285	2174	0.87998724
4285	2987	0.8363439
4285	3397	0.8325876
4285	1064	0.82278913
4286	2804	0.9993418
4286	1237	0.99859023
4286	3088	0.9955869
4286	34	0.9944569
4286	1997	0.97956336
4286	1235	0.9684044
4286	162	0.9661958
4286	1265	0.9601836
4286	3359	0.9598251
4286	1927	0.95458794
4287	2641	0.99843395
4287	329	0.95368433
4287	1597	0.9331433
4287	1101	0.9272362
4287	1373	0.8842802
4287	1287	0.76560235
4287	1690	0.7244301
4287	1387	0.7011806
4287	527	0.68724686
4287	442	0.6533939
4288	1246	0.9987392
4288	1954	0.99712384
4288	1240	0.9868984
4288	1955	0.96478623
4288	592	0.9198997
4288	2194	0.79670924
4288	2985	0.72534
4288	2804	0.70747364
4288	2145	0.5999515
4288	3090	0.56921625
4289	2406	0.99998957
4289	2802	0.99997103
4289	2021	0.9999206
4289	2791	0.99965984
4289	1135	0.99904245
4289	1270	0.99763906
4289	2174	0.99638337
4289	2478	0.9963531
4289	1321	0.9948718
4289	1967	0.994575
4290	1198	0.99997985
4290	3147	0.999242
4290	1196	0.9988079
4290	11	0.9955245
4290	508	0.99387
4290	2268	0.9880992
4290	919	0.9725814
4290	111	0.9680376
4290	858	0.9505063
4290	1914	0.9450847
4291	2409	0.99929535
4291	2985	0.9983684
4291	95	0.99644154
4291	480	0.99404585
4291	2872	0.9934427
4291	204	0.9923772
4291	2802	0.9727373
4291	737	0.94592804
4291	2947	0.93986505
4291	1573	0.9269747
4292	2355	0.99999785
4292	3016	0.9997513
4292	2699	0.9959238
4292	2907	0.9952905
4292	1259	0.9873886
4292	2916	0.9842341
4292	3177	0.9785857
4292	24	0.97514147
4292	353	0.92199737
4292	2763	0.873646
4293	3307	0.99948835
4293	1235	0.99927557
4293	1203	0.9960731
4293	586	0.98568726
4293	3105	0.96404666
4293	2088	0.959817
4293	1265	0.9079673
4293	3082	0.8900769
4293	58	0.88069344
4293	1238	0.8772386
4294	2860	0.99999285
4294	2797	0.9998567
4294	2424	0.9997771
4294	2683	0.99960136
4294	2791	0.9973437
4294	1036	0.9959365
4294	1682	0.9955931
4294	356	0.99241936
4294	2498	0.9909693
4294	2012	0.98960507
4295	2122	1.0
4295	2886	0.9986671
4295	1515	0.99845326
4295	410	0.9983045
4295	1441	0.9952111
4295	2015	0.99308276
4295	3428	0.9898751
4295	23	0.9594376
4295	19	0.93387353
4295	352	0.92620766
4296	2826	0.9999964
4296	2712	0.99995404
4296	3004	0.9919597
4296	3005	0.991269
4296	2997	0.984331
4296	2858	0.96263325
4296	2428	0.95316076
4296	785	0.932649
4296	1784	0.7693237
4296	2683	0.7362729
4297	1224	0.9999472
4297	1235	0.98230016
4297	1189	0.98225385
4297	1304	0.97636527
4297	1233	0.9745344
4297	2352	0.9681483
4297	3083	0.9173988
4297	1961	0.9140338
4297	1197	0.90916467
4297	1673	0.6693176
4298	2361	0.9979147
4298	3033	0.9905025
4298	2132	0.9901654
4298	1097	0.9892771
4298	1734	0.98889244
4298	3422	0.9632272
4298	2413	0.96213734
4298	2788	0.9540597
4298	318	0.93582535
4298	1089	0.9233637
4299	733	0.9967765
4299	2028	0.9950503
4299	440	0.9928714
4299	587	0.9927324
4299	457	0.992066
4299	150	0.9917938
4299	1641	0.9888605
4299	3256	0.98755836
4299	1265	0.9871323
4299	3114	0.98551404
4300	2294	0.99993706
4300	1688	0.99748945
4300	1907	0.9968711
4300	2090	0.9243094
4300	2080	0.9171652
4300	2997	0.91387033
4300	720	0.8736608
4300	39	0.7854775
4300	1405	0.71805406
4300	593	0.7025542
4301	2067	0.9999951
4301	3196	0.99920934
4301	1233	0.9946716
4301	2476	0.9864849
4301	1272	0.92112577
4301	1953	0.88674426
4301	991	0.860203
4301	1944	0.85013294
4301	647	0.8477992
4301	1183	0.79934585
4302	2312	0.99909353
4302	3359	0.99500227
4302	1247	0.9940431
4302	1694	0.9926004
4302	480	0.99243844
4302	1422	0.99052066
4302	1021	0.98118407
4302	454	0.97072
4302	1608	0.9655912
4302	3247	0.9624579
4303	2988	0.99861073
4303	628	0.99117297
4303	527	0.9851198
4303	1358	0.9698846
4303	678	0.9265722
4303	3104	0.9263353
4303	2427	0.8976437
4303	514	0.8901546
4303	3246	0.8610291
4303	590	0.859295
4304	318	0.99970245
4304	1268	0.999592
4304	307	0.99891794
4304	778	0.9981371
4304	608	0.9975051
4304	32	0.9936513
4304	1784	0.9828843
4304	50	0.98105276
4304	2858	0.9773304
4304	1213	0.9721049
4305	1219	0.9997231
4305	2710	0.9995197
4305	1196	0.98612773
4305	2657	0.97919786
4305	3176	0.95970154
4305	1214	0.9505807
4305	1918	0.9499074
4305	2046	0.94388723
4305	1200	0.93240535
4305	1589	0.9031896
4306	589	0.9997698
4306	1252	0.99817336
4306	3204	0.99007237
4306	1332	0.98669565
4306	3427	0.98622406
4306	1127	0.97811127
4306	904	0.9680624
4306	695	0.88716686
4306	1953	0.88539433
4306	903	0.8739407
4307	3095	0.9326798
4307	2804	0.5546567
4307	356	0.46179077
4307	527	0.40821737
4307	593	0.38617402
4307	2329	0.37581605
4307	1197	0.35925037
4307	3301	0.18383938
4307	3299	0.097548634
4307	3421	0.0974969
4308	2840	0.99999833
4308	1193	0.99475336
4308	2581	0.9909812
4308	2694	0.9840776
4308	2712	0.97406703
4308	10	0.93540657
4308	2762	0.9277437
4308	1620	0.8966502
4308	2541	0.87649584
4308	2041	0.85422814
4309	3408	0.9991461
4309	1704	0.99792445
4309	3174	0.9931667
4309	1673	0.9929458
4309	3178	0.9880483
4309	1401	0.9872723
4309	2762	0.9854232
4309	2501	0.98073614
4309	1610	0.9769123
4309	1059	0.96927774
4310	253	1.0
4310	3020	0.98932827
4310	306	0.98881906
4310	3259	0.98651326
4310	2268	0.968009
4310	47	0.9352175
4310	3252	0.934908
4310	2278	0.90738344
4310	357	0.89889264
4310	1748	0.89608234
4311	1019	0.9998362
4311	1198	0.9958277
4311	2944	0.97503656
4311	941	0.95619524
4311	480	0.9277437
4311	940	0.87854534
4311	897	0.86210954
4311	1254	0.8589883
4311	2373	0.8507848
4311	1073	0.8425389
4312	1285	0.99272174
4312	919	0.98072404
4312	3108	0.9443145
4312	2692	0.8889922
4312	441	0.8630044
4312	924	0.82404137
4312	2985	0.7869437
4312	1288	0.7861512
4312	3033	0.7773007
4312	1220	0.7328636
4313	1732	0.9963033
4313	1370	0.97630155
4313	1222	0.9682159
4313	2001	0.95060825
4313	145	0.93841213
4313	1304	0.9005282
4313	1916	0.8904382
4313	1127	0.88440126
4313	589	0.8818215
4313	368	0.8237567
4314	2858	0.9292377
4314	3114	0.90492606
4314	1270	0.32349318
4314	260	0.28463268
4314	870	0.0840258
4314	1440	0.04732409
4314	366	0.045015693
4314	1836	0.03996852
4314	3081	0.03758332
4314	3175	0.03712231
4315	2628	0.99964106
4315	1196	0.9984342
4315	3040	0.998195
4315	1968	0.9960972
4315	2720	0.99583256
4315	1257	0.994699
4315	316	0.993701
4315	2500	0.98738647
4315	2174	0.98622596
4315	260	0.9801847
4316	1198	0.9850412
4316	2890	0.92771065
4316	1240	0.9236324
4316	1374	0.88426024
4316	2359	0.8722695
4316	2908	0.8689536
4316	3189	0.69500464
4316	2966	0.6543002
4316	3177	0.57093936
4316	2501	0.4840779
4317	1214	0.9999987
4317	2968	0.99998844
4317	1270	0.99711096
4317	1921	0.99620235
4317	541	0.9930059
4317	1179	0.97466636
4317	2009	0.96305704
4317	1396	0.9097545
4317	1653	0.8370443
4317	1127	0.6300401
4318	1391	0.99529696
4318	1275	0.95852274
4318	1036	0.93561983
4318	2641	0.9334383
4318	1500	0.9332882
4318	2791	0.9326105
4318	785	0.8747395
4318	372	0.8613204
4318	1385	0.80058384
4318	1220	0.7973509
4319	2504	0.9997935
4319	2539	0.9890536
4319	344	0.98067665
4319	408	0.97664106
4319	1007	0.97284675
4319	34	0.9689939
4319	281	0.9517442
4319	924	0.94589615
4319	1784	0.86658335
4319	19	0.8386365
4320	3366	0.99998975
4320	1240	0.9988606
4320	1085	0.9965888
4320	2115	0.88964546
4320	292	0.7777641
4320	3406	0.72715205
4320	1036	0.68668526
4320	2366	0.63684094
4320	225	0.3621976
4320	1676	0.3123166
4321	1230	0.97720426
4321	1256	0.97342926
4321	1270	0.9233344
4321	3072	0.6862657
4321	3099	0.6834815
4321	3189	0.583027
4321	3198	0.44924816
4321	915	0.36275917
4321	3307	0.33810586
4321	3141	0.2685792
4322	111	0.9988732
4322	3111	0.99866605
4322	3147	0.99807495
4322	1952	0.9880831
4322	1784	0.98735857
4322	2875	0.9623158
4322	911	0.9617752
4322	2764	0.95348954
4322	2433	0.942055
4322	2194	0.9358963
4323	1073	0.99907637
4323	1586	0.99589413
4323	586	0.9915905
4323	1031	0.977387
4323	2000	0.9553785
4323	736	0.95463276
4323	377	0.9340167
4323	1626	0.9231381
4323	3257	0.8964591
4323	3100	0.8460474
4324	3307	0.99876785
4324	2677	0.99621534
4324	919	0.99181557
4324	2361	0.9890992
4324	1261	0.97799593
4324	1945	0.9663385
4324	908	0.96616733
4324	1198	0.95598435
4324	954	0.94552696
4324	3416	0.9453044
4325	3005	0.99868476
4325	2716	0.8148249
4325	2707	0.73844093
4325	2174	0.70965683
4325	2770	0.26037243
4325	2245	0.16318452
4325	2572	0.115121275
4325	2797	0.035252005
4325	2995	0.03393653
4325	3016	0.03244379
4326	213	0.9970844
4326	590	0.9803152
4326	358	0.9387211
4326	628	0.9216563
4326	3006	0.9086698
4326	17	0.8239671
4326	593	0.7148581
4326	265	0.62478256
4326	1466	0.570405
4326	1704	0.53742385
4327	2827	0.99999475
4327	908	0.99931574
4327	1225	0.9990623
4327	1396	0.9967114
4327	1267	0.9930897
4327	1459	0.9629328
4327	923	0.9625871
4327	2985	0.9347619
4327	590	0.9332263
4327	1625	0.9309131
4328	1645	0.9996951
4328	1267	0.9992492
4328	1200	0.9984481
4328	1094	0.99817485
4328	799	0.99766004
4328	1242	0.9899607
4328	969	0.98969495
4328	919	0.96979326
4328	1729	0.96486664
4328	2028	0.9619821
4329	1721	0.99915165
4329	2763	0.9983641
4329	3114	0.99570155
4329	1262	0.9933242
4329	2006	0.99287176
4329	1265	0.99143386
4329	2396	0.99036384
4329	260	0.98011506
4329	2797	0.9756068
4329	3175	0.9718517
4330	1277	0.99973404
4330	58	0.9958931
4330	1204	0.988218
4330	1300	0.9505161
4330	1246	0.94410825
4330	527	0.9429164
4330	1957	0.9327036
4330	2019	0.92862844
4330	111	0.8887337
4330	3129	0.8713208
4331	1261	0.9999094
4331	415	0.875188
4331	2976	0.693633
4331	253	0.6865186
4331	1310	0.6192847
4331	434	0.43498677
4331	3082	0.38384965
4331	2616	0.33113563
4331	266	0.29225782
4331	2001	0.28542328
4332	678	0.88452756
4332	2889	0.8175281
4332	593	0.75146365
4332	1499	0.4257663
4332	1043	0.16739234
4332	527	0.11974928
4332	2468	0.117522
4332	3300	0.053920716
4332	2739	0.053444386
4332	1346	0.040701807
4333	2138	0.9999994
4333	1206	0.9999248
4333	2628	0.99991345
4333	2054	0.9968337
4333	1301	0.99211955
4333	1214	0.98852444
4333	2959	0.97394466
4333	1223	0.9567229
4333	2665	0.9443865
4333	1215	0.9085903
4334	2901	0.9999906
4334	2867	0.99834406
4334	407	0.9982679
4334	1387	0.9949782
4334	742	0.98444796
4334	593	0.9528481
4334	2377	0.9355564
4334	1240	0.92907083
4334	2713	0.84505177
4334	1270	0.73228323
4335	2424	0.998371
4335	2288	0.99359983
4335	368	0.97944516
4335	3363	0.97454584
4335	2926	0.96400905
4335	367	0.96247196
4335	1299	0.96148634
4335	2701	0.9435247
4335	1711	0.940756
4335	1127	0.92894006
4336	500	0.99999964
4336	2539	0.99973047
4336	762	0.99873555
4336	2497	0.996289
4336	1042	0.97847253
4336	2567	0.9755871
4336	785	0.97457325
4336	104	0.9651511
4336	2683	0.9591974
4336	1837	0.9476936
4337	2427	0.9989692
4337	724	0.9985718
4337	1253	0.99456847
4337	2664	0.9924122
4337	296	0.9913629
4337	3210	0.99019
4337	111	0.9813297
4337	1257	0.9638266
4337	2997	0.96185887
4337	2710	0.9575989
4338	1374	0.8051219
4338	110	0.6156099
4338	1210	0.49047282
4338	2858	0.40182817
4338	1721	0.3112214
4338	3178	0.29339552
4338	2002	0.23050424
4338	1304	0.20867673
4338	2628	0.11101404
4338	1580	0.106006235
4339	1792	0.9999852
4339	3020	0.99933237
4339	1876	0.9939697
4339	9	0.98594415
4339	145	0.9834118
4339	1586	0.980342
4339	2628	0.9665172
4339	2335	0.9454725
4339	3175	0.93276787
4339	3052	0.92384815
4340	318	0.9992782
4340	50	0.9988172
4340	608	0.9977838
4340	1569	0.9437933
4340	1265	0.91690475
4340	1	0.8151083
4340	527	0.80563676
4340	2396	0.7949414
4340	1704	0.7589786
4340	2599	0.7002456
4341	1586	0.9999737
4341	356	0.9935608
4341	1784	0.9888799
4341	2858	0.9881271
4341	589	0.9826326
4341	318	0.92672634
4341	1704	0.8426579
4341	2427	0.8389109
4341	2571	0.8355323
4341	1210	0.7977098
4342	2463	0.9984386
4342	2917	0.9923387
4342	786	0.99233174
4342	160	0.99204075
4342	2194	0.9872455
4342	1479	0.9763493
4342	1274	0.94104195
4342	50	0.9394074
4342	1385	0.916468
4342	2513	0.8782762
4343	1625	1.0
4343	1476	0.9988537
4343	2416	0.9942956
4343	25	0.989908
4343	597	0.9860486
4343	3255	0.9813539
4343	164	0.958557
4343	3246	0.95178246
4343	3252	0.9474805
4343	161	0.9367894
4344	1278	0.99999106
4344	2145	0.9947741
4344	1391	0.95805967
4344	3421	0.9535206
4344	2406	0.9491792
4344	3156	0.93194884
4344	2321	0.9162678
4344	348	0.9150122
4344	2405	0.8872311
4344	1203	0.88072443
4345	497	0.9995531
4345	2245	0.99899495
4345	3261	0.9733827
4345	3317	0.9570263
4345	593	0.9408557
4345	474	0.9371551
4345	1240	0.92405695
4345	1396	0.88705087
4345	1513	0.8585079
4345	2331	0.8578545
4346	2889	0.99951
4346	1377	0.99934626
4346	737	0.99886286
4346	2423	0.98883855
4346	3082	0.9875866
4346	2078	0.9860287
4346	3007	0.9856818
4346	2762	0.9841957
4346	2351	0.9816109
4346	1261	0.97727656
4347	2841	0.9967907
4347	1625	0.9874994
4347	2719	0.98326516
4347	2155	0.9831073
4347	1551	0.9758947
4347	1193	0.97396505
4347	364	0.9680743
4347	1660	0.9647734
4347	3355	0.9528575
4347	457	0.9508462
4348	3147	0.9963113
4348	3098	0.9954021
4348	110	0.9822047
4348	1079	0.9604488
4348	2959	0.9582846
4348	1094	0.9275056
4348	3255	0.6821995
4348	32	0.6798068
4348	1193	0.6410797
4348	1225	0.5716562
4349	2203	0.9831799
4349	2208	0.93095267
4349	1069	0.92672664
4349	1858	0.7796933
4349	3030	0.68908626
4349	2186	0.5404209
4349	688	0.48610252
4349	1196	0.4762136
4349	1274	0.3571806
4349	1270	0.32617038
4350	593	0.9781669
4350	780	0.95049787
4350	1199	0.93570936
4350	1354	0.87348104
4350	2160	0.8012463
4350	1230	0.7841735
4350	2450	0.7544607
4350	2643	0.4643336
4350	1682	0.38620836
4350	512	0.3774402
4351	741	0.9964206
4351	1653	0.834044
4351	2985	0.80475485
4351	3273	0.7858975
4351	1334	0.61429906
4351	2959	0.56327254
4351	3081	0.5551331
4351	1615	0.50001055
4351	3298	0.43757746
4351	2407	0.30416363
4352	2502	0.99773014
4352	788	0.9954636
4352	527	0.96642315
4352	2366	0.9627603
4352	372	0.95936155
4352	2396	0.9374424
4352	592	0.9324274
4352	3072	0.9187026
4352	1732	0.91021204
4352	1569	0.90539145
4353	2949	0.9995794
4353	1221	0.9961014
4353	1261	0.95480645
4353	3418	0.94274676
4353	1214	0.916322
4353	1196	0.91373867
4353	110	0.9107938
4353	2001	0.903972
4353	2115	0.8102999
4353	1047	0.7863158
4354	608	0.896153
4354	1954	0.8923172
4354	2405	0.8360994
4354	2373	0.81782615
4354	3068	0.7848104
4354	1517	0.7674208
4354	2416	0.75479627
4354	3147	0.74036807
4354	2282	0.7395097
4354	2533	0.73069304
4355	1253	0.9999557
4355	750	0.9966835
4355	2533	0.93717635
4355	2454	0.8653882
4355	2985	0.8541059
4355	1077	0.82442
4355	2009	0.81476015
4355	2657	0.807478
4355	2968	0.76694894
4355	1200	0.7450429
4356	1358	0.99938107
4356	1674	0.9961266
4356	1953	0.99530715
4356	3361	0.9940992
4356	1278	0.99240005
4356	32	0.9910263
4356	2915	0.98709077
4356	3255	0.9840988
4356	1678	0.9795449
4356	1663	0.9650475
4357	2080	0.99997747
4357	920	0.9999552
4357	357	0.9996283
4357	2424	0.9992511
4357	1357	0.9955573
4357	587	0.9928498
4357	1265	0.9926905
4357	39	0.98764205
4357	1393	0.9858841
4357	539	0.98374486
4358	290	0.96573186
4358	3194	0.95199895
4358	968	0.9176053
4358	1345	0.7707957
4358	2288	0.5655416
4358	3024	0.4365787
4358	483	0.4324047
4358	858	0.3821026
4358	1387	0.2646798
4358	1097	0.20935711
4359	1022	0.9922149
4359	1909	0.9913332
4359	3285	0.95531946
4359	1073	0.9035616
4359	223	0.8969264
4359	2161	0.88296723
4359	2565	0.83599186
4359	2657	0.82084095
4359	2138	0.7289422
4359	2791	0.6406549
4360	2082	0.9999994
4360	588	0.9998897
4360	2797	0.99854916
4360	2003	0.9974878
4360	2794	0.99342537
4360	1265	0.97420555
4360	339	0.93790066
4360	1485	0.91460025
4360	1307	0.9105585
4360	708	0.9000065
4361	588	0.9996832
4361	1240	0.9996608
4361	1219	0.99964786
4361	357	0.99959314
4361	1344	0.9995122
4361	2080	0.9973611
4361	2085	0.9951147
4361	2916	0.9879434
4361	1197	0.9872585
4361	955	0.98117095
4362	2772	0.99547756
4362	748	0.9825386
4362	2951	0.9817995
4362	1617	0.974343
4362	2555	0.967378
4362	1377	0.9574398
4362	2094	0.9453721
4362	1732	0.9440949
4362	2701	0.92024064
4362	849	0.9074826
4363	296	0.9741441
4363	457	0.96853507
4363	1584	0.9606605
4363	2535	0.95967674
4363	3396	0.91909385
4363	3244	0.9005439
4363	1028	0.83164597
4363	356	0.82587266
4363	3362	0.74981564
4363	919	0.7225027
4364	653	0.9999653
4364	2140	0.984059
4364	421	0.9284766
4364	745	0.9054556
4364	2116	0.890731
4364	1372	0.837932
4364	3070	0.7803445
4364	741	0.77485013
4364	761	0.6305116
4364	2051	0.61540216
4365	2028	0.4630944
4365	648	0.43669003
4365	2381	0.05390811
4365	3049	0.041158795
4365	3035	0.03048104
4365	2208	0.022963166
4365	688	0.022424132
4365	3263	0.015045285
4365	2858	0.010771483
4365	296	0.009608507
4366	1732	0.9998458
4366	480	0.9996566
4366	2078	0.99239635
4366	253	0.9836558
4366	1198	0.9775268
4366	3263	0.94758415
4366	356	0.9415492
4366	1265	0.89456975
4366	1259	0.89287275
4366	1270	0.8857357
4367	1220	0.76025945
4367	595	0.73374414
4367	1007	0.7302341
4367	1203	0.5992441
4367	2445	0.50222284
4367	1588	0.49937332
4367	1206	0.46299565
4367	541	0.4624693
4367	1939	0.46071994
4367	412	0.41892818
4368	592	0.9999863
4368	1294	0.9973163
4368	2406	0.9961158
4368	2527	0.9947722
4368	1858	0.99232465
4368	1610	0.99158776
4368	70	0.9762144
4368	1197	0.9735573
4368	1408	0.9734694
4368	2701	0.95443785
4369	527	0.9989319
4369	2303	0.99648243
4369	111	0.9957925
4369	2971	0.995492
4369	1422	0.9932524
4369	3359	0.9909811
4369	2847	0.9506953
4369	1206	0.9431923
4369	593	0.9410129
4369	1228	0.9366876
4370	150	0.999964
4370	3148	0.99990374
4370	74	0.9984142
4370	36	0.99549496
4370	3155	0.9902422
4370	412	0.9764134
4370	1704	0.97586703
4370	1643	0.97241586
4370	527	0.9436517
4370	3147	0.93091756
4371	1296	0.9999965
4371	2443	0.9992041
4371	2396	0.9980031
4371	28	0.9718759
4371	222	0.9698641
4371	2671	0.96470904
4371	509	0.9544233
4371	461	0.9494313
4371	543	0.94101924
4371	1193	0.92986596
4372	3174	0.998544
4372	2006	0.9939992
4372	2370	0.9903854
4372	3082	0.9783629
4372	2959	0.97636366
4372	3051	0.95096755
4372	2919	0.9284533
4372	3176	0.8914221
4372	2712	0.7910603
4372	1221	0.78045595
4373	260	0.99960995
4373	1663	0.9983784
4373	1982	0.9983449
4373	1994	0.99802566
4373	924	0.9966358
4373	1784	0.9942161
4373	3204	0.9929162
4373	1250	0.99254274
4373	1222	0.982473
4373	3253	0.9766697
4374	1342	0.9999925
4374	2617	0.9999821
4374	380	0.999961
4374	2321	0.99975413
4374	1544	0.9991531
4374	1580	0.99741256
4374	2167	0.99343
4374	2599	0.9922978
4374	2759	0.9893395
4374	165	0.9890031
4375	2340	0.9999149
4375	2352	0.99352074
4375	539	0.98237944
4375	104	0.9761519
4375	160	0.96822083
4375	376	0.9499384
4375	339	0.94795275
4375	3157	0.93952227
4375	3	0.9167582
4375	3101	0.8983509
4376	356	0.99999124
4376	2706	0.9999559
4376	2908	0.999898
4376	1094	0.9993799
4376	1370	0.9989207
4376	39	0.9978592
4376	2916	0.9947492
4376	110	0.99333453
4376	1126	0.98868287
4376	2881	0.9872724
4377	442	0.99641275
4377	507	0.95626
4377	2762	0.9262911
4377	368	0.9105077
4377	3113	0.90973616
4377	3316	0.863837
4377	2959	0.8602118
4377	1831	0.8307814
4377	2807	0.7721331
4377	3274	0.686808
4378	3421	0.9999697
4378	2605	0.99994767
4378	2000	0.999533
4378	2918	0.9975539
4378	1200	0.99724436
4378	2599	0.99665505
4378	953	0.995553
4378	3004	0.9945427
4378	1278	0.9929664
4378	3210	0.9867816
4379	1784	0.99953
4379	45	0.9957569
4379	1603	0.99494815
4379	500	0.9898921
4379	1191	0.98302794
4379	265	0.9775338
4379	1500	0.9729091
4379	593	0.93278307
4379	104	0.9286357
4379	1468	0.9281121
4380	3176	0.99978983
4380	3082	0.99954474
4380	95	0.9995197
4380	2245	0.999115
4380	527	0.998762
4380	2423	0.9923841
4380	1092	0.9718675
4380	1805	0.97175884
4380	230	0.94612247
4380	2243	0.93757915
4381	2542	0.99992955
4381	3072	0.99801195
4381	1194	0.98082274
4381	1073	0.97773564
4381	3178	0.9757005
4381	1805	0.97127044
4381	2723	0.9538399
4381	86	0.93906707
4381	480	0.92857003
4381	1090	0.89988554
4382	29	0.9994245
4382	3081	0.9987664
4382	2395	0.99865633
4382	1625	0.98977226
4382	3386	0.96526897
4382	377	0.9407091
4382	253	0.8786411
4382	589	0.8603332
4382	3148	0.785035
4382	529	0.74679977
4383	318	0.71440417
4383	2331	0.3322271
4383	920	0.16820762
4383	2762	0.1332624
4383	923	0.11450958
4383	1094	0.098792136
4383	253	0.053437352
4383	3125	0.02017793
4383	2567	0.019908458
4383	3189	0.018207103
4384	3087	0.999984
4384	1663	0.9993137
4384	1288	0.9986223
4384	785	0.9978096
4384	1476	0.9977665
4384	1215	0.9972675
4384	2702	0.9834638
4384	1777	0.9830131
4384	2567	0.9813174
4384	2313	0.97956055
4385	2889	0.8385222
4385	2410	0.5847332
4385	3129	0.42098022
4385	296	0.066313624
4385	2628	0.0641053
4385	3174	0.045362324
4385	593	0.038082957
4385	2912	0.0286178
4385	2762	0.023355842
4385	2966	0.021758556
4386	1373	0.9993815
4386	1961	0.9993452
4386	2291	0.9873469
4386	3361	0.9775479
4386	2527	0.9756524
4386	2763	0.95610803
4386	968	0.9463433
4386	2344	0.93236864
4386	1282	0.9315623
4386	1589	0.9018632
4387	1222	0.993459
4387	898	0.9208107
4387	2316	0.91217196
4387	928	0.9014403
4387	1101	0.8879338
4387	3147	0.86745435
4387	1265	0.85395885
4387	1193	0.74034756
4387	1527	0.73528564
4387	2699	0.7271721
4388	3107	0.9991149
4388	2598	0.99855244
4388	2949	0.9976611
4388	1265	0.98558766
4388	3114	0.9760549
4388	1544	0.97501034
4388	2373	0.974477
4388	1562	0.9566579
4388	1240	0.9469386
4388	1135	0.92002547
4389	3175	0.99569845
4389	1955	0.9878551
4389	3174	0.98285156
4389	356	0.9307239
4389	2639	0.91483086
4389	352	0.8603165
4389	1136	0.8573388
4389	3421	0.8186416
4389	2706	0.81629074
4389	1221	0.81491953
4390	44	0.99976885
4390	2006	0.9967551
4390	3020	0.9930011
4390	368	0.9821853
4390	288	0.9550681
4390	1037	0.95045996
4390	1459	0.73938274
4390	1591	0.7271233
4390	52	0.70615923
4390	420	0.6913677
4391	1367	0.9999144
4391	2072	0.99830496
4391	2541	0.9945016
4391	3206	0.9764462
4391	1203	0.83036816
4391	1032	0.81993747
4391	3213	0.7911415
4391	2141	0.7557217
4391	3394	0.7249749
4391	153	0.7188045
4392	1320	0.94982564
4392	2572	0.78044164
4392	2683	0.7476534
4392	1339	0.5932352
4392	932	0.5699027
4392	410	0.38019657
4392	1690	0.3184428
4392	2817	0.27789176
4392	2710	0.26403344
4392	2793	0.08677533
4393	2997	0.80639315
4393	1196	0.7182627
4393	110	0.5702924
4393	2826	0.40345144
4393	3355	0.354141
4393	585	0.2768228
4393	1466	0.15251979
4393	356	0.10622156
4393	1003	0.079306275
4393	2759	0.057880253
4394	2826	0.8373261
4394	111	0.7600491
4394	2959	0.61349183
4394	3072	0.5934425
4394	2694	0.3976183
4394	1459	0.39426228
4394	920	0.15280649
4394	2907	0.13968721
4394	2762	0.13798118
4394	1061	0.118112564
4395	457	0.9996328
4395	165	0.99920315
4395	170	0.9990947
4395	1580	0.97583807
4395	1127	0.95917296
4395	1556	0.9567033
4395	3257	0.95239526
4395	2762	0.91288745
4395	1479	0.91154957
4395	2353	0.8131093
4396	1221	0.9999658
4396	1233	0.99988234
4396	2000	0.9993798
4396	858	0.99754864
4396	3362	0.99722624
4396	1089	0.9706657
4396	296	0.9688186
4396	111	0.9669448
4396	608	0.96435714
4396	431	0.9361663
4397	2580	0.98709726
4397	2951	0.9724537
4397	2581	0.923167
4397	2555	0.91714996
4397	968	0.9124949
4397	3203	0.8383398
4397	3005	0.75579643
4397	2059	0.48166078
4397	1282	0.4788654
4397	2828	0.39253962
4398	902	0.96896386
4398	1210	0.91131574
4398	2091	0.8850164
4398	1961	0.8842455
4398	2572	0.83544815
4398	1290	0.83308077
4398	1197	0.6015909
4398	3082	0.5132217
4398	1947	0.50335264
4398	1270	0.4399791
4399	2087	0.9658525
4399	2080	0.9276268
4399	2997	0.85443056
4399	260	0.7100703
4399	596	0.56459725
4399	2640	0.56370723
4399	2858	0.5148219
4399	588	0.4163758
4399	2355	0.40320158
4399	1097	0.37544882
4400	1586	0.9981154
4400	597	0.9964272
4400	339	0.993618
4400	1722	0.9931909
4400	539	0.9807552
4400	110	0.96930707
4400	1597	0.96697307
4400	780	0.9663781
4400	2297	0.91198146
4400	2424	0.9115596
4401	904	0.9989257
4401	2677	0.98695576
4401	1827	0.97583914
4401	1213	0.87289155
4401	1097	0.854627
4401	69	0.8256109
4401	2997	0.76749563
4401	1617	0.7632793
4401	1054	0.7383207
4401	493	0.6950646
4402	2858	0.99983996
4402	517	0.99734384
4402	105	0.9952847
4402	1784	0.944684
4402	2688	0.92124534
4402	1197	0.8848678
4402	2716	0.86875165
4402	110	0.8494246
4402	161	0.8082856
4402	296	0.78166103
4403	2762	0.99998343
4403	3081	0.9999562
4403	1625	0.9988469
4403	1304	0.99832344
4403	145	0.97811663
4403	1754	0.97721744
4403	1482	0.9707976
4403	3273	0.9676539
4403	2340	0.9604665
4403	1953	0.9589869
4404	3250	0.99891424
4404	1747	0.9978741
4404	3173	0.9978343
4404	161	0.9843452
4404	1233	0.95909595
4404	780	0.9477602
4404	647	0.9451512
4404	588	0.94274527
4404	2617	0.9341048
4404	2712	0.90500057
4405	39	0.9847958
4405	2875	0.98168623
4405	1196	0.97708565
4405	750	0.9547199
4405	1204	0.9394781
4405	2572	0.9375112
4405	223	0.9167503
4405	1377	0.9079982
4405	1254	0.9000073
4405	1213	0.89289546
4406	2861	0.9987341
4406	2407	0.997838
4406	750	0.97999406
4406	2034	0.9731098
4406	1371	0.9720618
4406	1301	0.96878004
4406	3298	0.9515419
4406	2664	0.9474054
4406	1959	0.9471553
4406	2094	0.9411033
4407	1343	0.98630196
4407	3246	0.9829917
4407	1747	0.97756195
4407	1885	0.9760213
4407	1358	0.96648717
4407	589	0.96634567
4407	3386	0.9528405
4407	1694	0.93872696
4407	2302	0.9105173
4407	832	0.89060414
4408	232	0.99719167
4408	1358	0.98765314
4408	1237	0.9134771
4408	3105	0.90891576
4408	2202	0.8857733
4408	1610	0.85444033
4408	348	0.7756982
4408	678	0.7684933
4408	1947	0.7552637
4408	2020	0.69965386
4409	2433	0.9999304
4409	2606	0.9998246
4409	2690	0.9844389
4409	299	0.9775604
4409	2555	0.97647333
4409	2434	0.96222687
4409	233	0.95584834
4409	3301	0.9526612
4409	2599	0.9460871
4409	3157	0.9413727
4410	2028	0.99990225
4410	2858	0.9702723
4410	318	0.9628296
4410	1262	0.9537218
4410	1254	0.94750845
4410	608	0.91456497
4410	745	0.8264291
4410	2762	0.8174918
4410	1210	0.7833003
4410	1198	0.75536084
4411	1500	0.99485433
4411	339	0.9941863
4411	1060	0.9933493
4411	2918	0.98879004
4411	3255	0.988153
4411	2194	0.95583844
4411	2572	0.93449223
4411	1136	0.91308093
4411	50	0.9002787
4411	2916	0.8906336
4412	3255	0.99613047
4412	2335	0.9933289
4412	47	0.99119806
4412	1213	0.991184
4412	1	0.9766787
4412	1639	0.9735215
4412	2890	0.9651098
4412	349	0.9645932
4412	180	0.94350606
4412	21	0.897346
4413	920	0.93968165
4413	3101	0.92107105
4413	3004	0.64883256
4413	2683	0.56913173
4413	1246	0.47985733
4413	3042	0.3656193
4413	2908	0.34180823
4413	1193	0.3176639
4413	3203	0.29783028
4413	2380	0.24671254
4414	2392	0.9998568
4414	3408	0.9976029
4414	3175	0.99528337
4414	2707	0.99502265
4414	2772	0.9942268
4414	1885	0.9928627
4414	2000	0.9455052
4414	1198	0.938744
4414	2059	0.93716955
4414	104	0.9350038
4415	1299	0.9973977
4415	1196	0.9199319
4415	1912	0.87204915
4415	2402	0.7950884
4415	2000	0.6567583
4415	1911	0.6469612
4415	3016	0.5952455
4415	3175	0.57342154
4415	553	0.4910304
4415	2598	0.45838547
4416	1089	0.9998866
4416	3273	0.9994324
4416	2762	0.9925095
4416	2167	0.988639
4416	2723	0.95867825
4416	2427	0.94992185
4416	2997	0.94621795
4416	2804	0.9121692
4416	3177	0.90995646
4416	2599	0.84221447
4417	165	0.9999947
4417	377	0.9999152
4417	2985	0.99972224
4417	2490	0.9994877
4417	380	0.99758756
4417	1610	0.99464786
4417	3418	0.99120605
4417	2912	0.9594903
4417	3175	0.95876586
4417	2947	0.9239609
4418	1304	0.9981029
4418	1094	0.99681437
4418	260	0.99532837
4418	838	0.98731387
4418	1035	0.96476495
4418	928	0.96248174
4418	945	0.9555911
4418	921	0.9387343
4418	1225	0.92896557
4418	971	0.9151161
4419	2459	0.35987914
4419	1197	0.26981685
4419	2375	0.2545851
4419	2710	0.1293827
4419	593	0.0881055
4419	891	0.070285976
4419	1036	0.055656016
4419	216	0.054514468
4419	2115	0.044759303
4419	589	0.040379733
4420	1219	0.9998731
4420	1176	0.9925399
4420	1249	0.9599481
4420	527	0.93220353
4420	1617	0.9061279
4420	668	0.69838095
4420	1953	0.6647629
4420	260	0.5539928
4420	3415	0.50151926
4420	1859	0.45433486
4421	527	0.29394877
4421	1235	0.25491962
4421	1244	0.08155456
4421	920	0.07140058
4421	110	0.021730721
4421	1079	0.012157917
4421	2858	0.0053739846
4421	858	0.004793346
4421	1196	0.004231453
4421	3201	0.0040987134
4422	2428	0.91406524
4422	830	0.88279176
4422	1287	0.8702072
4422	3206	0.79591715
4422	2081	0.7464961
4422	606	0.7087453
4422	2739	0.65853745
4422	1230	0.62281364
4422	2918	0.6130499
4422	3361	0.6024891
4423	296	0.9998935
4423	1214	0.99572563
4423	858	0.9950119
4423	1258	0.9896376
4423	527	0.98398316
4423	193	0.9825861
4423	1089	0.9336753
4423	1207	0.8214359
4423	2411	0.7501598
4423	2997	0.7448267
4424	2288	0.991333
4424	1240	0.79726774
4424	589	0.66401786
4424	2944	0.54660016
4424	1210	0.49288
4424	110	0.40994427
4424	527	0.40410763
4424	1261	0.32889038
4424	1036	0.31264195
4424	1217	0.24815592
4425	589	0.9998657
4425	1704	0.99979615
4425	150	0.99870753
4425	2359	0.9811813
4425	1584	0.9796545
4425	587	0.9753331
4425	942	0.9597436
4425	3247	0.9538358
4425	2140	0.9525653
4425	2722	0.94325894
4426	1284	0.99990606
4426	2324	0.99979854
4426	951	0.99508315
4426	2289	0.99020207
4426	34	0.9848592
4426	1234	0.97313
4426	898	0.9686096
4426	2130	0.96161115
4426	3341	0.9355265
4426	750	0.89983785
4427	377	0.98158187
4427	1265	0.8804984
4427	110	0.83523893
4427	2353	0.80704087
4427	480	0.80540866
4427	2571	0.80430436
4427	1017	0.6567005
4427	3257	0.6535132
4427	1888	0.5418928
4427	608	0.5007978
4428	1345	0.99987054
4428	2664	0.9998268
4428	1333	0.99961555
4428	532	0.9991015
4428	1982	0.998737
4428	968	0.99861014
4428	2657	0.9878411
4428	1304	0.98479354
4428	2633	0.96180826
4428	2789	0.9555136
4429	1284	0.99974835
4429	1267	0.9989172
4429	1260	0.91162026
4429	2654	0.8285601
4429	1214	0.73437834
4429	583	0.67658436
4429	1387	0.6341204
4429	553	0.51193553
4429	919	0.45097685
4429	1281	0.26350433
4430	3108	0.9999683
4430	194	0.9906006
4430	2168	0.9880326
4430	1721	0.98611295
4430	1727	0.97692794
4430	805	0.97562504
4430	249	0.9695202
4430	1885	0.969252
4430	1836	0.9619484
4430	832	0.9484699
4431	296	0.9847754
4431	3415	0.9818382
4431	1249	0.6277125
4431	3006	0.5247296
4431	1221	0.40489787
4431	2959	0.33301908
4431	32	0.33053827
4431	2889	0.27215722
4431	1931	0.25827944
4431	1961	0.23498943
4432	2747	0.99987197
4432	1148	0.99574506
4432	164	0.9955708
4432	1617	0.9907579
4432	838	0.9829191
4432	902	0.97439563
4432	2248	0.9396913
4432	3301	0.8385551
4432	73	0.80820787
4432	969	0.7678392
4433	3070	0.9999882
4433	1653	0.9996699
4433	968	0.9996525
4433	1036	0.9995407
4433	1247	0.9993271
4433	2987	0.9992373
4433	2105	0.9991226
4433	32	0.9987606
4433	2664	0.99782395
4433	2009	0.99757415
4434	3175	0.99447274
4434	2001	0.97221106
4434	3114	0.9452493
4434	2687	0.89757746
4434	2628	0.58640873
4434	673	0.5732859
4434	1270	0.31559402
4434	253	0.30932158
4434	3255	0.30620363
4434	3176	0.30079314
4435	1203	0.9989626
4435	3409	0.97317886
4435	2340	0.9092599
4435	3148	0.76096314
4435	3174	0.7443467
4435	2908	0.7260692
4435	838	0.67226905
4435	3108	0.63247865
4435	150	0.6100416
4435	36	0.44950324
4436	3421	0.9999967
4436	1079	0.99993557
4436	1883	0.9982817
4436	1513	0.9726435
4436	1888	0.96702003
4436	3147	0.9219731
4436	2712	0.91691697
4436	2700	0.8985605
4436	381	0.89801705
4436	1278	0.88761675
4437	3255	0.9993574
4437	2694	0.99919355
4437	11	0.99819577
4437	1721	0.99046624
4437	2498	0.98676085
4437	2763	0.9804815
4437	2423	0.9773731
4437	2581	0.9755038
4437	440	0.9630028
4437	1387	0.9466934
4438	908	0.99784696
4438	1198	0.98996735
4438	778	0.9895898
4438	2132	0.98269826
4438	1193	0.97368467
4438	3095	0.9561367
4438	260	0.9504615
4438	2944	0.9420153
4438	1283	0.9294889
4438	940	0.9290257
4439	3177	0.4725775
4439	3174	0.23359796
4439	2369	0.17325395
4439	3421	0.1023871
4439	163	0.07979733
4439	3354	0.07053998
4439	2294	0.06450203
4439	2762	0.06412834
4439	2770	0.025965601
4439	2712	0.025555879
4440	1394	0.9981322
4440	2028	0.9971006
4440	1079	0.9847382
4440	232	0.9498625
4440	1090	0.80605316
4440	1200	0.7989069
4440	1994	0.7844312
4440	593	0.7569375
4440	2804	0.7398476
4440	1276	0.6554106
4441	3147	0.9999012
4441	3052	0.996636
4441	2858	0.9902821
4441	2001	0.98791766
4441	2746	0.96675944
4441	2696	0.9136534
4441	1639	0.86338377
4441	145	0.84126
4441	1573	0.7813283
4441	3421	0.59448546
4442	2993	0.9989603
4442	858	0.99792016
4442	1084	0.9960935
4442	2947	0.9946122
4442	1949	0.9944543
4442	920	0.98917896
4442	2944	0.98613536
4442	1221	0.948475
4442	3168	0.8975954
4442	1262	0.8106145
4443	34	0.9993701
4443	909	0.9983201
4443	955	0.9978729
4443	759	0.99426204
4443	2384	0.97314405
4443	905	0.93846226
4443	3035	0.8827033
4443	2396	0.8455017
4443	2870	0.84176576
4443	852	0.8164539
4444	3114	0.99830127
4444	2716	0.99411106
4444	36	0.99150765
4444	527	0.98263466
4444	3298	0.98063713
4444	34	0.9546487
4444	3285	0.95094347
4444	2694	0.8122653
4444	25	0.74920714
4444	2001	0.73590195
4445	3355	0.9843932
4445	314	0.94540393
4445	2000	0.9213733
4445	1833	0.842052
4445	3078	0.7332823
4445	3158	0.59275
4445	2587	0.57793826
4445	1028	0.5386283
4445	3051	0.5266782
4445	838	0.42974353
4446	2617	0.9971973
4446	345	0.9867189
4446	589	0.97934306
4446	1375	0.97840464
4446	172	0.9606371
4446	2513	0.9556017
4446	1210	0.94380975
4446	2968	0.9257563
4446	1261	0.90630776
4446	671	0.88308454
4447	2273	0.9651096
4447	431	0.95487887
4447	22	0.95034635
4447	1422	0.9481163
4447	6	0.93121636
4447	39	0.90457106
4447	10	0.8548813
4447	2076	0.8500407
4447	1917	0.78372884
4447	2990	0.78122497
4448	2406	0.9947548
4448	2324	0.9738966
4448	1653	0.9695622
4448	2010	0.9546271
4448	2161	0.9415487
4448	39	0.9306622
4448	1269	0.9278357
4448	2858	0.9127517
4448	3160	0.909793
4448	2424	0.89864767
4449	2424	0.98546517
4449	1296	0.918893
4449	1831	0.9093193
4449	953	0.8971755
4449	316	0.88932717
4449	1079	0.8681004
4449	2140	0.85983115
4449	2396	0.8441249
4449	1320	0.7995126
4449	2793	0.79864377
4450	1653	0.9999068
4450	2140	0.9998605
4450	2571	0.9997075
4450	2640	0.9827254
4450	1396	0.9727925
4450	2529	0.97220516
4450	1196	0.969669
4450	2968	0.9293197
4450	1199	0.9181986
4450	610	0.916676
4451	296	0.9996214
4451	370	0.9992653
4451	2710	0.9942916
4451	1079	0.99107426
4451	2355	0.98947036
4451	1394	0.9884084
4451	194	0.98700863
4451	2797	0.9828002
4451	1136	0.9821993
4451	1291	0.97572315
4452	2572	0.9992552
4452	1704	0.9992415
4452	590	0.9979373
4452	2268	0.99586177
4452	70	0.9746089
4452	661	0.9743217
4452	3148	0.9552549
4452	1094	0.94639117
4452	2324	0.8839469
4452	265	0.86936843
4453	293	0.99053615
4453	3301	0.96676165
4453	3354	0.96562177
4453	3034	0.95958793
4453	3060	0.9349768
4453	1287	0.90231735
4453	2289	0.8415177
4453	2687	0.8120525
4453	1653	0.8120291
4453	1230	0.5829865
4454	293	1.0
4454	1061	0.99998415
4454	1783	0.9746833
4454	1732	0.95270467
4454	2268	0.86753464
4454	318	0.8321267
4454	707	0.7642835
4454	2997	0.61585736
4454	2764	0.45717323
4454	1690	0.4538392
4455	2683	0.9999888
4455	2694	0.9531268
4455	3005	0.8432219
4455	1093	0.64679575
4455	785	0.45951742
4455	2396	0.2522128
4455	1221	0.22853869
4455	1270	0.2273409
4455	1984	0.20891646
4455	1438	0.187758
4456	2997	0.9996016
4456	3418	0.9947499
4456	1219	0.7367283
4456	223	0.6120165
4456	3108	0.5774568
4456	457	0.5623526
4456	1079	0.55190516
4456	588	0.5447819
4456	2048	0.51650393
4456	527	0.5032381
4457	1267	0.9999503
4457	1260	0.9997966
4457	3091	0.99962384
4457	1912	0.999218
4457	1253	0.9987932
4457	2916	0.9976221
4457	1219	0.9974019
4457	2948	0.99667454
4457	1394	0.991277
4457	608	0.9794276
4458	2617	0.99870515
4458	1633	0.99822533
4458	1580	0.9917195
4458	720	0.9875779
4458	3181	0.98621583
4458	588	0.986148
4458	1527	0.98410666
4458	3045	0.9438005
4458	3317	0.9244639
4458	342	0.90772974
4459	2067	0.99668103
4459	1094	0.97159886
4459	3326	0.9671244
4459	2976	0.96004385
4459	3301	0.9524306
4459	111	0.9389349
4459	3053	0.8655946
4459	3156	0.8645513
4459	2596	0.8144128
4459	1220	0.7841244
4460	2195	0.9999256
4460	593	0.998396
4460	543	0.9978131
4460	2596	0.9942272
4460	3301	0.98958313
4460	1701	0.98896384
4460	3254	0.961086
4460	39	0.9526208
4460	435	0.9403026
4460	492	0.9323355
4461	2028	0.9996365
4461	2872	0.99764127
4461	1036	0.98912
4461	2600	0.9885857
4461	2916	0.97376597
4461	3036	0.9408792
4461	1373	0.89704406
4461	2363	0.86662304
4461	3052	0.8229196
4461	1288	0.777687
4462	2772	0.99941885
4462	785	0.9972144
4462	2395	0.99355674
4462	2699	0.99080133
4462	2805	0.9773096
4462	1513	0.95452005
4462	2526	0.91541
4462	3219	0.89397466
4462	2109	0.887063
4462	2490	0.867695
4463	318	0.99849164
4463	1784	0.984297
4463	527	0.9833051
4463	1213	0.97801113
4463	2779	0.96461105
4463	296	0.9474638
4463	1517	0.93997014
4463	73	0.8511784
4463	2728	0.768451
4463	593	0.7535956
4464	902	0.9968413
4464	908	0.9962119
4464	3248	0.7921848
4464	1269	0.6335963
4464	2212	0.5849251
4464	930	0.55953646
4464	912	0.5516042
4464	1968	0.30334628
4464	1247	0.13211435
4464	2468	0.11729953
4465	1907	0.99999887
4465	3185	0.9925258
4465	586	0.9836881
4465	1593	0.97705925
4465	2142	0.96829605
4465	357	0.9667137
4465	1339	0.8945782
4465	2732	0.89175
4465	34	0.8511834
4465	924	0.84475946
4466	1218	0.999576
4466	2076	0.9977677
4466	1270	0.98066974
4466	1127	0.96605897
4466	3102	0.9418897
4466	1036	0.9407195
4466	1199	0.93895864
4466	2745	0.9059756
4466	1732	0.8411691
4466	1482	0.8310945
4467	1391	0.99912786
4467	1291	0.99777544
4467	2950	0.9935758
4467	2803	0.98908806
4467	1259	0.9786905
4467	1643	0.9680786
4467	1747	0.96065617
4467	2719	0.9537294
4467	1167	0.95155644
4467	919	0.93610334
4468	926	0.99997586
4468	930	0.97072667
4468	1094	0.9697132
4468	852	0.94771814
4468	3155	0.88046587
4468	1086	0.8022536
4468	17	0.7004482
4468	1250	0.694126
4468	910	0.6842021
4468	2978	0.62880296
4469	2951	0.9999975
4469	1304	0.997777
4469	2871	0.99050504
4469	260	0.96685815
4469	2947	0.90883756
4469	2948	0.8137649
4469	1262	0.7828957
4469	2921	0.7790848
4469	1912	0.7248828
4469	1103	0.7239226
4470	2640	0.9998975
4470	2617	0.9998489
4470	3005	0.9990863
4470	1552	0.9989363
4470	2105	0.99665046
4470	1275	0.9964738
4470	1580	0.98817384
4470	761	0.9833355
4470	592	0.94630694
4470	1079	0.94127405
4471	2396	0.9996203
4471	1079	0.9995364
4471	1247	0.99691296
4471	1213	0.996524
4471	440	0.99615455
4471	2692	0.99580896
4471	1952	0.983592
4471	1210	0.9753967
4471	3095	0.9670157
4471	1246	0.9592428
4472	2951	0.99206936
4472	1676	0.98206925
4472	2688	0.97879124
4472	1259	0.97222847
4472	1220	0.95554364
4472	2944	0.93053854
4472	3198	0.922181
4472	1272	0.8841207
4472	160	0.8723868
4472	1673	0.8678862
4473	2763	0.9995495
4473	2028	0.9876466
4473	2804	0.98457956
4473	2968	0.96840286
4473	2336	0.9657826
4473	3108	0.9615513
4473	2605	0.95792335
4473	1093	0.9389095
4473	1608	0.9378911
4473	2722	0.9360138
4474	1213	0.99961376
4474	1089	0.99810946
4474	1617	0.99784696
4474	431	0.9968453
4474	3098	0.88882935
4474	2000	0.7780544
4474	1945	0.44432536
4474	2391	0.32911432
4474	2804	0.22765449
4474	3072	0.21193895
4475	1573	0.9999621
4475	2571	0.9997705
4475	32	0.99936223
4475	1372	0.99813926
4475	296	0.9971117
4475	527	0.9953965
4475	2762	0.99306566
4475	2393	0.9914361
4475	3269	0.98857164
4475	1356	0.98125553
4476	1193	0.99986637
4476	947	0.99949694
4476	111	0.9993008
4476	1299	0.99230933
4476	750	0.9851216
4476	1041	0.9770369
4476	441	0.97495663
4476	41	0.96474767
4476	2010	0.96165264
4476	1196	0.9571117
4477	3185	0.99999464
4477	2676	0.99894035
4477	1304	0.9961409
4477	555	0.9958332
4477	1894	0.99413645
4477	2827	0.9915939
4477	858	0.9890458
4477	2278	0.9862298
4477	3298	0.98178625
4477	3301	0.96680707
4478	2692	0.999243
4478	1267	0.9962427
4478	1206	0.9945798
4478	1240	0.9774031
4478	1734	0.96190345
4478	1294	0.9562789
4478	1965	0.9492486
4478	778	0.89751506
4478	3396	0.893991
4478	2502	0.8801861
4479	2194	0.9999951
4479	1222	0.99999064
4479	110	0.9951545
4479	1945	0.9863555
4479	2993	0.9728874
4479	1291	0.958713
4479	1220	0.9369087
4479	3366	0.8684045
4479	2529	0.8336009
4479	260	0.8135539
4480	1270	0.9987695
4480	1339	0.9965425
4480	3361	0.99157476
4480	1916	0.9873487
4480	1200	0.9773202
4480	2302	0.91952527
4480	25	0.90644073
4480	708	0.90199906
4480	1883	0.8650793
4480	380	0.8637358
4481	3082	0.99993134
4481	6	0.99309254
4481	1722	0.9770243
4481	3178	0.96844107
4481	2278	0.95083904
4481	434	0.8779558
4481	3409	0.86745006
4481	2273	0.85866135
4481	1518	0.81342727
4481	296	0.7585439
4482	1721	0.99975383
4482	1084	0.98272145
4482	531	0.9419242
4482	2002	0.9368228
4482	786	0.9091046
4482	1124	0.9027628
4482	3424	0.90033454
4482	1179	0.89974123
4482	2046	0.8671537
4482	1911	0.86355644
4483	3194	0.9999901
4483	1962	0.9999515
4483	3308	0.9975867
4483	1225	0.9952463
4483	508	0.9923035
4483	1259	0.9915056
4483	2291	0.9880018
4483	3107	0.9832634
4483	529	0.966846
4483	1358	0.9635052
4484	1073	0.99999917
4484	1296	0.9982686
4484	2100	0.99570656
4484	2946	0.99373746
4484	1967	0.97961617
4484	1278	0.97888744
4484	2018	0.9563389
4484	1968	0.9295708
4484	2406	0.92931694
4484	3408	0.91871643
4485	3083	0.9996718
4485	3255	0.999581
4485	3178	0.9969703
4485	356	0.9956332
4485	1	0.9956188
4485	608	0.99430776
4485	2058	0.99376047
4485	1271	0.9888487
4485	866	0.9825511
4485	2171	0.9813068
4486	3051	0.999882
4486	924	0.99924505
4486	2287	0.995276
4486	1270	0.975678
4486	1544	0.9467699
4486	2241	0.9356086
4486	2660	0.92235136
4486	2767	0.90350956
4486	1240	0.9000928
4486	1526	0.86103326
4487	349	0.9999809
4487	1370	0.99682224
4487	2002	0.9959649
4487	3354	0.9926317
4487	1552	0.9817803
4487	3418	0.9618044
4487	2571	0.9388115
4487	507	0.84922934
4487	3107	0.84010285
4487	1518	0.7996672
4488	2088	0.99653864
4488	1587	0.9949959
4488	160	0.9507554
4488	780	0.86372143
4488	2094	0.81506205
4488	1233	0.7014601
4488	2617	0.6702777
4488	1676	0.62326425
4488	303	0.42015985
4488	3257	0.37558514
4489	3113	0.98906136
4489	2288	0.98886466
4489	2428	0.9683299
4489	785	0.96193826
4489	1371	0.9173472
4489	1242	0.91628367
4489	2681	0.8968693
4489	2046	0.791882
4489	2872	0.78251255
4489	112	0.75644493
4490	2961	0.99896467
4490	2841	0.98336923
4490	2186	0.9812697
4490	2746	0.9800771
4490	593	0.9683497
4490	2581	0.9676883
4490	3298	0.96649337
4490	2770	0.95942247
4490	2694	0.95329404
4490	3147	0.9338957
4491	353	0.9999826
4491	688	0.9998898
4491	1792	0.9994168
4491	2723	0.99744165
4491	1777	0.9941652
4491	351	0.99412113
4491	2719	0.98273385
4491	1210	0.93749154
4491	370	0.9288094
4491	1731	0.91370815
4492	3081	0.9887258
4492	3153	0.898906
4492	260	0.81808376
4492	999	0.76540214
4492	2959	0.5275605
4492	2762	0.39253166
4492	2979	0.32286048
4492	2995	0.18388525
4492	2871	0.054861337
4492	2028	0.043355405
4493	928	0.9994577
4493	2203	0.99935716
4493	898	0.983866
4493	1270	0.8809691
4493	1929	0.8570605
4493	931	0.49131986
4493	911	0.41950262
4493	920	0.29443774
4493	1961	0.28000307
4493	926	0.13236359
4494	1240	0.99989414
4494	1197	0.98586607
4494	1617	0.9853251
4494	2529	0.97458524
4494	1270	0.9300648
4494	1374	0.9183886
4494	1573	0.8627991
4494	1221	0.80733466
4494	2194	0.80655766
4494	1127	0.6916586
4495	1270	0.9999935
4495	1210	0.97781456
4495	1198	0.9503758
4495	1967	0.9414308
4495	2054	0.91062856
4495	2797	0.90515256
4495	2174	0.8928528
4495	2959	0.8219273
4495	1036	0.74286383
4495	480	0.7310551
4496	1916	0.9996311
4496	2976	0.9983125
4496	1230	0.9964212
4496	589	0.99444854
4496	3101	0.99082386
4496	3256	0.9768614
4496	2120	0.91075134
4496	2167	0.90995574
4496	2279	0.89146787
4496	1653	0.8814663
4497	3424	0.9583033
4497	589	0.95568323
4497	1096	0.8815725
4497	1909	0.87644655
4497	1203	0.8739471
4497	2100	0.82745445
4497	1184	0.8176104
4497	3044	0.7388956
4497	2399	0.6320884
4497	1213	0.5556034
4498	2707	0.99656415
4498	2394	0.98399305
4498	1617	0.977819
4498	3114	0.92206514
4498	1641	0.8619467
4498	2973	0.76596344
4498	2671	0.76095
4498	2701	0.68106234
4498	1653	0.65811336
4498	1271	0.5448549
4499	912	0.9995285
4499	1921	0.9613925
4499	180	0.95732844
4499	543	0.9397214
4499	1639	0.933642
4499	1060	0.9273989
4499	1589	0.9009858
4499	1732	0.8880653
4499	2289	0.87416255
4499	1247	0.8537252
4500	2582	0.96041816
4500	3147	0.7986784
4500	2396	0.6357214
4500	2762	0.58668
4500	902	0.4376281
4500	3146	0.39936304
4500	3118	0.288868
4500	2959	0.23566073
4500	3163	0.18718335
4500	3145	0.17470518
4501	1200	0.9995425
4501	1214	0.9946114
4501	1036	0.9942103
4501	1527	0.9924984
4501	1136	0.9807621
4501	1278	0.97898006
4501	2791	0.96904755
4501	1127	0.9420424
4501	1748	0.91862786
4501	1297	0.9179648
4502	1225	1.0
4502	2706	0.9998784
4502	3098	0.9978578
4502	431	0.9971057
4502	592	0.99327266
4502	1094	0.992684
4502	1199	0.98309046
4502	1246	0.9662379
4502	435	0.96259004
4502	2918	0.962446
4503	1952	0.99929494
4503	3082	0.98956925
4503	3081	0.98574626
4503	902	0.9577371
4503	920	0.9061346
4503	1333	0.8773712
4503	969	0.8753711
4503	905	0.8421109
4503	912	0.8000747
4503	935	0.75414526
4504	1997	0.9999416
4504	1388	0.999766
4504	1210	0.99741846
4504	380	0.996994
4504	914	0.9915258
4504	2028	0.9876001
4504	2288	0.98334765
4504	2100	0.95495
4504	1198	0.9452858
4504	1333	0.9154356
4505	380	0.9999943
4505	296	0.9993943
4505	1393	0.9967551
4505	3108	0.98933566
4505	1831	0.98243237
4505	1805	0.98041224
4505	1625	0.9733726
4505	132	0.96234536
4505	3005	0.9299921
4505	10	0.9206317
4506	2750	0.99505
4506	2762	0.99447364
4506	608	0.9815632
4506	1610	0.9726773
4506	2469	0.9583311
4506	2065	0.95727426
4506	1276	0.95090663
4506	2114	0.94647044
4506	1186	0.92176235
4506	3185	0.90137774
4507	2167	0.99992037
4507	10	0.99961317
4507	2080	0.99894285
4507	208	0.9981209
4507	380	0.9978124
4507	2006	0.9969338
4507	377	0.96264344
4507	1287	0.9615798
4507	2822	0.9368638
4507	2	0.9123866
4508	1242	0.99917614
4508	3107	0.97655666
4508	1949	0.9617146
4508	1233	0.95177555
4508	296	0.9434571
4508	2289	0.9224572
4508	1287	0.91074884
4508	1094	0.86679256
4508	2793	0.8557865
4508	2301	0.8542028
4509	1199	0.9995204
4509	1201	0.9993342
4509	589	0.998368
4509	3418	0.9723327
4509	720	0.95103264
4509	904	0.94616294
4509	1252	0.928358
4509	3062	0.90908366
4509	2951	0.88996184
4509	940	0.8821585
4510	3203	0.98758495
4510	1032	0.8943626
4510	628	0.87675714
4510	2692	0.7957648
4510	2353	0.7824847
4510	2816	0.7351655
4510	1296	0.71607226
4510	3004	0.691207
4510	356	0.6677306
4510	1185	0.6556818
4511	3176	0.99996114
4511	2702	0.9837496
4511	2532	0.9813746
4511	3093	0.95379794
4511	1006	0.92775786
4511	673	0.87012255
4511	3082	0.868901
4511	3363	0.8618435
4511	1320	0.85481566
4511	2529	0.8279059
4512	2640	0.9999896
4512	2406	0.9999722
4512	2947	0.9999714
4512	480	0.99953234
4512	1610	0.9993891
4512	3421	0.9981983
4512	1304	0.9978169
4512	2058	0.9977931
4512	1036	0.9955218
4512	2791	0.99416703
4513	858	0.97219193
4513	260	0.74131453
4513	1641	0.68239784
4513	3252	0.68120944
4513	47	0.6261587
4513	1678	0.57153195
4513	2871	0.43658608
4513	1526	0.33112803
4513	2236	0.31278527
4513	1	0.29570714
4514	1093	0.9999522
4514	1245	0.9982848
4514	246	0.9978479
4514	3362	0.9968691
4514	2722	0.99404454
4514	1200	0.98932105
4514	1259	0.9716606
4514	1748	0.9646527
4514	47	0.9514737
4514	1270	0.9492948
4515	2136	0.9982445
4515	902	0.9953603
4515	914	0.9648151
4515	2969	0.957747
4515	2014	0.9209223
4515	1947	0.885272
4515	3011	0.83838165
4515	2947	0.65622294
4515	17	0.62989783
4515	2533	0.6078097
4516	2997	0.9981035
4516	527	0.994347
4516	1222	0.99353206
4516	1207	0.94540274
4516	1276	0.9453596
4516	1089	0.6195683
4516	2762	0.5089723
4516	1225	0.43068108
4516	247	0.28418118
4516	25	0.26691735
4517	2302	0.9997437
4517	480	0.9995839
4517	3255	0.99218297
4517	2431	0.986103
4517	231	0.97038627
4517	1566	0.9692812
4517	1377	0.960201
4517	2395	0.94134176
4517	2805	0.9277854
4517	1610	0.90579474
4518	162	0.99998844
4518	800	0.99993825
4518	223	0.9996717
4518	3033	0.9963339
4518	1	0.98985636
4518	1223	0.9725631
4518	1610	0.9620693
4518	2080	0.957856
4518	1961	0.89478314
4518	293	0.8666058
4519	1269	0.99865544
4519	1214	0.99758786
4519	344	0.99133056
4519	2178	0.98341656
4519	1203	0.93427944
4519	3204	0.8709943
4519	929	0.87039036
4519	2124	0.7554175
4519	1076	0.6202531
4519	964	0.5535899
4520	1206	0.99722207
4520	1387	0.99118876
4520	913	0.9906708
4520	741	0.9765599
4520	2881	0.97455144
4520	1876	0.9731822
4520	908	0.9563859
4520	1193	0.90375686
4520	2840	0.8919257
4520	1500	0.87657887
4521	1288	0.992918
4521	589	0.9916295
4521	1127	0.9823018
4521	1396	0.9798327
4521	849	0.96519226
4521	802	0.9621502
4521	2088	0.9393395
4521	1221	0.923352
4521	1639	0.9208025
4521	2668	0.8599886
4522	3082	0.9978731
4522	1625	0.98933506
4522	2762	0.9864409
4522	1080	0.98505807
4522	2883	0.9699655
4522	3006	0.9514497
4522	928	0.94165206
4522	1136	0.9415407
4522	2976	0.91224587
4522	1066	0.88106096
4523	648	0.999998
4523	2916	0.99863154
4523	208	0.9966365
4523	1722	0.9945998
4523	1	0.99403703
4523	3257	0.9874246
4523	2355	0.9780623
4523	1270	0.9756079
4523	2	0.958181
4523	590	0.9387848
4524	231	0.99943477
4524	524	0.99489677
4524	2746	0.9717033
4524	1064	0.9487169
4524	1485	0.9374783
4524	500	0.9149463
4524	2581	0.9145294
4524	1356	0.91382
4524	2701	0.9101682
4524	2353	0.86936873
4525	1263	0.95326024
4525	2476	0.9050376
4525	2478	0.6765956
4525	2028	0.5588685
4525	110	0.5215092
4525	1210	0.4485807
4525	593	0.4049899
4525	1272	0.39856106
4525	441	0.27173832
4525	101	0.15987182
4526	3082	0.9999509
4526	3317	0.99922353
4526	3006	0.9987942
4526	2600	0.9976433
4526	290	0.99756944
4526	800	0.9963707
4526	1982	0.98667395
4526	36	0.9809013
4526	322	0.9760293
4526	1234	0.9704895
4527	444	0.96893
4527	1097	0.69599557
4527	2171	0.56800497
4527	2351	0.50902563
4527	781	0.38276452
4527	356	0.35664037
4527	616	0.34205586
4527	110	0.3136555
4527	2051	0.24143514
4527	1580	0.17936772
4528	3301	0.9915315
4528	480	0.9706069
4528	2694	0.93891686
4528	1271	0.8749347
4528	2686	0.8575413
4528	2791	0.82968736
4528	223	0.8107956
4528	2690	0.8087313
4528	2710	0.68999004
4528	3176	0.5593029
4529	1345	0.99999535
4529	2366	0.99981964
4529	2716	0.99957305
4529	1340	0.999066
4529	260	0.9938654
4529	2355	0.9826695
4529	1196	0.95529926
4529	2160	0.950367
4529	2118	0.9195974
4529	1954	0.8284386
4530	928	0.99999976
4530	2186	0.9981966
4530	1617	0.99792427
4530	2300	0.9977633
4530	3317	0.99353933
4530	903	0.98508537
4530	1907	0.9832287
4530	608	0.9764941
4530	668	0.96544147
4530	2978	0.9455762
4531	1230	0.99939156
4531	1956	0.9934007
4531	1258	0.99276197
4531	3134	0.9811433
4531	1136	0.97751284
4531	1945	0.97014654
4531	9	0.9570084
4531	111	0.956885
4531	2324	0.94444096
4531	953	0.94236875
4532	1722	0.99941826
4532	1277	0.9857396
4532	2919	0.9837544
4532	1955	0.9790536
4532	2001	0.9597241
4532	1096	0.95826894
4532	1962	0.95357686
4532	1374	0.9522749
4532	2739	0.9512569
4532	2194	0.9334295
4533	1923	0.9999269
4533	2028	0.9979584
4533	2803	0.99655926
4533	514	0.9951217
4533	1961	0.9936632
4533	589	0.9930378
4533	356	0.98580074
4533	3208	0.9854935
4533	2571	0.9819075
4533	377	0.9781965
4534	47	0.9905454
4534	3301	0.985037
4534	1198	0.95398694
4534	516	0.91374207
4534	2427	0.9096576
4534	349	0.73162293
4534	1233	0.7067581
4534	1240	0.70608884
4534	2628	0.65886676
4534	1294	0.46470627
4535	2926	0.9944024
4535	107	0.98891634
4535	2108	0.9879209
4535	2858	0.9825492
4535	587	0.97417235
4535	370	0.96296453
4535	3396	0.96018386
4535	303	0.9513215
4535	2000	0.93787265
4535	1196	0.9378643
4536	47	0.9950091
4536	1198	0.9924332
4536	1617	0.9893826
4536	608	0.9582392
4536	318	0.9563114
4536	296	0.94504476
4536	953	0.93512726
4536	1210	0.92466074
4536	527	0.9158434
4536	912	0.88474536
4537	1263	0.99996614
4537	1183	0.99254334
4537	2243	0.9889004
4537	356	0.9771492
4537	852	0.975661
4537	1270	0.96333957
4537	425	0.91947424
4537	2797	0.9112228
4537	1441	0.9003247
4537	590	0.8890737
4538	608	0.99998975
4538	670	0.9986122
4538	232	0.9893111
4538	334	0.96872544
4538	1207	0.9632092
4538	1354	0.9497864
4538	1217	0.9455555
4538	1132	0.93122244
4538	1300	0.90325034
4538	50	0.8984647
4539	1221	0.999972
4539	1287	0.9984226
4539	1213	0.99805236
4539	1219	0.99665415
4539	2668	0.99489635
4539	593	0.99313927
4539	1	0.9928383
4539	2791	0.99119973
4539	1097	0.98603034
4539	2204	0.9764118
4540	2804	0.99996006
4540	1617	0.9967474
4540	1259	0.9961448
4540	2858	0.9948367
4540	380	0.98850095
4540	2282	0.98574114
4540	515	0.98027587
4540	1307	0.97509336
4540	1500	0.97015107
4540	2797	0.96214914
4541	11	0.9682247
4541	2306	0.9568058
4541	1148	0.8316074
4541	480	0.74768287
4541	3396	0.73815274
4541	2366	0.57705206
4541	3159	0.55715907
4541	364	0.55007935
4541	837	0.4976032
4541	2724	0.46382928
4542	1617	0.99995184
4542	608	0.9998244
4542	2677	0.99889916
4542	1210	0.9790851
4542	2912	0.97530675
4542	1221	0.9623851
4542	29	0.94373906
4542	1916	0.94144225
4542	3328	0.92556167
4542	2762	0.9215794
4543	1603	0.910865
4543	144	0.82600135
4543	1198	0.79126716
4543	1042	0.763159
4543	2163	0.72643477
4543	2788	0.6981678
4543	2424	0.6902785
4543	2072	0.67272663
4543	3264	0.66015637
4543	1732	0.5968425
4544	858	0.99503744
4544	1941	0.9889864
4544	735	0.97509176
4544	3038	0.9699124
4544	72	0.93625474
4544	1237	0.7888764
4544	1250	0.6911764
4544	902	0.66765696
4544	2732	0.6508783
4544	1942	0.5742992
4545	1093	0.9995853
4545	431	0.9995315
4545	1911	0.9993126
4545	3016	0.9984854
4545	2694	0.99800706
4545	2699	0.997764
4545	2763	0.9923686
4545	2734	0.98902786
4545	19	0.98629
4545	2995	0.97570264
4546	457	0.9985919
4546	1240	0.997584
4546	1617	0.9957806
4546	1214	0.99499345
4546	260	0.98451424
4546	593	0.96218604
4546	3251	0.8203302
4546	1089	0.7512308
4546	2918	0.7343837
4546	910	0.69233906
4547	589	0.1947087
4547	223	0.17274946
4547	1580	0.15666613
4547	1517	0.060211122
4547	2447	0.031282008
4547	1527	0.0119095445
4547	344	0.008333445
4547	2572	0.008129358
4547	380	0.006776631
4547	1270	0.0060556233
4548	223	0.8387908
4548	1580	0.7804781
4548	2628	0.73376185
4548	3115	0.7097951
4548	2791	0.47962293
4548	2710	0.4210671
4548	2987	0.33216098
4548	2716	0.25415835
4548	2700	0.23744628
4548	2355	0.18504578
4549	1721	0.9978126
4549	253	0.99267364
4549	1391	0.8122481
4549	879	0.78776497
4549	2315	0.33584434
4549	1324	0.29548597
4549	1645	0.2704961
4549	1753	0.15312663
4549	196	0.12577713
4549	1805	0.10167578
4550	809	0.9999722
4550	3004	0.99992895
4550	2722	0.9984534
4550	1792	0.98282087
4550	434	0.98001826
4550	387	0.97134507
4550	2712	0.9274607
4550	2540	0.8592267
4550	63	0.7549736
4550	2770	0.70753855
4551	593	0.9735178
4551	2396	0.9449104
4551	152	0.9329162
4551	1594	0.89666057
4551	1699	0.8788626
4551	1	0.7802971
4551	2764	0.59762627
4551	1684	0.4747702
4551	858	0.30087644
4551	1224	0.25865597
4552	2600	0.9999852
4552	480	0.9994106
4552	1479	0.9986063
4552	442	0.99856246
4552	1094	0.9982178
4552	32	0.997895
4552	1831	0.9962309
4552	379	0.99550563
4552	1573	0.9879962
4552	1210	0.9857137
4553	2393	0.9965081
4553	326	0.96898663
4553	670	0.86231273
4553	2978	0.75829935
4553	2646	0.64739907
4553	2628	0.5660333
4553	1412	0.5631298
4553	3089	0.56028044
4553	3379	0.46349365
4553	1280	0.45838523
4554	1232	0.8177156
4554	2064	0.7106592
4554	3307	0.5459024
4554	150	0.47338986
4554	1721	0.46399015
4554	5	0.3350997
4554	3033	0.30010188
4554	2628	0.19762877
4554	1196	0.17098773
4554	3044	0.16609463
4555	509	0.99692065
4555	2491	0.99110126
4555	1584	0.98515654
4555	480	0.9818983
4555	2028	0.98126554
4555	1722	0.964859
4555	247	0.9608365
4555	3269	0.927982
4555	1653	0.91696644
4555	7	0.9065381
4556	3099	0.99953943
4556	440	0.9992569
4556	2087	0.9962255
4556	2028	0.94934475
4556	1276	0.93774426
4556	2987	0.93449116
4556	1206	0.9233203
4556	1250	0.9083532
4556	1929	0.89848185
4556	2700	0.8905237
4557	2700	0.999316
4557	2318	0.99826163
4557	707	0.99680346
4557	1266	0.9966178
4557	1193	0.9838793
4557	1221	0.9804462
4557	101	0.9772104
4557	2573	0.9767632
4557	1358	0.9762765
4557	541	0.97292614
4558	3101	0.99744016
4558	1259	0.9476196
4558	1993	0.68993556
4558	3005	0.59088784
4558	2000	0.3178509
4558	2001	0.2559715
4558	635	0.16198134
4558	2076	0.12811649
4558	2710	0.12082225
4558	105	0.06909871
4559	2858	0.999923
4559	910	0.9982484
4559	1080	0.9972496
4559	2628	0.9970984
4559	3037	0.9959547
4559	1580	0.9882839
4559	111	0.98584723
4559	3174	0.9854076
4559	1885	0.98164344
4559	21	0.9664433
4560	3108	0.99388397
4560	1343	0.99220824
4560	2108	0.9893984
4560	1968	0.9786453
4560	485	0.9374807
4560	858	0.92853
4560	2706	0.91807413
4560	141	0.9158281
4560	3255	0.9085047
4560	1073	0.900175
4561	380	0.998373
4561	1777	0.9902029
4561	2396	0.9859296
4561	235	0.965115
4561	1747	0.7996365
4561	1566	0.7819584
4561	2094	0.7665191
4561	1552	0.7605106
4561	1372	0.6831541
4561	3176	0.62920064
4562	2248	0.99979615
4562	915	0.99946016
4562	541	0.9989402
4562	223	0.99749637
4562	3424	0.9970502
4562	2171	0.9963093
4562	235	0.99626076
4562	1884	0.9773167
4562	176	0.97166467
4562	39	0.96873367
4563	3210	0.999503
4563	1285	0.9979489
4563	2797	0.9979478
4563	3039	0.99758935
4563	2795	0.9669977
4563	2804	0.9628236
4563	1422	0.95231557
4563	2145	0.94704795
4563	1711	0.9375912
4563	1663	0.9110955
4564	745	0.99999344
4564	1221	0.9936609
4564	296	0.98203945
4564	535	0.94670546
4564	441	0.87947714
4564	413	0.77024424
4564	3359	0.65796715
4564	3307	0.5213779
4564	312	0.44443226
4564	50	0.4042848
4565	1097	0.9996352
4565	1253	0.99729383
4565	154	0.98640394
4565	2396	0.9819401
4565	608	0.98061365
4565	377	0.97170454
4565	2291	0.9663371
4565	111	0.9639227
4565	3347	0.92451835
4565	1921	0.9182495
4566	2804	0.9999863
4566	2916	0.99988854
4566	2407	0.999537
4566	2915	0.99937105
4566	3398	0.99728036
4566	1091	0.9963064
4566	2069	0.9942103
4566	1196	0.99369466
4566	2940	0.9908731
4566	3396	0.99059105
4567	363	0.9997909
4567	2353	0.99756145
4567	3007	0.9970496
4567	551	0.98922324
4567	1361	0.943805
4567	1089	0.92745316
4567	555	0.92649317
4567	1197	0.9232589
4567	1233	0.9177718
4567	3253	0.91342473
4568	2971	0.97971225
4568	2114	0.97910255
4568	914	0.9702624
4568	2918	0.96663964
4568	2694	0.9588606
4568	2605	0.9534582
4568	39	0.9459894
4568	2686	0.88889897
4568	34	0.8149219
4568	691	0.8120021
4569	1408	0.99978703
4569	2890	0.96666133
4569	2006	0.9449285
4569	2763	0.918106
4569	1608	0.887337
4569	1754	0.7834175
4569	1876	0.7697327
4569	2858	0.6930179
4569	3267	0.6535154
4569	288	0.63510525
4570	2949	0.99959683
4570	1625	0.9984752
4570	2533	0.985146
4570	914	0.9848459
4570	3015	0.9406661
4570	1374	0.93876487
4570	2001	0.85412884
4570	3156	0.79873085
4570	1300	0.6470913
4570	3263	0.63743186
4571	342	0.9993913
4571	2700	0.9958235
4571	1408	0.9944359
4571	1784	0.9850918
4571	34	0.981369
4571	800	0.9777981
4571	457	0.9364735
4571	1641	0.92231166
4571	2294	0.89670455
4571	3256	0.8847004
4572	594	0.9995578
4572	838	0.9918315
4572	2036	0.9873319
4572	34	0.98708105
4572	2078	0.98457605
4572	2558	0.97783554
4572	1020	0.9677122
4572	2724	0.9567355
4572	1	0.9452317
4572	238	0.9429004
4573	1263	0.9826872
4573	924	0.9787458
4573	858	0.974639
4573	3408	0.9474244
4573	1370	0.8646053
4573	728	0.754777
4573	1953	0.73895353
4573	948	0.6028662
4573	1608	0.55480266
4573	1377	0.5439195
4574	745	0.9999989
4574	593	0.9996027
4574	3246	0.9908043
4574	3418	0.98854536
4574	920	0.982353
4574	1095	0.97873235
4574	1244	0.9700242
4574	3060	0.96875215
4574	535	0.9681828
4574	2997	0.9631567
4575	1350	0.99679923
4575	1407	0.9951849
4575	3409	0.992801
4575	1196	0.9885764
4575	2550	0.98811865
4575	3300	0.9778679
4575	2789	0.9765202
4575	1999	0.9630014
4575	337	0.9472219
4575	1130	0.9448572
4576	2123	0.9997108
4576	2161	0.9969611
4576	2193	0.9321875
4576	1214	0.920441
4576	2420	0.8979043
4576	260	0.70366037
4576	3153	0.59737515
4576	2951	0.27498004
4576	1503	0.24811146
4576	1210	0.22452646
4577	2028	0.99964505
4577	1371	0.9974059
4577	1951	0.9973634
4577	2746	0.98688495
4577	2363	0.9538367
4577	1278	0.9468025
4577	2565	0.83942044
4577	2135	0.83184487
4577	594	0.79049027
4577	1954	0.76203644
4578	2427	0.9998246
4578	2421	0.986415
4578	2906	0.9837302
4578	2248	0.9800098
4578	31	0.97767866
4578	3256	0.9763756
4578	2268	0.971407
4578	1639	0.9710659
4578	3421	0.9552679
4578	434	0.9468839
4579	969	0.9987365
4579	1961	0.9774119
4579	2926	0.8898012
4579	2683	0.85661906
4579	1136	0.7751274
4579	1949	0.75768316
4579	3099	0.75585604
4579	2135	0.73827195
4579	2212	0.7221505
4579	3398	0.72169
4580	527	0.9953834
4580	1617	0.9947579
4580	1535	0.9811234
4580	2384	0.979982
4580	2890	0.9686628
4580	1094	0.967325
4580	534	0.9408896
4580	1188	0.9222977
4580	529	0.9140102
4580	858	0.8863859
4581	2915	0.95713574
4581	2396	0.7904449
4581	1193	0.61796004
4581	750	0.5611237
4581	1080	0.5349286
4581	1304	0.30162328
4581	2054	0.25465262
4581	2407	0.19213215
4581	1394	0.1828571
4581	1380	0.08855003
4582	1201	0.9998954
4582	2193	0.9998576
4582	2015	0.99980605
4582	1291	0.99499965
4582	2100	0.7980436
4582	2028	0.716311
4582	3188	0.7144565
4582	345	0.53851384
4582	2161	0.5009686
4582	1014	0.46652973
4583	1090	0.99510604
4583	1203	0.9330654
4583	2949	0.7982192
4583	527	0.7600707
4583	110	0.65431756
4583	750	0.6177673
4583	924	0.6072016
4583	3	0.46678513
4583	1299	0.45702744
4583	1097	0.3850608
4584	1254	0.9988576
4584	2940	0.99843043
4584	942	0.9976382
4584	1945	0.99213666
4584	1267	0.99209833
4584	2935	0.9883432
4584	928	0.9845607
4584	1260	0.9786298
4584	1193	0.96962875
4584	162	0.96391046
4585	3175	0.9925308
4585	3264	0.97244775
4585	21	0.9584348
4585	2046	0.955317
4585	512	0.94472134
4585	1214	0.9373595
4585	541	0.9297624
4585	2600	0.92172074
4585	2968	0.9105444
4585	1270	0.9051702
4586	2694	0.9887241
4586	2997	0.9569956
4586	3113	0.8914045
4586	2724	0.85866785
4586	2447	0.5312415
4586	104	0.31882137
4586	1193	0.27954498
4586	2709	0.2724622
4586	2333	0.24333832
4586	2606	0.23810798
4587	2762	0.9975319
4587	3052	0.9840343
4587	1617	0.9785272
4587	3186	0.911864
4587	2628	0.87194777
4587	2186	0.8319031
4587	527	0.75831187
4587	345	0.74020517
4587	2396	0.7342149
4587	928	0.7214601
4588	34	0.99996203
4588	1777	0.9812914
4588	2496	0.97213095
4588	3249	0.938925
4588	1135	0.9385724
4588	3087	0.9261496
4588	350	0.9084405
4588	2687	0.9046569
4588	3210	0.88556385
4588	587	0.83218896
4589	2700	0.9986423
4589	3347	0.99851966
4589	1513	0.9971672
4589	3067	0.9855355
4589	2321	0.97867227
4589	2278	0.96889484
4589	1222	0.96736324
4589	356	0.9524083
4589	2929	0.88698566
4589	1090	0.852667
4590	2571	0.99869066
4590	1089	0.82716966
4590	223	0.8103532
4590	608	0.7626918
4590	589	0.58678055
4590	535	0.5683189
4590	2959	0.46751866
4590	1127	0.36698806
4590	1213	0.22146967
4590	507	0.21540126
4591	168	0.97319126
4591	594	0.9642719
4591	1997	0.958428
4591	898	0.93794894
4591	32	0.92861253
4591	208	0.91895753
4591	2640	0.9161762
4591	1959	0.9125612
4591	1876	0.892244
4591	1183	0.85518515
4592	2403	0.99986935
4592	1196	0.99975824
4592	2411	0.9979528
4592	2987	0.99448526
4592	1573	0.99239784
4592	1968	0.9906925
4592	2699	0.98975366
4592	2275	0.9817842
4592	2115	0.9749125
4592	1278	0.9547341
4593	2314	0.9990397
4593	110	0.993682
4593	1302	0.9841771
4593	1968	0.9592165
4593	515	0.94844455
4593	1701	0.92373717
4593	3108	0.8866682
4593	2324	0.8510044
4593	2174	0.8494346
4593	1210	0.8405568
4594	2028	0.9995873
4594	2366	0.997033
4594	858	0.9968412
4594	1036	0.9967525
4594	1214	0.99573934
4594	1717	0.9904622
4594	1927	0.89600384
4594	940	0.8552803
4594	3208	0.82617235
4594	2993	0.6982885
4595	720	0.9997345
4595	1210	0.99937314
4595	1240	0.9981482
4595	1907	0.99739075
4595	1387	0.9021447
4595	1253	0.90015686
4595	2700	0.8463726
4595	2662	0.76893294
4595	671	0.36546338
4595	678	0.35922164
4596	1466	0.9996439
4596	1620	0.99960697
4596	1729	0.9984145
4596	1957	0.9937767
4596	2797	0.9932628
4596	2126	0.97847307
4596	1036	0.9404526
4596	161	0.93611276
4596	1307	0.91275394
4596	2746	0.90985584
4597	2706	0.8750311
4597	2722	0.7105495
4597	2407	0.7075199
4597	2394	0.5846851
4597	110	0.56678677
4597	2011	0.51658577
4597	2694	0.35265523
4597	2641	0.3051641
4597	3206	0.2711528
4597	2710	0.1601601
4598	1945	0.999967
4598	2728	0.9998543
4598	3114	0.99952954
4598	1249	0.99942315
4598	1670	0.99911374
4598	3035	0.996722
4598	1036	0.9915799
4598	1307	0.9902978
4598	1214	0.98486805
4598	1200	0.9789632
4599	1032	0.9874141
4599	828	0.97605
4599	2687	0.97586167
4599	1961	0.7952081
4599	2090	0.7494416
4599	2059	0.561773
4599	2087	0.46588823
4599	1300	0.3980541
4599	2048	0.3892194
4599	2085	0.27259398
4600	1476	0.99743116
4600	2710	0.9967557
4600	260	0.99671423
4600	2916	0.99665654
4600	2291	0.98601747
4600	2371	0.98132145
4600	724	0.96584034
4600	1127	0.9532554
4600	2122	0.9304078
4600	2804	0.9106348
4601	380	0.999403
4601	2571	0.9790679
4601	780	0.957667
4601	653	0.94868827
4601	1690	0.9454299
4601	1378	0.9415513
4601	71	0.8998053
4601	3256	0.87464035
4601	2006	0.8349061
4601	480	0.7928492
4602	36	0.99967897
4602	1466	0.9886899
4602	2599	0.98369086
4602	1186	0.9742537
4602	3101	0.96986914
4602	1244	0.9459871
4602	3083	0.91521263
4602	223	0.9063239
4602	1247	0.87621784
4602	902	0.8678944
4603	1947	0.986148
4603	1196	0.96972346
4603	2987	0.9606494
4603	1198	0.9509338
4603	3101	0.92102003
4603	1674	0.84924054
4603	900	0.787959
4603	1387	0.6630626
4603	1214	0.6265696
4603	2761	0.5079897
4604	318	0.9990207
4604	2858	0.9975736
4604	1961	0.99160504
4604	1079	0.84867203
4604	1393	0.6288532
4604	1297	0.56631595
4604	3039	0.43947548
4604	1500	0.43131047
4604	1242	0.4034252
4604	1197	0.3461755
4605	1704	0.99988985
4605	3060	0.9997163
4605	529	0.9984815
4605	74	0.9942714
4605	1942	0.9920423
4605	293	0.98696417
4605	2028	0.9862971
4605	36	0.98487705
4605	2966	0.92090523
4605	2494	0.86150354
4606	2396	0.99950975
4606	1393	0.9986989
4606	191	0.9696946
4606	17	0.9610225
4606	2324	0.9425145
4606	2427	0.9323858
4606	1912	0.91217256
4606	1784	0.8262191
4606	22	0.80868435
4606	3159	0.7924378
4607	260	0.9999505
4607	1584	0.9996879
4607	3006	0.9983198
4607	2713	0.99512136
4607	480	0.9673006
4607	780	0.95309734
4607	1719	0.92281
4607	2390	0.90584993
4607	1188	0.89753175
4607	2022	0.8678806
4608	357	0.99988115
4608	125	0.9996282
4608	440	0.9982337
4608	141	0.99582314
4608	339	0.99480397
4608	101	0.9884752
4608	235	0.9883632
4608	2355	0.9801321
4608	497	0.9701703
4608	417	0.9383059
4609	2046	0.9987183
4609	457	0.9741862
4609	410	0.97348076
4609	2094	0.9549653
4609	475	0.93024576
4609	1573	0.92331505
4609	3052	0.8928758
4609	2125	0.8845686
4609	231	0.8777255
4609	269	0.87531745
4610	648	0.99472475
4610	1089	0.9766154
4610	3300	0.95637906
4610	2858	0.9521247
4610	2028	0.9102489
4610	70	0.90966976
4610	1722	0.7076399
4610	611	0.56612366
4610	2762	0.5242706
4610	3257	0.3823852
4611	296	0.9994442
4611	3418	0.9992801
4611	357	0.9991765
4611	380	0.9962371
4611	440	0.9899025
4611	1777	0.9816873
4611	1	0.97223026
4611	2692	0.9631626
4611	1265	0.95070183
4611	1968	0.94504535
4612	917	0.9999613
4612	3163	0.9988793
4612	924	0.98933613
4612	1944	0.9891051
4612	1097	0.9884611
4612	2882	0.98641145
4612	2420	0.972885
4612	671	0.9655775
4612	2125	0.9046332
4612	3148	0.81880677
4613	349	1.0
4613	1876	0.9999275
4613	480	0.99673796
4613	1597	0.99312156
4613	2812	0.98186433
4613	23	0.97636944
4613	353	0.96709377
4613	648	0.9578421
4613	457	0.9545139
4613	3005	0.9406332
4614	2283	0.99457425
4614	1674	0.5967394
4614	920	0.41624972
4614	3101	0.33249184
4614	2059	0.19111237
4614	608	0.12910959
4614	1721	0.10084519
4614	1271	0.08486956
4614	1669	0.07326037
4614	1759	0.066385746
4615	1732	0.999991
4615	1608	0.9997864
4615	1909	0.9981632
4615	589	0.9972306
4615	1876	0.9962479
4615	1580	0.9952141
4615	356	0.99335074
4615	736	0.9926071
4615	3156	0.9836408
4615	2353	0.95843697
4616	3147	1.0
4616	3176	0.9999896
4616	3186	0.9979295
4616	3185	0.98778164
4616	50	0.9784061
4616	296	0.977531
4616	1214	0.95811003
4616	678	0.8647287
4616	2966	0.80485106
4616	36	0.7515341
4617	50	0.99999857
4617	2916	0.99864876
4617	47	0.9980025
4617	2028	0.9973618
4617	1610	0.99185455
4617	832	0.987388
4617	1213	0.9806421
4617	3044	0.9800519
4617	3081	0.9644046
4617	1748	0.9643929
4618	1240	0.9997105
4618	3175	0.99918973
4618	1306	0.9925145
4618	1215	0.9394551
4618	1603	0.86002564
4618	2791	0.80053675
4618	2916	0.7916174
4618	1468	0.72479564
4618	1921	0.72444767
4618	671	0.70828724
4619	417	0.99997795
4619	497	0.9999443
4619	1683	0.9999176
4619	928	0.9990344
4619	3261	0.9986615
4619	2671	0.98547304
4619	912	0.9804785
4619	3006	0.9795327
4619	1244	0.9657532
4619	1285	0.96537805
4620	296	0.9999998
4620	1704	0.9999428
4620	25	0.9997602
4620	517	0.999395
4620	2890	0.99888784
4620	1179	0.997085
4620	1682	0.9960046
4620	3108	0.99555004
4620	2542	0.99457884
4620	1884	0.99209
4621	1517	0.99938816
4621	2384	0.9964708
4621	34	0.9931972
4621	3250	0.990495
4621	2599	0.9860815
4621	588	0.9783889
4621	2416	0.97326046
4621	924	0.96931124
4621	2908	0.9181195
4621	2072	0.90922713
4622	1196	0.7033492
4622	2028	0.3550914
4622	589	0.2836728
4622	2372	0.2823196
4622	2692	0.28116515
4622	380	0.19859266
4622	480	0.1859358
4622	2948	0.10585645
4622	1485	0.03258112
4622	2993	0.028380215
4623	2706	0.9999994
4623	2710	0.9998535
4623	2797	0.99726343
4623	3005	0.981984
4623	2881	0.9818629
4623	2688	0.9710085
4623	2906	0.8013321
4623	3016	0.74816155
4623	1674	0.69125766
4623	2712	0.5356349
4624	2686	0.9986367
4624	2396	0.9961104
4624	593	0.96442044
4624	3159	0.8605927
4624	1	0.81348515
4624	2395	0.74404305
4624	480	0.4448534
4624	342	0.3644354
4624	1722	0.30592412
4624	3185	0.29634362
4625	1200	0.9312165
4625	3385	0.8934244
4625	2918	0.88881826
4625	2416	0.8627057
4625	2405	0.82771146
4625	2407	0.81940985
4625	1653	0.7603812
4625	2018	0.7569182
4625	2064	0.74515074
4625	2973	0.7232783
4626	508	0.9987405
4626	2804	0.9940905
4626	2692	0.993279
4626	34	0.987383
4626	720	0.98636115
4626	1408	0.98023295
4626	1093	0.9640361
4626	2291	0.9577466
4626	440	0.9551586
4626	3019	0.92642057
4627	1077	0.9984588
4627	3362	0.9691031
4627	2889	0.95757157
4627	1194	0.93438417
4627	111	0.9166409
4627	3307	0.90021586
4627	2935	0.7502495
4627	2863	0.5934853
4627	2973	0.5933614
4627	2348	0.5793412
4628	3005	0.99964875
4628	3176	0.99362713
4628	912	0.9647043
4628	246	0.7898768
4628	520	0.61408246
4628	120	0.3161494
4628	2688	0.22017166
4628	593	0.21028885
4628	2605	0.19375944
4628	432	0.19160438
4629	3174	0.9950677
4629	2688	0.99359965
4629	3175	0.98333895
4629	3273	0.58110094
4629	24	0.53061825
4629	2706	0.48208505
4629	3082	0.39734423
4629	1513	0.39277813
4629	2908	0.30327645
4629	589	0.2501427
4630	1446	0.9703043
4630	1641	0.9540392
4630	52	0.951331
4630	2359	0.94402325
4630	523	0.5973942
4630	441	0.5369768
4630	2891	0.49247256
4630	3178	0.3901736
4630	2302	0.38515598
4630	608	0.3483768
4631	2947	0.999776
4631	1097	0.99962115
4631	2599	0.9995718
4631	2710	0.98126066
4631	364	0.9784592
4631	306	0.97628784
4631	2194	0.9759047
4631	538	0.9618107
4631	2302	0.94644314
4631	2858	0.8917657
4632	1270	0.9999956
4632	2248	0.999972
4632	1224	0.9967613
4632	1291	0.9932326
4632	1036	0.9923923
4632	1238	0.9897615
4632	1299	0.9880922
4632	1210	0.97565293
4632	2968	0.97133785
4632	1264	0.95545065
4633	2085	0.99507576
4633	1097	0.979163
4633	661	0.9243423
4633	1848	0.92320526
4633	765	0.86772394
4633	2087	0.7775996
4633	1014	0.7408488
4633	3247	0.66041523
4633	1713	0.5716665
4633	711	0.5649976
4634	3203	1.0
4634	3037	0.9999976
4634	50	0.998139
4634	3101	0.9975773
4634	1252	0.9961084
4634	1287	0.99534667
4634	1228	0.98940563
4634	1193	0.9829021
4634	1267	0.9665331
4634	1204	0.96359164
4635	780	0.9997231
4635	2396	0.9994999
4635	1288	0.99789405
4635	2572	0.996945
4635	1917	0.99302983
4635	736	0.9767878
4635	480	0.9629945
4635	260	0.9588591
4635	223	0.9402356
4635	2336	0.9235986
4636	1081	0.9771546
4636	2694	0.9667272
4636	2858	0.9505104
4636	3175	0.74822927
4636	587	0.73701525
4636	2836	0.7014222
4636	2001	0.47776195
4636	3186	0.41105747
4636	2078	0.349619
4636	2718	0.33660194
4637	1958	0.99913096
4637	1610	0.9985219
4637	919	0.9956137
4637	616	0.9874339
4637	457	0.97357625
4637	2959	0.9688694
4637	3251	0.9631089
4637	733	0.9609479
4637	2424	0.9596983
4637	590	0.946111
4638	1196	0.9999901
4638	2137	0.9999609
4638	596	0.9996863
4638	1198	0.9821429
4638	480	0.90804374
4638	2081	0.8871561
4638	1291	0.8267143
4638	3114	0.79811823
4638	1923	0.7726898
4638	1405	0.71495616
4639	1077	0.9999808
4639	1230	0.99974537
4639	1136	0.99853504
4639	1188	0.9979601
4639	1269	0.98247457
4639	2788	0.92383933
4639	1292	0.91114944
4639	2936	0.89813197
4639	2352	0.8762219
4639	2791	0.8656688
4640	1356	0.9987045
4640	1127	0.9575689
4640	1917	0.95708597
4640	1907	0.92625153
4640	648	0.9236402
4640	1385	0.9224081
4640	1291	0.89769447
4640	2701	0.89635277
4640	2353	0.88932633
4640	2455	0.85785973
4641	745	0.9993131
4641	527	0.9992378
4641	2997	0.996446
4641	1641	0.99426645
4641	296	0.9905961
4641	2321	0.9861994
4641	1860	0.9407552
4641	1180	0.92525756
4641	1704	0.89708686
4641	1233	0.8850019
4642	919	0.9997618
4642	1214	0.99854434
4642	2028	0.9955895
4642	2916	0.9880985
4642	968	0.9870199
4642	2606	0.9636173
4642	527	0.93545943
4642	2664	0.9336597
4642	2683	0.9049897
4642	912	0.87058085
4643	2599	0.9999274
4643	3163	0.9994371
4643	1188	0.9986507
4643	3260	0.9983336
4643	457	0.99635535
4643	1265	0.99145377
4643	2028	0.98732543
4643	2289	0.9815819
4643	150	0.97830796
4643	2357	0.9633869
4644	1079	0.99295783
4644	1265	0.9830215
4644	2357	0.9723306
4644	1279	0.9399971
4644	2396	0.9385875
4644	1784	0.9266389
4644	1089	0.9258306
4644	2174	0.9006111
4644	1188	0.89622337
4644	2583	0.85251296
4645	1092	0.9998225
4645	928	0.99428976
4645	1610	0.99138725
4645	2135	0.9897822
4645	1951	0.98943317
4645	3230	0.98587847
4645	595	0.98219335
4645	589	0.98184085
4645	1343	0.97479355
4645	16	0.9653038
4646	3174	0.99978876
4646	3148	0.99939775
4646	1835	0.99863625
4646	2513	0.98603904
4646	2502	0.9752905
4646	3156	0.97459984
4646	3083	0.95260143
4646	1639	0.9240141
4646	2361	0.9181101
4646	3177	0.88969517
4647	1694	0.9996817
4647	474	0.99131477
4647	2463	0.96566665
4647	590	0.96120846
4647	471	0.95408005
4647	1291	0.9472091
4647	2959	0.9396939
4647	1263	0.91655135
4647	2124	0.7726096
4647	1968	0.7313356
4648	2805	0.9994444
4648	2336	0.9631361
4648	785	0.72605497
4648	2882	0.6836933
4648	223	0.35443938
4648	2987	0.34881675
4648	1513	0.20907977
4648	2093	0.20371315
4648	1014	0.16718802
4648	3238	0.15854573
4649	1280	0.9708384
4649	2972	0.96798134
4649	1208	0.80710137
4649	1183	0.74560124
4649	1233	0.728587
4649	991	0.5968516
4649	41	0.5633984
4649	3406	0.5550597
4649	2670	0.36861217
4649	3066	0.33814272
4650	1021	0.9999988
4650	1453	0.9998348
4650	223	0.99950564
4650	1961	0.9969301
4650	150	0.99582314
4650	1587	0.9954343
4650	1678	0.985665
4650	2694	0.97618544
4650	886	0.9751837
4650	3052	0.9513528
4651	549	0.99988294
4651	1189	0.99953914
4651	128	0.9989238
4651	1289	0.98753226
4651	1123	0.9800104
4651	290	0.9739107
4651	1358	0.94377625
4651	3281	0.66617393
4651	1188	0.46459407
4651	2858	0.4017979
4652	1193	0.999992
4652	1147	0.9995126
4652	3007	0.99903893
4652	1234	0.9984051
4652	1250	0.9978199
4652	1086	0.9975747
4652	1952	0.9964587
4652	1945	0.97945577
4652	2324	0.9771385
4652	3083	0.97608817
4653	1206	0.99997246
4653	246	0.99979806
4653	17	0.99942553
4653	1302	0.9993059
4653	900	0.99870414
4653	2571	0.99625313
4653	920	0.995373
4653	953	0.991569
4653	1214	0.9733858
4653	2919	0.9703853
4654	745	0.9992464
4654	1193	0.99787295
4654	2935	0.99439853
4654	1945	0.9797359
4654	1260	0.97916436
4654	1254	0.97078043
4654	1294	0.9658507
4654	3072	0.9448596
4654	3307	0.94177896
4654	2150	0.93148464
4655	2171	0.9996416
4655	58	0.9946055
4655	2915	0.9917375
4655	3108	0.9909874
4655	2096	0.9842244
4655	1617	0.9829679
4655	1282	0.98261184
4655	1527	0.9781918
4655	471	0.97751427
4655	3079	0.96918
4656	3114	0.9999351
4656	1196	0.99984777
4656	1210	0.99982667
4656	527	0.99582314
4656	3267	0.9911075
4656	1500	0.98028547
4656	1407	0.97877115
4656	764	0.9683727
4656	2366	0.9682535
4656	3176	0.96627855
4657	1266	0.99582744
4657	1617	0.9851466
4657	1208	0.9603616
4657	2357	0.8919291
4657	2762	0.8909889
4657	2677	0.88213015
4657	154	0.83826625
4657	266	0.82108605
4657	2944	0.73756635
4657	912	0.65613973
4658	541	0.99555266
4658	1261	0.97896934
4658	3054	0.9056939
4658	2097	0.900533
4658	2428	0.8944586
4658	910	0.8406831
4658	1389	0.8148579
4658	2531	0.814461
4658	2683	0.7968104
4658	2858	0.75418234
4659	1704	0.99999666
4659	381	0.9890894
4659	515	0.94266784
4659	1610	0.92184496
4659	2908	0.917279
4659	3250	0.8958373
4659	3175	0.8824304
4659	36	0.8490423
4659	349	0.84762645
4659	589	0.8378593
4660	1185	0.99994016
4660	1296	0.9999313
4660	1186	0.99986446
4660	1962	0.9998443
4660	2312	0.999552
4660	3210	0.99890256
4660	3393	0.99861795
4660	141	0.9953873
4660	1302	0.9948041
4660	2018	0.9926402
4661	1301	0.9999739
4661	527	0.9696376
4661	2664	0.95946527
4661	1224	0.9378732
4661	3417	0.89783704
4661	969	0.8649517
4661	1945	0.84415174
4661	1086	0.7135409
4661	3074	0.7128667
4661	246	0.69022316
4662	380	0.9999964
4662	2683	0.9998168
4662	719	0.9996213
4662	7	0.99850875
4662	289	0.9969364
4662	597	0.996081
4662	1020	0.98964226
4662	107	0.9766236
4662	837	0.9702823
4662	19	0.96903336
4663	2302	0.9996999
4663	474	0.9540496
4663	1193	0.9093101
4663	1094	0.89748806
4663	2300	0.8883531
4663	1265	0.8671515
4663	1	0.84593546
4663	1358	0.8297063
4663	1500	0.8230186
4663	2324	0.8086936
4664	2712	0.9990578
4664	2762	0.9976182
4664	3101	0.9957577
4664	2995	0.98967636
4664	1639	0.8995285
4664	2369	0.88587976
4664	2023	0.88433045
4664	2683	0.8603493
4664	1721	0.6999907
4664	36	0.64329475
4665	3412	0.85899264
4665	1259	0.5305121
4665	260	0.4261676
4665	1304	0.25724313
4665	1275	0.21891534
4665	590	0.1937688
4665	2501	0.051150322
4665	1127	0.04758215
4665	446	0.03882715
4665	2826	0.034460306
4666	1259	0.9999448
4666	2352	0.99870944
4666	1189	0.99368006
4666	1299	0.9930904
4666	1079	0.9919236
4666	1171	0.9912391
4666	2243	0.9850346
4666	1302	0.97111166
4666	1021	0.9695717
4666	193	0.96836793
4667	111	0.9993236
4667	668	0.99913293
4667	1252	0.9986316
4667	924	0.97515774
4667	1219	0.93853897
4667	2858	0.9212647
4667	1196	0.85084915
4667	1678	0.5069446
4667	2747	0.4655133
4667	2976	0.38501766
4668	750	0.9896536
4668	1206	0.9296522
4668	1210	0.763716
4668	1097	0.7634512
4668	1356	0.5427535
4668	2916	0.37545
4668	2662	0.32648924
4668	2471	0.21361342
4668	1374	0.046436578
4668	3037	0.04602906
4669	3175	0.97202563
4669	2763	0.9681986
4669	1961	0.95644724
4669	2720	0.89840543
4669	2805	0.8470398
4669	1210	0.828387
4669	2028	0.7954595
4669	2321	0.61286
4669	1265	0.3883666
4669	2710	0.22184536
4670	1947	0.99999917
4670	1196	0.99995744
4670	1214	0.9998888
4670	2987	0.99960303
4670	1220	0.98205477
4670	2135	0.98106647
4670	1965	0.9780606
4670	1291	0.9674641
4670	750	0.9592532
4670	1081	0.9581919
4671	2407	0.99536425
4671	316	0.9875424
4671	329	0.98151696
4671	1573	0.9755435
4671	2716	0.97515035
4671	3081	0.9633513
4671	1876	0.9608214
4671	1127	0.958717
4671	541	0.94708914
4671	2424	0.93889236
4672	2022	0.99837244
4672	2710	0.9966124
4672	2694	0.8964314
4672	419	0.7031811
4672	3004	0.6073743
4672	2324	0.3335597
4672	1959	0.30167392
4672	3251	0.23250186
4672	1230	0.20942855
4672	2693	0.19851479
4673	2427	0.9985267
4673	2171	0.99288625
4673	924	0.9898306
4673	2028	0.9826497
4673	920	0.98203087
4673	2949	0.9814523
4673	3178	0.9656539
4673	2985	0.96445227
4673	590	0.96113765
4673	2915	0.94891274
4674	2407	0.99927074
4674	2791	0.99900794
4674	2416	0.9983254
4674	2406	0.9980197
4674	1091	0.99791867
4674	2115	0.9971527
4674	1210	0.9945259
4674	1081	0.9925993
4674	1378	0.9624846
4674	1367	0.9066776
4675	2193	0.993889
4675	1488	0.9839846
4675	919	0.9778051
4675	1061	0.9629592
4675	1269	0.95894814
4675	588	0.95762336
4675	3108	0.948153
4675	293	0.94390655
4675	543	0.9006241
4675	1296	0.89610684
4676	1394	0.9963669
4676	1997	0.9704331
4676	3072	0.953035
4676	2396	0.943413
4676	2706	0.89357966
4676	2997	0.8688092
4676	950	0.85960186
4676	1258	0.85291564
4676	589	0.8383344
4676	1265	0.67066014
4677	2965	0.99620426
4677	2997	0.9762958
4677	1198	0.9490663
4677	2507	0.6878815
4677	1247	0.5553938
4677	3350	0.49004656
4677	2762	0.2720878
4677	1303	0.26498353
4677	1077	0.15929061
4677	3007	0.14169464
4678	2959	0.999692
4678	2966	0.9857943
4678	246	0.865561
4678	1284	0.8434323
4678	2657	0.7696619
4678	2912	0.5491334
4678	1240	0.54274774
4678	2949	0.50747275
4678	3176	0.3575232
4678	1580	0.34519145
4679	2690	0.99959373
4679	2022	0.9499754
4679	3016	0.8500618
4679	2908	0.81213206
4679	3203	0.76405716
4679	2724	0.69253385
4679	2961	0.42676756
4679	2405	0.25072366
4679	2762	0.20494252
4679	2712	0.20210266
4680	45	0.9977847
4680	3007	0.9973047
4680	3107	0.99590755
4680	1358	0.99547935
4680	1883	0.99115324
4680	2692	0.98939526
4680	1377	0.9892567
4680	1093	0.9775936
4680	1608	0.9701885
4680	1343	0.970124
4681	111	0.9797528
4681	3362	0.96581554
4681	1094	0.8889966
4681	1206	0.85251904
4681	3169	0.85081035
4681	2872	0.8216965
4681	3201	0.82034314
4681	1956	0.8008352
4681	1266	0.79540026
4681	272	0.7728263
4682	2858	0.995368
4682	1500	0.9948083
4682	3260	0.98446995
4682	1916	0.978264
4682	3269	0.97707283
4682	3104	0.9560255
4682	377	0.94727397
4682	1535	0.9308775
4682	11	0.90590215
4682	2087	0.82222897
4683	2640	0.9999505
4683	480	0.9999311
4683	316	0.9987755
4683	1552	0.9985546
4683	329	0.99833596
4683	2006	0.9971901
4683	1376	0.9967905
4683	2406	0.96570134
4683	1967	0.9409398
4683	1097	0.91674817
4684	1380	0.9811778
4684	190	0.9732269
4684	1732	0.9712627
4684	1916	0.932223
4684	454	0.89966464
4684	3424	0.8779088
4684	3129	0.869529
4684	2762	0.78614837
4684	1289	0.763814
4684	377	0.7619022
4685	1208	0.99930394
4685	926	0.9978472
4685	2019	0.9976965
4685	1207	0.98165447
4685	2712	0.95900136
4685	2174	0.95494986
4685	1228	0.9169082
4685	913	0.89519775
4685	1256	0.8948213
4685	1285	0.8768113
4686	1247	0.99986446
4686	1231	0.9991127
4686	954	0.99846345
4686	2804	0.9974655
4686	800	0.9965999
4686	2761	0.9959644
4686	1206	0.99513006
4686	1254	0.98493725
4686	1294	0.9807328
4686	858	0.97668946
4687	2353	0.99964046
4687	608	0.9987667
4687	1271	0.9880973
4687	1210	0.98110163
4687	1231	0.9466866
4687	3203	0.9279566
4687	2571	0.86023325
4687	1721	0.8549794
4687	1193	0.84050333
4687	1265	0.80496085
4688	919	0.999588
4688	1294	0.9959109
4688	2248	0.9882357
4688	260	0.9451504
4688	1278	0.9408498
4688	2369	0.9346714
4688	1	0.8960333
4688	3016	0.862922
4688	1304	0.81603277
4688	1221	0.7867282
4689	3006	0.9999308
4689	1625	0.99812543
4689	110	0.99698704
4689	589	0.9953659
4689	3081	0.9847777
4689	2692	0.9734042
4689	858	0.96364796
4689	2841	0.9502725
4689	316	0.9494246
4689	553	0.9418657
4690	2432	0.9999247
4690	1210	0.9998491
4690	2716	0.9998338
4690	1073	0.99977535
4690	2710	0.9997623
4690	3081	0.9996769
4690	2465	0.998783
4690	1407	0.9974477
4690	2702	0.9866077
4690	2054	0.92070925
4691	17	0.9999957
4691	11	0.9998667
4691	262	0.99966216
4691	2671	0.999467
4691	150	0.9974601
4691	1271	0.9969989
4691	381	0.9961103
4691	1777	0.98145974
4691	1097	0.98097074
4691	2336	0.97633874
4692	1189	0.9921008
4692	1243	0.97611177
4692	527	0.8320015
4692	920	0.81271243
4692	720	0.6129579
4692	2953	0.55768913
4692	3418	0.54492235
4692	2693	0.5130431
4692	1242	0.45097944
4692	1097	0.42868173
4693	913	0.99999547
4693	1266	0.9997703
4693	383	0.9979219
4693	964	0.9900166
4693	541	0.9842987
4693	260	0.97476244
4693	1208	0.9702004
4693	303	0.95628643
4693	1625	0.9320032
4693	1344	0.9306278
4694	111	0.9997142
4694	1997	0.9992386
4694	1201	0.9959277
4694	1953	0.9949583
4694	1247	0.98553634
4694	145	0.9812883
4694	924	0.9798297
4694	1950	0.9757876
4694	1294	0.9433185
4694	529	0.9320568
4695	3101	0.9980612
4695	1824	0.994706
4695	3174	0.9909516
4695	547	0.98897076
4695	2858	0.9861493
4695	1356	0.9799862
4695	3421	0.96560705
4695	1717	0.95007133
4695	2997	0.94775265
4695	3156	0.94204825
4696	1198	0.9995582
4696	2628	0.99694
4696	329	0.9872445
4696	1210	0.8278705
4696	1196	0.6996225
4696	3033	0.66114557
4696	2858	0.63649476
4696	3159	0.4424693
4696	1375	0.34276
4696	1356	0.19451901
4697	1967	0.9973155
4697	2253	0.9965797
4697	1073	0.99447477
4697	2581	0.9922917
4697	2706	0.9775609
4697	2125	0.963339
4697	2700	0.94142365
4697	2599	0.90881664
4697	252	0.89079154
4697	2168	0.8612122
4698	3186	0.99722016
4698	3147	0.9899583
4698	3145	0.9786288
4698	3052	0.94284046
4698	524	0.89232886
4698	111	0.73813033
4698	2959	0.7160872
4698	527	0.67893577
4698	3252	0.65387446
4698	2324	0.5035447
4699	163	0.99999964
4699	2763	0.9998785
4699	380	0.9996851
4699	6	0.95754397
4699	2617	0.8974024
4699	480	0.8832673
4699	112	0.8447187
4699	2427	0.8320185
4699	1676	0.8303493
4699	2622	0.79776233
4700	1909	0.9998659
4700	2565	0.996872
4700	1242	0.9948658
4700	2699	0.99170625
4700	2987	0.9870931
4700	480	0.98686457
4700	1997	0.9579141
4700	3396	0.94409907
4700	953	0.9275474
4700	1693	0.89875776
4701	1580	0.99511355
4701	480	0.99316907
4701	1476	0.9858892
4701	858	0.9770522
4701	608	0.957497
4701	110	0.8495171
4701	1968	0.83388484
4701	1721	0.8291248
4701	2396	0.8280707
4701	2359	0.7857065
4702	858	0.9974762
4702	1203	0.9808586
4702	1270	0.9249016
4702	1210	0.8385923
4702	1247	0.5443329
4702	593	0.47584486
4702	912	0.44350675
4702	919	0.42818782
4702	1104	0.3822102
4702	1256	0.38022703
4703	3147	0.9550883
4703	2841	0.88794184
4703	2908	0.8687967
4703	50	0.69774616
4703	3160	0.6963208
4703	246	0.67134476
4703	2710	0.461287
4703	2763	0.34758887
4703	296	0.25541827
4703	2391	0.23302683
4704	748	0.9983386
4704	1584	0.9945162
4704	3269	0.99362576
4704	1920	0.9936173
4704	1702	0.9928049
4704	1197	0.98300374
4704	2041	0.9777138
4704	2454	0.95989394
4704	3070	0.9502424
4704	1608	0.94073606
4705	838	0.9971267
4705	2087	0.99624527
4705	2858	0.987314
4705	1641	0.9858743
4705	1617	0.9656102
4705	2996	0.9584648
4705	2321	0.956774
4705	2291	0.9442479
4705	588	0.9391415
4705	457	0.92975515
4706	2006	0.999979
4706	480	0.99845093
4706	3418	0.9964299
4706	329	0.9904357
4706	2617	0.98767614
4706	3108	0.93703765
4706	1408	0.9247978
4706	1967	0.91899914
4706	1259	0.6703766
4706	2541	0.52443564
4707	2712	0.99941236
4707	111	0.997468
4707	3114	0.99651533
4707	3424	0.99168
4707	1393	0.9842825
4707	1073	0.9753317
4707	3108	0.9706297
4707	527	0.90864027
4707	562	0.861246
4707	2762	0.8575329
4708	1271	0.99560416
4708	3006	0.9829565
4708	1059	0.9781293
4708	101	0.9749499
4708	1228	0.97327095
4708	2750	0.970618
4708	3090	0.97058797
4708	1674	0.96400136
4708	1291	0.963182
4708	2427	0.95766395
4709	1185	0.9998916
4709	1962	0.995955
4709	1036	0.97640383
4709	1259	0.918547
4709	150	0.89864993
4709	1291	0.7720504
4709	1240	0.7614377
4709	1270	0.66725576
4709	1721	0.6552299
4709	1302	0.6265584
4710	1078	0.9964272
4710	2920	0.94520307
4710	1214	0.677582
4710	1210	0.6748443
4710	3067	0.4794228
4710	1617	0.45788297
4710	933	0.2814066
4710	2858	0.27800554
4710	319	0.17561004
4710	1224	0.16123798
4711	1690	0.9996013
4711	3175	0.9990355
4711	2321	0.9983603
4711	802	0.9957286
4711	1393	0.99122226
4711	2490	0.9854225
4711	367	0.9584987
4711	1188	0.93211967
4711	3052	0.8850806
4711	1909	0.84444666
4712	1136	0.99935246
4712	920	0.99707675
4712	750	0.9824536
4712	2046	0.9791614
4712	1028	0.967105
4712	2054	0.758101
4712	1380	0.75555396
4712	3359	0.7376426
4712	356	0.6996838
4712	1262	0.59855324
4713	1969	0.9999405
4713	2995	0.9995078
4713	1911	0.99644256
4713	3081	0.9942521
4713	2720	0.9900011
4713	858	0.98554194
4713	2881	0.94666964
4713	1973	0.93563735
4713	648	0.9355124
4713	380	0.9309583
4714	1132	0.99965495
4714	1178	0.9977343
4714	1224	0.9956538
4714	1284	0.98895836
4714	446	0.9844749
4714	3196	0.9710664
4714	1280	0.9705914
4714	3224	0.9246352
4714	1213	0.8985458
4714	1299	0.8851951
4715	39	0.9970728
4715	1136	0.9753253
4715	1527	0.9658021
4715	1591	0.96528256
4715	1265	0.96496516
4715	2167	0.9626962
4715	1584	0.957163
4715	368	0.95677423
4715	2174	0.9431821
4715	1214	0.93714356
4716	1280	0.9999527
4716	1097	0.9980756
4716	1270	0.9980706
4716	1296	0.99591714
4716	1288	0.99179703
4716	1674	0.99079937
4716	2076	0.98601115
4716	2163	0.98142827
4716	1185	0.9732734
4716	1086	0.9665196
4717	1230	0.9970078
4717	1125	0.98284054
4717	1270	0.9664644
4717	1276	0.9163047
4717	1235	0.90922844
4717	1201	0.8916714
4717	1953	0.85814154
4717	587	0.8301463
4717	1610	0.6760051
4717	1220	0.5726835
4718	1380	0.9999151
4718	2099	0.9912325
4718	1035	0.99053097
4718	150	0.98654014
4718	2080	0.9851313
4718	2581	0.9684421
4718	1	0.9681282
4718	1278	0.9380652
4718	1947	0.93227106
4718	1544	0.9294252
4719	480	0.9911802
4719	1552	0.95712656
4719	10	0.89982224
4719	780	0.3836779
4719	421	0.3243738
4719	1608	0.26976243
4719	1544	0.21140715
4719	208	0.16281271
4719	798	0.09590042
4719	1197	0.076649785
4720	1721	0.99407816
4720	2694	0.99360526
4720	2314	0.99027956
4720	2712	0.9822885
4720	3174	0.96251374
4720	2125	0.9586617
4720	685	0.9529169
4720	3163	0.9454037
4720	2707	0.9397673
4720	1221	0.9138882
4721	2572	0.9998946
4721	2369	0.99988115
4721	2719	0.9986203
4721	1513	0.98552454
4721	3421	0.94541323
4721	2485	0.9036958
4721	3420	0.9008142
4721	2959	0.8703615
4721	3019	0.82330954
4721	2987	0.7484198
4722	1240	0.9971162
4722	2951	0.99154675
4722	2028	0.9567658
4722	3406	0.9408355
4722	1214	0.8923916
4722	589	0.5915081
4722	648	0.5248277
4722	969	0.43375957
4722	2396	0.3946861
4722	1220	0.34623367
4723	745	0.9987149
4723	3067	0.9965556
4723	1224	0.97965306
4723	3175	0.97933793
4723	3347	0.9729212
4723	2739	0.96878403
4723	902	0.95910066
4723	1957	0.90759313
4723	1131	0.90263987
4723	2951	0.88475657
4724	446	0.99994856
4724	1704	0.9867052
4724	2997	0.97916615
4724	8	0.9200891
4724	1132	0.8879737
4724	25	0.8762456
4724	1678	0.7393416
4724	2721	0.6375413
4724	2357	0.63629293
4724	2068	0.61766315
4725	442	0.99971235
4725	1079	0.91719234
4725	589	0.90173274
4725	1367	0.8876112
4725	1752	0.86967397
4725	6	0.77047336
4725	539	0.7543457
4725	2013	0.7399449
4725	2163	0.70085776
4725	1408	0.59267664
4726	2875	0.9997961
4726	468	0.9769014
4726	372	0.97318745
4726	3175	0.8762596
4726	2324	0.861482
4726	270	0.8390545
4726	1777	0.77757955
4726	1271	0.7683159
4726	527	0.6865458
4726	500	0.63066566
4727	3299	0.99986786
4727	2692	0.9979695
4727	2861	0.9978918
4727	3176	0.99565756
4727	3298	0.9888482
4727	1064	0.9699899
4727	3054	0.95392394
4727	1784	0.88693565
4727	1544	0.87250215
4727	2858	0.8530808
4728	3254	0.9956868
4728	1259	0.9936899
4728	2028	0.9933264
4728	1036	0.96821165
4728	2054	0.9670416
4728	1320	0.96461415
4728	2793	0.96099854
4728	539	0.9590468
4728	1562	0.9478505
4728	1304	0.9467203
4729	2433	0.99964565
4729	3100	0.99243367
4729	2686	0.991873
4729	300	0.9917672
4729	2723	0.9847033
4729	2432	0.97718775
4729	45	0.9754418
4729	1393	0.9591221
4729	1517	0.9566593
4729	1711	0.95069724
4730	1270	0.40131038
4730	1197	0.046246022
4730	1210	0.033884794
4730	1198	0.027464926
4730	1097	0.014788032
4730	1196	0.011387706
4730	1079	0.011209339
4730	2804	0.008344263
4730	2791	0.0011888444
4730	1259	0.00090301037
4731	480	0.9986712
4731	1036	0.9959588
4731	21	0.98033214
4731	1210	0.9688142
4731	2764	0.9226825
4731	1291	0.92006624
4731	733	0.90881413
4731	1214	0.83696854
4731	1396	0.75651014
4731	1376	0.6698864
4732	316	0.9904214
4732	2990	0.96688926
4732	780	0.9659038
4732	1206	0.92525226
4732	2001	0.9184972
4732	1916	0.8738432
4732	2722	0.8543726
4732	3256	0.8177189
4732	2951	0.79394066
4732	3160	0.77020645
4733	648	0.9968389
4733	480	0.99453056
4733	1027	0.9938293
4733	653	0.97817004
4733	1909	0.9609481
4733	2105	0.93519807
4733	1476	0.9326746
4733	368	0.9269368
4733	2003	0.9247912
4733	1222	0.8857856
4734	1748	0.99999505
4734	3179	0.9951552
4734	942	0.98984873
4734	1376	0.9867021
4734	1371	0.977296
4734	3175	0.9748163
4734	2433	0.96190274
4734	2021	0.9417374
4734	849	0.9309889
4734	364	0.9308756
4735	1267	0.99999285
4735	1729	0.99998754
4735	2947	0.9999066
4735	2186	0.9998884
4735	1262	0.9994986
4735	1204	0.99556184
4735	2940	0.99082583
4735	1214	0.8867517
4735	1080	0.82982576
4735	3427	0.8170922
4736	1674	0.9990388
4736	475	0.999035
4736	2174	0.9981171
4736	161	0.9966411
4736	1203	0.9963983
4736	1086	0.9938792
4736	1805	0.99247295
4736	1258	0.9917805
4736	1097	0.97111094
4736	1586	0.970137
4737	2968	0.9991826
4737	1649	0.99787056
4737	2414	0.9341147
4737	1036	0.8855094
4737	2140	0.87946826
4737	924	0.8393173
4737	1305	0.8298116
4737	2973	0.7866091
4737	1097	0.7544085
4737	2741	0.69828045
4738	1073	0.9999707
4738	1179	0.9988241
4738	1287	0.99875903
4738	1283	0.991699
4738	1252	0.98906124
4738	924	0.9873127
4738	2946	0.98168623
4738	1262	0.9747125
4738	899	0.97429806
4738	1265	0.9652114
4739	2987	0.9996006
4739	1097	0.99642026
4739	2728	0.9812445
4739	1949	0.93266106
4739	2355	0.87212145
4739	1200	0.8678786
4739	1231	0.8490722
4739	2694	0.8219826
4739	920	0.814294
4739	2174	0.80628264
4740	3099	0.9999808
4740	1393	0.9999293
4740	3261	0.99896693
4740	587	0.9980422
4740	1221	0.9968381
4740	2496	0.97951865
4740	74	0.9595958
4740	3244	0.90558565
4740	339	0.8816135
4740	1569	0.7931739
4741	260	0.99924123
4741	905	0.9974407
4741	1079	0.9692666
4741	2990	0.9559567
4741	2924	0.9154129
4741	1221	0.7079047
4741	1191	0.6961438
4741	1831	0.68141335
4741	1251	0.6697236
4741	852	0.62517405
4742	1945	0.99964345
4742	1340	0.9984085
4742	2840	0.9982394
4742	1977	0.99205637
4742	2599	0.96044135
4742	1234	0.95981574
4742	1946	0.95858634
4742	3016	0.95592797
4742	2004	0.95157
4742	968	0.93054533
4743	1669	0.9979254
4743	2731	0.99733686
4743	3406	0.99406517
4743	923	0.98728096
4743	2495	0.94586825
4743	954	0.90905046
4743	2689	0.9064094
4743	3028	0.90384114
4743	1945	0.89825594
4743	254	0.89074135
4744	318	0.999927
4744	588	0.99985343
4744	541	0.99937415
4744	1027	0.9993418
4744	2393	0.9972931
4744	111	0.9953226
4744	527	0.99342525
4744	1270	0.9915097
4744	608	0.95861006
4744	1350	0.9423351
4745	608	0.99998266
4745	34	0.99926895
4745	1500	0.9973399
4745	1625	0.9955242
4745	318	0.99542695
4745	923	0.994642
4745	2321	0.9941144
4745	2132	0.9897028
4745	2788	0.9893063
4745	1278	0.9858887
4746	527	0.99758863
4746	595	0.99663985
4746	1956	0.9959074
4746	3256	0.9915155
4746	2268	0.98437095
4746	1580	0.9795289
4746	318	0.97852516
4746	1527	0.9768199
4746	1259	0.9729136
4746	3098	0.9605072
4747	786	0.9999875
4747	1527	0.99955213
4747	2406	0.99874127
4747	3147	0.9935632
4747	1376	0.98907125
4747	1586	0.9610503
4747	485	0.9551757
4747	2735	0.94309866
4747	1375	0.9129255
4747	376	0.911878
4748	1285	0.99842036
4748	1094	0.9975436
4748	356	0.9969182
4748	2541	0.9943631
4748	593	0.9907576
4748	3404	0.98987234
4748	3155	0.98424095
4748	1597	0.97556096
4748	919	0.95615935
4748	587	0.93966305
4749	2858	0.6833873
4749	527	0.21629387
4749	3388	0.1579628
4749	3174	0.1499204
4749	1198	0.037780374
4749	3055	0.035892814
4749	2466	0.03136146
4749	2686	0.027655452
4749	489	0.023833215
4749	3179	0.0150432885
4750	441	0.9999507
4750	3274	0.9971198
4750	2137	0.9971155
4750	2846	0.99506855
4750	1961	0.9675966
4750	1721	0.9611212
4750	1073	0.9322282
4750	1396	0.78896093
4750	2088	0.7761247
4750	1268	0.7704452
4751	2858	0.99913156
4751	2912	0.99675584
4751	1131	0.9958091
4751	2804	0.98777306
4751	2070	0.9875425
4751	1191	0.9399848
4751	3406	0.9060007
4751	608	0.85916126
4751	110	0.82938844
4751	1050	0.8222853
4752	915	0.9995956
4752	1136	0.99933755
4752	916	0.9990586
4752	902	0.9984031
4752	39	0.9951122
4752	1961	0.99065197
4752	1307	0.97794163
4752	2396	0.92023087
4752	1680	0.89466536
4752	1244	0.843312
4753	3363	0.99996537
4753	1097	0.9822657
4753	3364	0.9547409
4753	1214	0.91261065
4753	110	0.8821938
4753	2971	0.81562984
4753	1784	0.7173815
4753	2520	0.5989499
4753	1304	0.53993046
4753	1251	0.5300748
4754	1307	0.9993959
4754	3104	0.997054
4754	1956	0.99201024
4754	1961	0.98256594
4754	1330	0.9682915
4754	1135	0.95726347
4754	1257	0.95174426
4754	2133	0.9315897
4754	3424	0.9151276
4754	2150	0.9083597
4755	3157	0.98718345
4755	2429	0.8364998
4755	318	0.7530416
4755	1097	0.71578515
4755	1193	0.47356504
4755	1730	0.46414918
4755	2725	0.42523313
4755	2639	0.36036897
4755	1293	0.3312343
4755	3198	0.30948785
4756	2762	0.9994784
4756	2826	0.9706141
4756	3082	0.95637345
4756	3174	0.7881789
4756	2959	0.68281835
4756	932	0.5708375
4756	3053	0.35513806
4756	1900	0.34861705
4756	3007	0.34519416
4756	318	0.25887614
4757	1639	0.9999962
4757	3102	0.99396193
4757	1732	0.98392797
4757	2716	0.9654194
4757	1213	0.9461712
4757	708	0.9180537
4757	1625	0.9173541
4757	2369	0.87415516
4757	3176	0.87270975
4757	908	0.86192036
4758	1280	0.9838867
4758	326	0.6677966
4758	150	0.57075244
4758	1545	0.55330503
4758	593	0.39210626
4758	3426	0.28411537
4758	1210	0.2423796
4758	1997	0.23205432
4758	2023	0.21478757
4758	446	0.15718454
4759	1304	0.999985
4759	1721	0.99577147
4759	2324	0.98717403
4759	1214	0.9695108
4759	1196	0.9426793
4759	3418	0.87898546
4759	2951	0.8789663
4759	590	0.8750131
4759	2858	0.7942027
4759	858	0.69444245
4760	1783	0.9999927
4760	1625	0.99952066
4760	21	0.9911157
4760	185	0.98433757
4760	367	0.9624637
4760	356	0.9585645
4760	1833	0.9542463
4760	322	0.9467572
4760	1500	0.9379519
4760	1267	0.899542
4761	3355	0.998847
4761	2965	0.99092925
4761	2907	0.98298657
4761	3324	0.97895646
4761	1625	0.9786832
4761	2427	0.9674072
4761	2291	0.9587194
4761	2882	0.95244765
4761	3175	0.93291044
4761	1356	0.78765273
4762	2858	0.9993603
4762	3174	0.996841
4762	1394	0.9869304
4762	3097	0.949094
4762	3185	0.9467708
4762	2997	0.9310882
4762	2677	0.9004059
4762	47	0.89635843
4762	3201	0.71300447
4762	1079	0.7056025
4763	492	0.9991902
4763	800	0.99091476
4763	1500	0.98551
4763	3152	0.98045444
4763	608	0.9786068
4763	1230	0.9620179
4763	2093	0.9452536
4763	1617	0.9425349
4763	260	0.9342415
4763	50	0.9115021
4764	541	0.99977314
4764	260	0.9997289
4764	3099	0.9996226
4764	1468	0.9989443
4764	1097	0.99892366
4764	2136	0.99863607
4764	2294	0.9984525
4764	1441	0.99549484
4764	1758	0.9954049
4764	2011	0.99447376
4765	3244	0.9990368
4765	1269	0.9959052
4765	596	0.99282223
4765	1230	0.991541
4765	107	0.99039376
4765	904	0.9847621
4765	1270	0.9831699
4765	2531	0.9779295
4765	880	0.9777653
4765	1580	0.97676134
4766	2171	0.9988395
4766	2882	0.9985056
4766	2883	0.9935813
4766	2336	0.957857
4766	2889	0.9289647
4766	2628	0.78282344
4766	2324	0.7326003
4766	2885	0.68552387
4766	2392	0.60848325
4766	913	0.5823363
4767	913	0.99921906
4767	2694	0.998445
4767	2860	0.9560539
4767	2771	0.92636806
4767	3072	0.87585604
4767	1280	0.8612379
4767	2861	0.7514754
4767	2605	0.7357114
4767	3251	0.6506568
4767	2936	0.6419532
4768	2396	0.9998144
4768	2686	0.9966148
4768	208	0.9837904
4768	1266	0.9784937
4768	2997	0.9746653
4768	778	0.9662194
4768	1883	0.94399774
4768	1	0.9223935
4768	1210	0.9109956
4768	32	0.8984144
4769	933	0.9984497
4769	3206	0.9967482
4769	2174	0.9723261
4769	1503	0.92200637
4769	1270	0.8582354
4769	926	0.8264096
4769	2011	0.7516344
4769	1304	0.7496873
4769	1225	0.6949934
4769	2706	0.60285604
4770	2706	0.9984013
4770	3072	0.981413
4770	2622	0.9740089
4770	329	0.8027053
4770	1968	0.6503627
4770	1197	0.53209764
4770	648	0.49334237
4770	2390	0.47195408
4770	2572	0.37146688
4770	480	0.17992559
4771	2145	0.99867034
4771	529	0.99041545
4771	1945	0.94979334
4771	2762	0.941939
4771	3108	0.935726
4771	1537	0.9328412
4771	581	0.9244115
4771	290	0.9140549
4771	1907	0.88160825
4771	2908	0.8627223
4772	2186	0.9999877
4772	909	0.99991524
4772	921	0.997007
4772	1124	0.9752484
4772	2762	0.974726
4772	1259	0.969208
4772	1084	0.95476866
4772	2067	0.9535329
4772	2203	0.91517776
4772	1956	0.87443566
4773	1617	0.9995944
4773	2916	0.9990747
4773	1682	0.99892926
4773	1374	0.99442613
4773	1610	0.9909255
4773	2571	0.9895501
4773	1704	0.98349553
4773	3255	0.9681729
4773	1909	0.93316853
4773	16	0.90449363
4774	1179	0.9999891
4774	25	0.99994814
4774	337	0.99918467
4774	589	0.9985689
4774	2289	0.998399
4774	1267	0.99793124
4774	1266	0.99762136
4774	527	0.9954238
4774	1488	0.99500287
4774	1721	0.9948691
4775	2858	0.9999875
4775	3145	0.99779326
4775	2028	0.98674923
4775	2396	0.9833188
4775	318	0.9281287
4775	593	0.9276976
4775	3125	0.911519
4775	3081	0.886477
4775	3010	0.87372595
4775	1639	0.5720865
4776	150	0.9997682
4776	1784	0.9995792
4776	1704	0.991179
4776	2028	0.9906257
4776	3114	0.9845567
4776	1721	0.9828732
4776	3255	0.9508215
4776	2166	0.9407557
4776	2572	0.914047
4776	1015	0.7510206
4777	2406	0.9996292
4777	1291	0.99899554
4777	2193	0.9980619
4777	919	0.9662932
4777	2140	0.9652904
4777	2100	0.95052785
4777	2470	0.94157124
4777	2640	0.92974555
4777	2174	0.89762056
4777	2288	0.7360026
4778	141	0.9964136
4778	3247	0.9828796
4778	3350	0.9813326
4778	1198	0.97573566
4778	1371	0.9708904
4778	1513	0.9695804
4778	2858	0.9691663
4778	62	0.9328028
4778	653	0.8711632
4778	337	0.7903203
4779	3152	0.9999845
4779	923	0.9998616
4779	1228	0.9996394
4779	750	0.99913144
4779	1256	0.9984781
4779	3006	0.99620926
4779	909	0.9891738
4779	515	0.98702914
4779	905	0.9844755
4779	1238	0.9830726
4780	1212	0.99993515
4780	908	0.99948716
4780	3196	0.9762664
4780	260	0.93663543
4780	3083	0.831879
4780	969	0.750345
4780	1210	0.67431545
4780	2973	0.65809596
4780	593	0.63466895
4780	1199	0.55830103
4781	111	0.99809897
4781	1233	0.9860308
4781	1104	0.98440284
4781	2396	0.97259843
4781	2470	0.96815467
4781	1221	0.9645221
4781	2500	0.95949113
4781	648	0.9479262
4781	2997	0.9471564
4781	910	0.93571115
4782	2858	0.99949646
4782	2262	0.9990576
4782	940	0.99883306
4782	1291	0.9983101
4782	232	0.9969642
4782	2076	0.9854182
4782	1103	0.9836638
4782	344	0.98311114
4782	1885	0.9749347
4782	1221	0.9747454
4783	593	0.99980664
4783	1206	0.992736
4783	2916	0.99205804
4783	928	0.9918216
4783	1219	0.9893106
4783	1953	0.9881066
4783	2391	0.9874077
4783	1213	0.97931015
4783	608	0.9784379
4783	1267	0.97605634
4784	2064	0.9980104
4784	902	0.99162465
4784	2581	0.9897925
4784	1777	0.98141384
4784	915	0.97821546
4784	110	0.9496608
4784	2599	0.9439168
4784	1784	0.92212856
4784	1966	0.91767526
4784	1185	0.90708166
4785	1569	0.9974244
4785	531	0.99586535
4785	2137	0.9950963
4785	539	0.99181104
4785	3060	0.9910002
4785	1580	0.9898522
4785	529	0.9689119
4785	1625	0.9687922
4785	474	0.9680781
4785	2793	0.9604429
4786	3006	0.99980366
4786	1721	0.9997643
4786	1704	0.9997268
4786	1266	0.99917793
4786	296	0.9971281
4786	2916	0.9935357
4786	2822	0.98913085
4786	1722	0.9783797
4786	11	0.9754603
4786	2194	0.97011054
4787	2997	0.9999909
4787	2966	0.9999831
4787	527	0.9947225
4787	1247	0.9925313
4787	3081	0.93822664
4787	2959	0.9242388
4787	902	0.857466
4787	920	0.850595
4787	2507	0.83255816
4787	2331	0.72225165
4788	3269	0.9910513
4788	1197	0.9823386
4788	2369	0.9779302
4788	1641	0.9727661
4788	2628	0.9677493
4788	2193	0.952088
4788	34	0.92349386
4788	1610	0.9074582
4788	2804	0.9027728
4788	2533	0.9014915
4789	10	0.99843705
4789	73	0.99698377
4789	1479	0.99255174
4789	163	0.99009514
4789	3175	0.98894477
4789	431	0.9827759
4789	2427	0.97822523
4789	1094	0.9574794
4789	3246	0.9501271
4789	475	0.94711757
4790	16	0.9997544
4790	2746	0.9845933
4790	293	0.98390925
4790	736	0.9832822
4790	1207	0.97743
4790	3176	0.96031845
4790	222	0.9569863
4790	1466	0.95485294
4790	292	0.9492641
4790	2300	0.94135576
4791	592	0.9970354
4791	2541	0.99505544
4791	2959	0.9889474
4791	2722	0.98254615
4791	3263	0.97824144
4791	923	0.9766947
4791	555	0.9730824
4791	223	0.9682773
4791	1242	0.96771157
4791	2710	0.9639677
4792	2396	0.9518564
4792	3108	0.75458264
4792	3044	0.7287476
4792	1264	0.6702282
4792	1197	0.64607406
4792	377	0.39596012
4792	3083	0.38761547
4792	3418	0.37244815
4792	95	0.21494532
4792	908	0.17841077
4793	457	0.9997504
4793	342	0.99775064
4793	2501	0.99358416
4793	2599	0.993237
4793	17	0.98998314
4793	1387	0.9870769
4793	2108	0.98375124
4793	348	0.9807383
4793	2076	0.9762265
4793	2355	0.975126
4794	2080	0.9999647
4794	3101	0.9996206
4794	2856	0.9994162
4794	2059	0.9882536
4794	1252	0.9797243
4794	3174	0.97714305
4794	1344	0.9706175
4794	3307	0.96606326
4794	1513	0.9614344
4794	2506	0.9545846
4795	3007	0.99983704
4795	858	0.99977064
4795	549	0.9991721
4795	948	0.99162066
4795	1267	0.9729846
4795	2706	0.9699652
4795	2997	0.9651576
4795	2734	0.9610392
4795	1221	0.9606478
4795	1103	0.9503205
4796	1377	0.9995717
4796	47	0.99669176
4796	3000	0.9924867
4796	150	0.9857197
4796	253	0.9756732
4796	2916	0.9519286
4796	648	0.9489031
4796	1201	0.9362551
4796	663	0.93447626
4796	1909	0.9287082
4797	1367	1.0
4797	3035	0.9896398
4797	3114	0.98785794
4797	2169	0.9848553
4797	351	0.97222865
4797	830	0.93458974
4797	1183	0.92059207
4797	1641	0.88979363
4797	480	0.87469184
4797	222	0.86927336
4798	2527	0.99998283
4798	924	0.9836326
4798	541	0.98263264
4798	3175	0.98043764
4798	1909	0.96418464
4798	2531	0.9147356
4798	32	0.87699425
4798	2617	0.8342267
4798	1584	0.8148499
4798	1333	0.81421566
4799	17	0.9999639
4799	3072	0.99985325
4799	1784	0.97467506
4799	2396	0.97033286
4799	1363	0.9408464
4799	933	0.93401706
4799	2997	0.9263942
4799	1704	0.9219562
4799	3247	0.9141226
4799	1265	0.9120155
4800	2023	0.999016
4800	1682	0.99713147
4800	1552	0.9965528
4800	539	0.99326247
4800	2167	0.9869133
4800	1645	0.9590074
4800	1517	0.951539
4800	3254	0.9471494
4800	595	0.9405536
4800	440	0.9325403
4801	2194	0.9995904
4801	2468	0.9926472
4801	507	0.98970634
4801	2529	0.9676332
4801	2533	0.9579053
4801	2822	0.9510015
4801	1377	0.94358766
4801	455	0.93826246
4801	2476	0.9251121
4801	1214	0.92464066
4802	590	0.9992821
4802	2949	0.99767977
4802	2605	0.9820957
4802	3114	0.96541035
4802	303	0.9620775
4802	1663	0.95208883
4802	1029	0.94167185
4802	431	0.93006146
4802	1	0.92938316
4802	1552	0.9258325
4803	1416	0.9383273
4803	2771	0.9056401
4803	3285	0.88430804
4803	3101	0.8657502
4803	2712	0.8059659
4803	3016	0.80016494
4803	2434	0.63058347
4803	2028	0.41196027
4803	110	0.40847453
4803	2724	0.3947745
4804	3415	0.027526855
4804	1976	0.01408723
4804	2426	0.008780479
4804	1977	0.008523047
4804	3030	0.0006354749
4804	1986	0.00057685375
4804	1978	0.0003772676
4804	2903	0.00028148293
4804	2205	0.0002323389
4804	1973	0.00021201372
4805	2324	0.9424137
4805	2571	0.83982384
4805	3078	0.778127
4805	1097	0.77494454
4805	1196	0.7584986
4805	260	0.4963522
4805	110	0.38740045
4805	1198	0.26768923
4805	2028	0.22545594
4805	39	0.19438207
4806	852	0.99996066
4806	2236	0.9989021
4806	589	0.9970001
4806	1527	0.9920441
4806	2822	0.98944914
4806	440	0.9885787
4806	2950	0.97621775
4806	1835	0.97290957
4806	480	0.9715934
4806	2657	0.9552541
4807	1214	0.9999238
4807	969	0.99978495
4807	910	0.99897444
4807	1196	0.99878275
4807	1276	0.99419963
4807	2186	0.9936602
4807	2581	0.98775744
4807	111	0.9864476
4807	2916	0.9758512
4807	905	0.97393465
4808	2028	0.99647343
4808	110	0.99086314
4808	145	0.9719012
4808	317	0.8847568
4808	1379	0.87403727
4808	3070	0.8644434
4808	3285	0.8213191
4808	3101	0.7968901
4808	1748	0.7545223
4808	1562	0.75234354
4809	1244	0.9997334
4809	539	0.99963224
4809	3334	0.99955225
4809	2065	0.998054
4809	1230	0.9943361
4809	2762	0.9940203
4809	480	0.9935801
4809	1617	0.9883127
4809	2336	0.9821696
4809	1287	0.9786696
4810	367	0.9694376
4810	2322	0.9578521
4810	2105	0.93921584
4810	1197	0.9093646
4810	1732	0.83385974
4810	546	0.7919488
4810	2100	0.7236673
4810	50	0.7066932
4810	3033	0.6462123
4810	1205	0.4303155
4811	2732	0.996418
4811	1230	0.9941217
4811	1276	0.96115804
4811	858	0.9472277
4811	615	0.9185191
4811	3159	0.8910068
4811	3328	0.8681458
4811	1945	0.8111201
4811	923	0.8007638
4811	1250	0.76448464
4812	2268	0.9999711
4812	1466	0.9976593
4812	608	0.99252445
4812	1912	0.9716661
4812	3035	0.904387
4812	1276	0.8933171
4812	1227	0.85766685
4812	50	0.8519752
4812	762	0.8271649
4812	81	0.798528
4813	265	0.999596
4813	440	0.999454
4813	802	0.99577254
4813	2243	0.99477124
4813	2671	0.9910519
4813	1059	0.98926675
4813	1081	0.9861907
4813	307	0.9104555
4813	1043	0.83981
4813	381	0.7584518
4814	2746	0.99985623
4814	2471	0.99896693
4814	1704	0.9982987
4814	1060	0.9970299
4814	1580	0.99359965
4814	2990	0.9851142
4814	1381	0.95936954
4814	2268	0.9533626
4814	3394	0.9455379
4814	1135	0.9141873
4815	1077	1.0
4815	1214	0.9977163
4815	1292	0.995176
4815	1584	0.9938327
4815	2116	0.9925457
4815	1097	0.98472744
4815	858	0.9793496
4815	3263	0.9737526
4815	1909	0.949922
4815	1233	0.931569
4816	381	0.9994936
4816	468	0.99886656
4816	474	0.99833107
4816	2427	0.981619
4816	492	0.9539915
4816	1635	0.94080627
4816	1089	0.9371937
4816	22	0.8864813
4816	2912	0.8773064
4816	293	0.8722826
4817	2916	0.9997766
4817	2353	0.9847523
4817	1358	0.96473503
4817	2880	0.94872785
4817	474	0.9466578
4817	912	0.9086157
4817	1247	0.8709966
4817	1230	0.78090465
4817	2406	0.7513795
4817	608	0.7373548
4818	1206	0.99893165
4818	745	0.9920163
4818	461	0.96876246
4818	1097	0.69176596
4818	1921	0.6523254
4818	535	0.570066
4818	904	0.5695764
4818	902	0.47743526
4818	1249	0.35517606
4818	3067	0.33136255
4819	36	0.99962103
4819	2126	0.9880643
4819	2006	0.9827149
4819	653	0.97533184
4819	474	0.96029615
4819	2004	0.9593453
4819	3051	0.93122196
4819	1379	0.90028083
4819	1562	0.89191806
4819	1762	0.8897351
4820	2858	0.98141503
4820	2764	0.9665861
4820	2136	0.9655013
4820	3272	0.9359514
4820	1214	0.92962325
4820	111	0.8987477
4820	3096	0.7941865
4820	2997	0.52916926
4820	1253	0.41642818
4820	3089	0.33111358
4821	454	0.99999774
4821	150	0.99826694
4821	165	0.99579203
4821	539	0.9934314
4821	1611	0.98024726
4821	2359	0.9704091
4821	2268	0.9620846
4821	805	0.95681834
4821	2423	0.9556737
4821	450	0.95534205
4822	2973	0.99891996
4822	2915	0.99163175
4822	2023	0.9770909
4822	2858	0.96732146
4822	1221	0.8788712
4822	1210	0.8351935
4822	2352	0.7573957
4822	1288	0.7480378
4822	2003	0.6377014
4822	2472	0.5987477
4823	1394	0.9998919
4823	223	0.98571116
4823	377	0.98558354
4823	2712	0.982421
4823	858	0.97603774
4823	3019	0.9752547
4823	1090	0.97370243
4823	260	0.96917295
4823	1777	0.96911573
4823	1527	0.9664334
4824	1729	0.99991643
4824	2671	0.99873966
4824	2329	0.9980626
4824	2427	0.996639
4824	3147	0.9895768
4824	1682	0.98410964
4824	1721	0.9825449
4824	919	0.97579885
4824	36	0.9531585
4824	22	0.9351999
4825	589	0.9952557
4825	1265	0.97333884
4825	1197	0.9727437
4825	1028	0.88757527
4825	745	0.86059177
4825	593	0.7690424
4825	741	0.7275915
4825	110	0.6064385
4825	2716	0.5799026
4825	2700	0.5591849
4826	2712	0.99998313
4826	3005	0.99976265
4826	2710	0.99965405
4826	2959	0.9874543
4826	1262	0.98090124
4826	253	0.9536998
4826	1387	0.95059097
4826	1207	0.92318034
4826	292	0.9178244
4826	2336	0.9134605
4827	2713	0.99999493
4827	3157	0.9999887
4827	458	0.9965397
4827	785	0.99470925
4827	2694	0.992966
4827	1911	0.9765449
4827	589	0.9706836
4827	2629	0.96519583
4827	2369	0.95787495
4827	2959	0.9534544
4828	2724	0.9962964
4828	2248	0.7704841
4828	11	0.6411223
4828	2875	0.6063141
4828	377	0.5435825
4828	1888	0.5332406
4828	1167	0.384261
4828	1307	0.34468862
4828	361	0.28265238
4828	1277	0.28096694
4829	1196	0.9996507
4829	1584	0.993428
4829	3396	0.9916121
4829	3361	0.98212814
4829	1732	0.9796973
4829	172	0.97933257
4829	356	0.9674087
4829	2788	0.9572652
4829	316	0.95698065
4829	2761	0.94147456
4830	3082	0.9994495
4830	2087	0.9991679
4830	1961	0.9965213
4830	258	0.9906951
4830	2700	0.9896773
4830	2355	0.98453057
4830	474	0.97521174
4830	1393	0.9708076
4830	1073	0.96768403
4830	2174	0.95466715
4831	1084	0.99613506
4831	1387	0.993468
4831	1234	0.99221414
4831	1221	0.99183303
4831	1198	0.9915633
4831	3363	0.9914626
4831	3361	0.98959374
4831	2336	0.97891617
4831	3072	0.9785644
4831	2919	0.96302223
4832	2918	0.9901124
4832	527	0.98745275
4832	2997	0.9769901
4832	2712	0.9732932
4832	3175	0.96995544
4832	3267	0.9668541
4832	2329	0.9131623
4832	2890	0.8391497
4832	1299	0.82804483
4832	2289	0.81780374
4833	1079	0.99998206
4833	2804	0.99954796
4833	2791	0.9993291
4833	2918	0.99751616
4833	953	0.9953588
4833	318	0.98693866
4833	671	0.9859787
4833	1097	0.9719051
4833	1247	0.96809113
4833	2398	0.9674318
4834	924	0.9991288
4834	2384	0.99834025
4834	1188	0.997096
4834	150	0.9967695
4834	1617	0.9950743
4834	1136	0.9916416
4834	3361	0.99055284
4834	2138	0.9867251
4834	2701	0.9753029
4834	916	0.970523
4835	1358	0.9998967
4835	527	0.99985206
4835	608	0.99980474
4835	1912	0.99952364
4835	1617	0.99911964
4835	448	0.99840504
4835	2959	0.9959003
4835	628	0.99028885
4835	912	0.96279335
4835	1	0.917382
4836	1193	0.9996916
4836	296	0.9996306
4836	1198	0.9985218
4836	2959	0.9984486
4836	2303	0.99813294
4836	608	0.99768853
4836	3006	0.9949172
4836	367	0.9930283
4836	1711	0.9917213
4836	919	0.9857837
4837	553	0.9888835
4837	2746	0.95412713
4837	1923	0.94227433
4837	2359	0.9405828
4837	968	0.93078387
4837	2858	0.8710571
4837	1200	0.77791417
4837	1968	0.7534455
4837	1079	0.7311398
4837	1717	0.72931635
4838	1704	0.9999934
4838	2501	0.9993625
4838	653	0.9955486
4838	2268	0.97783864
4838	3247	0.93507475
4838	208	0.9239902
4838	3418	0.90082407
4838	531	0.8940826
4838	169	0.89216477
4838	1566	0.6164885
4839	2997	0.9844826
4839	527	0.9204508
4839	3174	0.8964219
4839	2959	0.80397606
4839	2028	0.8019213
4839	2712	0.7241991
4839	3129	0.35928518
4839	3384	0.3086398
4839	380	0.13263008
4839	41	0.11508402
4840	2028	0.99986017
4840	1269	0.9992003
4840	2763	0.99485564
4840	86	0.98916876
4840	593	0.9877372
4840	2333	0.97818327
4840	2395	0.9721785
4840	1513	0.9662355
4840	2804	0.944595
4840	3200	0.9049114
4841	3408	0.9999677
4841	2889	0.9997119
4841	2761	0.9990455
4841	1221	0.99857306
4841	1073	0.99801576
4841	3019	0.9931812
4841	1213	0.9920845
4841	3127	0.9912128
4841	1732	0.99078166
4841	908	0.98742694
4842	164	0.9989835
4842	3174	0.9988072
4842	3129	0.9986142
4842	3006	0.9979079
4842	2883	0.995016
4842	2163	0.98864925
4842	3163	0.98352814
4842	2331	0.9557414
4842	2396	0.9191121
4842	2413	0.8798772
4843	36	0.99797076
4843	2067	0.99750984
4843	1251	0.9974426
4843	2858	0.99674535
4843	1213	0.9762552
4843	1208	0.9684401
4843	523	0.855657
4843	1231	0.8109803
4843	920	0.75977165
4843	1207	0.6629144
4844	3174	0.8601918
4844	1610	0.6301856
4844	1197	0.52473605
4844	2997	0.39380515
4844	50	0.29531085
4844	926	0.294762
4844	1007	0.26638135
4844	2186	0.2248869
4844	356	0.16130355
4844	2028	0.10558966
4845	1639	0.99998343
4845	838	0.99966776
4845	2908	0.9996457
4845	3044	0.99908864
4845	247	0.99808073
4845	912	0.9966382
4845	1281	0.99531835
4845	318	0.99236655
4845	1210	0.9894413
4845	308	0.9797091
4846	1304	0.99278355
4846	2416	0.9358083
4846	858	0.92349917
4846	3186	0.8364215
4846	50	0.8126832
4846	1476	0.7876696
4846	2518	0.78163064
4846	2000	0.6300581
4846	1625	0.6147153
4846	3101	0.5831888
4847	1221	0.99907136
4847	1148	0.9900743
4847	1704	0.9741141
4847	1266	0.94254357
4847	1234	0.9332142
4847	1201	0.88725483
4847	608	0.87592256
4847	1196	0.8757093
4847	1294	0.8173181
4847	1276	0.70609844
4848	2763	0.9978145
4848	2734	0.9955294
4848	2995	0.981636
4848	24	0.9802206
4848	3053	0.9626634
4848	1610	0.9624026
4848	2355	0.8779974
4848	593	0.8736502
4848	1196	0.7506234
4848	2151	0.66758406
4849	3006	0.9982463
4849	318	0.9968527
4849	953	0.9968015
4849	3052	0.9952519
4849	1242	0.9908931
4849	1219	0.9897578
4849	2605	0.98624605
4849	2959	0.978058
4849	2804	0.9768245
4849	597	0.9629674
4850	3114	0.9999914
4850	318	0.99993575
4850	150	0.9992199
4850	2028	0.99070746
4850	1465	0.9871019
4850	17	0.9835532
4850	3408	0.9612001
4850	1196	0.9406834
4850	60	0.89044595
4850	1702	0.88858235
4851	2410	0.99999875
4851	1389	0.99976605
4851	19	0.98615336
4851	785	0.9780874
4851	3004	0.93611765
4851	2735	0.9313846
4851	2421	0.880609
4851	2997	0.8489466
4851	2411	0.82378215
4851	2712	0.79633784
4852	1208	0.9990828
4852	750	0.99768984
4852	1272	0.9963935
4852	1299	0.9924644
4852	1213	0.98195994
4852	32	0.9699035
4852	1207	0.95547676
4852	2858	0.95007426
4852	474	0.94273067
4852	1263	0.927068
4853	110	0.95836747
4853	1965	0.9300059
4853	1198	0.89979804
4853	1259	0.87682337
4853	3072	0.8677152
4853	1288	0.85668516
4853	1080	0.796174
4853	1914	0.55519426
4853	1196	0.47300756
4853	2916	0.32777792
4854	2186	0.9999622
4854	900	0.9960561
4854	111	0.9946804
4854	1204	0.99191624
4854	902	0.9905057
4854	1617	0.98985744
4854	1104	0.9862218
4854	908	0.98111427
4854	1069	0.97703385
4854	588	0.96123564
4855	2077	0.99889183
4855	588	0.99411774
4855	2710	0.99281263
4855	421	0.99114007
4855	349	0.98330605
4855	3251	0.98275363
4855	2059	0.97855884
4855	362	0.9720234
4855	2916	0.97089434
4855	3072	0.97031623
4856	1193	0.999979
4856	1674	0.99988186
4856	2330	0.99980456
4856	2677	0.99808323
4856	1361	0.9968755
4856	3424	0.9931553
4856	213	0.98789495
4856	2369	0.9836625
4856	1218	0.9785609
4856	1261	0.9746858
4857	316	0.9998385
4857	1653	0.9988425
4857	1831	0.9585215
4857	1645	0.8165157
4857	160	0.72989345
4857	2094	0.6474058
4857	2490	0.36986375
4857	110	0.3394038
4857	3257	0.32029545
4857	377	0.20369163
4858	1254	0.9999815
4858	2340	0.99985003
4858	1939	0.9997471
4858	1225	0.9997164
4858	3185	0.99959755
4858	912	0.999432
4858	3051	0.99701357
4858	858	0.9967029
4858	1276	0.99449515
4858	2804	0.9897492
4859	2396	0.99978447
4859	1276	0.9944556
4859	2858	0.98368657
4859	1060	0.9648241
4859	180	0.9580966
4859	380	0.9343933
4859	527	0.91942334
4859	1094	0.8723005
4859	3253	0.8604785
4859	2291	0.84160167
4860	162	0.9996259
4860	47	0.9990814
4860	1221	0.9963648
4860	1670	0.9952979
4860	246	0.9940593
4860	858	0.9919393
4860	1213	0.9870795
4860	837	0.97900736
4860	593	0.977381
4860	1198	0.97414625
4861	1198	0.9999424
4861	1196	0.9998008
4861	1197	0.989105
4861	175	0.98778117
4861	2010	0.9808912
4861	2396	0.9742651
4861	2912	0.95042264
4861	2706	0.9491662
4861	1960	0.94035697
4861	2115	0.93755776
4862	589	0.99999624
4862	3273	0.9628117
4862	2000	0.9519377
4862	39	0.81773746
4862	1222	0.8158196
4862	1261	0.71163595
4862	3024	0.4180212
4862	3267	0.31343335
4862	3418	0.29995364
4862	2194	0.25808817
4863	2355	0.99993867
4863	3255	0.99780273
4863	39	0.99369955
4863	947	0.99289894
4863	1210	0.96874857
4863	2125	0.9558847
4863	1	0.9307109
4863	1784	0.91913265
4863	2174	0.90021193
4863	355	0.89387465
4864	1294	0.99956584
4864	1238	0.9961734
4864	2792	0.9888327
4864	2761	0.9816966
4864	1223	0.97445774
4864	1136	0.9740392
4864	2396	0.9661499
4864	1077	0.94846416
4864	2478	0.93032455
4864	720	0.9022546
4865	1217	0.99996495
4865	994	0.999686
4865	1242	0.99575603
4865	529	0.99488384
4865	954	0.9934895
4865	2303	0.99325335
4865	2959	0.9896233
4865	3030	0.9893227
4865	3011	0.9701755
4865	2969	0.920993
4866	1220	0.9964694
4866	3363	0.9763062
4866	2012	0.921666
4866	3263	0.8269253
4866	11	0.80615544
4866	1136	0.78749907
4866	2918	0.768723
4866	1610	0.74391806
4866	1081	0.74111354
4866	3076	0.7203241
4867	924	0.9999987
4867	1617	0.99998176
4867	2355	0.98862344
4867	1189	0.98358923
4867	1921	0.9737755
4867	39	0.9728637
4867	2683	0.9690466
4867	2000	0.9631797
4867	1259	0.96070564
4867	3359	0.9362649
4868	1653	0.9999062
4868	2324	0.99937326
4868	1334	0.9985173
4868	2393	0.9967836
4868	2699	0.9961587
4868	32	0.99441695
4868	316	0.9911585
4868	2140	0.9901217
4868	1717	0.9883789
4868	2162	0.9879482
4869	1199	0.99945724
4869	720	0.9992992
4869	3070	0.99750596
4869	2918	0.9923353
4869	3418	0.98952746
4869	1188	0.98915374
4869	2406	0.97656345
4869	1266	0.968475
4869	2804	0.962222
4869	1968	0.9596071
4870	2971	0.9998342
4870	1304	0.9962647
4870	1541	0.992476
4870	541	0.991759
4870	1183	0.98999494
4870	348	0.969713
4870	350	0.961314
4870	912	0.94777113
4870	1269	0.9393765
4870	971	0.9375529
4871	858	0.9805681
4871	2023	0.24669254
4871	32	0.15824652
4871	608	0.09358129
4871	16	0.06959736
4871	296	0.02990216
4871	2716	0.021225959
4871	2571	0.020538956
4871	454	0.016554952
4871	318	0.012695104
4872	165	0.9985728
4872	1876	0.9967067
4872	924	0.8849409
4872	292	0.85883087
4872	1	0.81353104
4872	10	0.8101908
4872	349	0.7912102
4872	95	0.6943291
4872	3114	0.6324533
4872	2353	0.6324087
4873	1721	0.9806729
4873	1196	0.9344682
4873	260	0.8609076
4873	1198	0.12849906
4873	2424	0.11488992
4873	1617	0.107521355
4873	2186	0.10370296
4873	942	0.085819215
4873	527	0.08510864
4873	587	0.065196544
4874	50	0.99558675
4874	1213	0.9174439
4874	716	0.57583034
4874	898	0.23950174
4874	170	0.21350867
4874	1	0.18485779
4874	1097	0.086337656
4874	708	0.06324425
4874	869	0.060012847
4874	2997	0.058926374
4875	3114	0.9983989
4875	246	0.9870347
4875	3189	0.98450303
4875	3325	0.9706475
4875	2324	0.9660902
4875	994	0.9544673
4875	2712	0.92634284
4875	2959	0.87725013
4875	1860	0.7227887
4875	2583	0.69980586
4876	912	0.98642945
4876	1213	0.984613
4876	1393	0.96909654
4876	608	0.9550595
4876	36	0.87710714
4876	110	0.8565525
4876	480	0.699308
4876	58	0.6382712
4876	2028	0.51993537
4876	296	0.35787588
4877	3246	0.99998957
4877	50	0.99986154
4877	2889	0.99878573
4877	1362	0.997949
4877	1537	0.9965037
4877	1387	0.98013544
4877	529	0.9767493
4877	1179	0.97359765
4877	1183	0.96541274
4877	2501	0.9566479
4878	3363	0.99399567
4878	2321	0.9835212
4878	920	0.9794929
4878	3421	0.97260225
4878	1221	0.95078903
4878	1569	0.8672669
4878	110	0.5392676
4878	1188	0.4877776
4878	2098	0.47656307
4878	2542	0.45092088
4879	3072	0.99978375
4879	1210	0.99119365
4879	1307	0.9784031
4879	1029	0.97379214
4879	733	0.9674159
4879	532	0.9667587
4879	1407	0.95854795
4879	2124	0.95745254
4879	1371	0.9525798
4879	1089	0.94881994
4880	3083	0.8264362
4880	2997	0.81790984
4880	3176	0.49468663
4880	2891	0.33096796
4880	2762	0.29882795
4880	3408	0.19014779
4880	3276	0.06704795
4880	920	0.05385056
4880	2329	0.022538275
4880	1680	0.02221781
4881	608	0.9495828
4881	2762	0.9402492
4881	2349	0.85568655
4881	2599	0.70682424
4881	593	0.6546714
4881	2912	0.64822006
4881	2686	0.48249012
4881	296	0.3880585
4881	3148	0.31756604
4881	3317	0.29166394
4882	3363	0.9991902
4882	1350	0.9975848
4882	1333	0.99484974
4882	1136	0.9914565
4882	1196	0.9880369
4882	2730	0.97745717
4882	3152	0.9539048
4882	1207	0.948296
4882	610	0.87626046
4882	2983	0.7812043
4883	2087	0.9973501
4883	912	0.9500423
4883	2083	0.9418828
4883	1029	0.9400906
4883	2324	0.9336381
4883	531	0.9255141
4883	938	0.8994949
4883	364	0.88589317
4883	457	0.86047053
4883	1721	0.83738685
4884	2391	0.9989167
4884	1732	0.9987039
4884	799	0.997648
4884	47	0.9960711
4884	160	0.98379767
4884	2455	0.970889
4884	293	0.9617096
4884	866	0.9477952
4884	1883	0.8851813
4884	1214	0.8314086
4885	1617	0.99961334
4885	1247	0.97545254
4885	2028	0.95284253
4885	527	0.90714777
4885	858	0.8811469
4885	913	0.82901907
4885	923	0.79344785
4885	920	0.7628796
4885	2872	0.6843085
4885	2114	0.53216106
4886	2687	0.9998746
4886	2827	0.9998001
4886	2861	0.99477446
4886	2716	0.98863447
4886	2762	0.9873705
4886	2795	0.95833254
4886	1	0.9513725
4886	356	0.8750762
4886	223	0.87183595
4886	3005	0.85595095
4887	2762	0.9999055
4887	224	0.98616886
4887	1682	0.95750713
4887	345	0.9529644
4887	1569	0.931057
4887	2318	0.91152203
4887	2710	0.90536237
4887	195	0.9006788
4887	590	0.86672187
4887	1617	0.86480796
4888	2239	0.9891671
4888	2065	0.9740139
4888	1348	0.9724965
4888	2764	0.9643973
4888	2762	0.95923245
4888	2088	0.93481565
4888	2017	0.9329946
4888	1234	0.92969936
4888	2303	0.8965999
4888	551	0.8851932
4889	1246	0.9999454
4889	1584	0.999862
4889	1258	0.9985739
4889	919	0.99756575
4889	2916	0.99667174
4889	912	0.9936821
4889	1265	0.9858264
4889	1277	0.9851039
4889	1278	0.97338927
4889	2406	0.95177776
4890	265	0.99997896
4890	2750	0.9995887
4890	587	0.99492437
4890	1394	0.98204243
4890	3176	0.96809584
4890	1580	0.96433085
4890	232	0.961441
4890	21	0.9610152
4890	273	0.9399024
4890	1354	0.9343185
4891	919	0.93806005
4891	3363	0.88619494
4891	904	0.87356853
4891	2804	0.83881056
4891	1230	0.8247341
4891	1234	0.8214198
4891	2115	0.8140218
4891	1079	0.8094295
4891	1276	0.80904365
4891	3396	0.7983409
4892	2628	0.9866022
4892	1240	0.9648391
4892	345	0.9503498
4892	426	0.9484117
4892	2009	0.93188596
4892	2184	0.91957843
4892	1374	0.9152927
4892	2951	0.89816785
4892	1206	0.84975827
4892	440	0.7803638
4893	1544	0.9994061
4893	1356	0.9993848
4893	1374	0.99875104
4893	1858	0.997021
4893	1831	0.98507774
4893	541	0.9816704
4893	2428	0.89742273
4893	1373	0.88275194
4893	924	0.859828
4893	1253	0.814899
4894	2985	0.999568
4894	924	0.96943367
4894	2520	0.87549686
4894	2846	0.7686663
4894	1200	0.67841923
4894	2028	0.5565202
4894	2311	0.46861425
4894	1203	0.42281085
4894	593	0.39526838
4894	1909	0.25611025
4895	1482	0.99970233
4895	2916	0.9975101
4895	50	0.997359
4895	377	0.99479246
4895	2763	0.99333274
4895	2997	0.9918022
4895	3006	0.981496
4895	58	0.98125017
4895	454	0.9739711
4895	2058	0.95658207
4896	1167	0.006496042
4896	2628	0.0036654472
4896	667	0.001626879
4896	2858	0.0004632175
4896	13	0.00040265918
4896	1968	0.0003710091
4896	1617	0.00030356646
4896	2582	0.00030326843
4896	864	0.0002180934
4896	1210	0.00017404556
4897	1371	0.9946952
4897	2013	0.855899
4897	1262	0.8062079
4897	160	0.7861184
4897	2346	0.58269435
4897	2634	0.563603
4897	47	0.53846186
4897	3300	0.53415936
4897	608	0.5267912
4897	2916	0.4984414
4898	527	0.9987688
4898	1354	0.99480367
4898	1357	0.9824259
4898	3006	0.97741544
4898	41	0.96506584
4898	1199	0.92233014
4898	377	0.9087974
4898	1245	0.8856733
4898	1956	0.8677435
4898	3101	0.8639264
4899	3342	0.9995855
4899	1914	0.9981322
4899	1240	0.9869691
4899	1136	0.9727868
4899	1259	0.9616636
4899	3422	0.9496313
4899	2677	0.94799185
4899	456	0.94598687
4899	2972	0.9368578
4899	2348	0.8720614
4900	3145	0.33357346
4900	2889	0.21523863
4900	2023	0.16284326
4900	1198	0.14287588
4900	2959	0.07709569
4900	3186	0.06754956
4900	318	0.04806581
4900	562	0.041226715
4900	593	0.036514193
4900	2712	0.032324106
4901	2791	0.99963725
4901	1370	0.99915326
4901	3256	0.9989006
4901	1961	0.99585176
4901	3424	0.98827755
4901	1275	0.9828644
4901	3203	0.9768108
4901	1347	0.9722589
4901	1394	0.95650643
4901	1079	0.9473988
4902	1214	0.99972713
4902	1702	0.9994395
4902	13	0.99896383
4902	969	0.9974216
4902	1193	0.9928567
4902	1408	0.9583865
4902	1391	0.9548644
4902	367	0.95318854
4902	2091	0.9369492
4902	1197	0.91817504
4903	111	0.9999591
4903	3421	0.99989647
4903	36	0.99961615
4903	2599	0.9992025
4903	1148	0.99754936
4903	1208	0.99524623
4903	1392	0.986511
4903	1252	0.9803083
4903	1230	0.9797969
4903	1269	0.9752707
4904	1371	0.9999963
4904	1240	0.9999034
4904	1097	0.99719673
4904	527	0.9957692
4904	329	0.99126685
4904	356	0.98705786
4904	1587	0.97961354
4904	2722	0.9679853
4904	2858	0.9595196
4904	2728	0.9460778
4905	1217	0.99897206
4905	858	0.981421
4905	2890	0.97895235
4905	1284	0.9386624
4905	1225	0.9147571
4905	1265	0.9041208
4905	1242	0.9019314
4905	1253	0.7959156
4905	1208	0.7866528
4905	2132	0.74252003
4906	1562	0.9982629
4906	1198	0.9959818
4906	1089	0.99542844
4906	1266	0.9949285
4906	1208	0.991887
4906	1939	0.978021
4906	849	0.97431546
4906	350	0.9704175
4906	3362	0.96577895
4906	110	0.93047565
4907	910	0.9998589
4907	150	0.99975
4907	527	0.99972165
4907	17	0.9993491
4907	858	0.9992981
4907	1964	0.9952005
4907	471	0.9948149
4907	919	0.99328554
4907	1103	0.991351
4907	3022	0.990412
4908	2015	0.9998877
4908	3082	0.99970686
4908	3033	0.99742126
4908	2916	0.9891279
4908	2918	0.98241544
4908	750	0.97483194
4908	1320	0.9712516
4908	2788	0.9556904
4908	3397	0.93268
4908	1199	0.9238905
4909	1304	0.9990515
4909	1387	0.998523
4909	3147	0.9962902
4909	1214	0.9958434
4909	1265	0.99402964
4909	457	0.9926582
4909	1278	0.9887864
4909	1566	0.9838377
4909	529	0.9822994
4909	1097	0.97230005
4910	3406	0.99409795
4910	2712	0.9918678
4910	2598	0.98271215
4910	2581	0.9500059
4910	2622	0.94963217
4910	3159	0.9384743
4910	1127	0.7101741
4910	592	0.6527116
4910	1220	0.4708873
4910	2724	0.44829252
4911	236	0.99997145
4911	252	0.9999429
4911	1265	0.9999187
4911	802	0.9991127
4911	11	0.9985478
4911	1597	0.9962159
4911	1680	0.9948384
4911	1541	0.9928828
4911	377	0.9890528
4911	282	0.98502755
4912	2908	0.98643327
4912	1923	0.897354
4912	3101	0.7843338
4912	1641	0.72612363
4912	2396	0.6936927
4912	2321	0.41776556
4912	2804	0.41660583
4912	3147	0.20117128
4912	2912	0.14246005
4912	1784	0.080504715
4913	2762	0.9992721
4913	223	0.99792194
4913	3007	0.98483944
4913	1997	0.9727609
4913	1196	0.96137565
4913	3424	0.9494024
4913	34	0.92114675
4913	1213	0.9144771
4913	1097	0.88214886
4913	111	0.79895043
4914	527	0.99807423
4914	1197	0.99747133
4914	223	0.9969961
4914	1196	0.9926436
4914	2396	0.9913776
4914	1061	0.97309935
4914	296	0.9697447
4914	1393	0.95427513
4914	2571	0.9447587
4914	1210	0.90270036
4915	527	0.9998807
4915	2393	0.9966482
4915	2858	0.99500203
4915	185	0.9732257
4915	1238	0.96858025
4915	3269	0.9559081
4915	2788	0.9488115
4915	1196	0.93436944
4915	1527	0.9312084
4915	2719	0.8623158
4916	2599	0.99998796
4916	3052	0.99987763
4916	1701	0.9991792
4916	1831	0.9986596
4916	2289	0.9985827
4916	2502	0.99318457
4916	2396	0.9810654
4916	1367	0.9783282
4916	1148	0.96761906
4916	3081	0.96638703
4917	3060	0.99995434
4917	1101	0.998729
4917	2133	0.9943093
4917	348	0.99119735
4917	3255	0.9908829
4917	344	0.9786751
4917	1380	0.9786608
4917	1135	0.9595109
4917	2000	0.95396185
4917	597	0.93458843
4918	110	0.9979596
4918	3361	0.9976113
4918	1831	0.9975398
4918	1608	0.9955288
4918	2668	0.9929328
4918	1584	0.9926729
4918	1292	0.98152286
4918	441	0.963575
4918	196	0.95741606
4918	1265	0.9134137
4919	527	0.9992992
4919	3198	0.99655414
4919	296	0.9905279
4919	32	0.98821527
4919	1387	0.98721284
4919	50	0.9560444
4919	2858	0.89399016
4919	589	0.8105618
4919	1194	0.7830508
4919	3421	0.6549813
4920	1212	0.9989704
4920	913	0.9979943
4920	928	0.97566205
4920	912	0.9546143
4920	930	0.89117116
4920	903	0.8894751
4920	3089	0.7882283
4920	1247	0.6680779
4920	3201	0.60258645
4920	1617	0.3738739
4921	3253	0.99985516
4921	1966	0.9992691
4921	2155	0.99208677
4921	592	0.9920757
4921	1204	0.9895544
4921	1294	0.9890536
4921	2700	0.98423696
4921	1500	0.97208405
4921	1073	0.9645235
4921	527	0.9596444
4922	1297	0.9994776
4922	441	0.998616
4922	1732	0.985974
4922	953	0.97186977
4922	2133	0.9493787
4922	1246	0.93437207
4922	1240	0.9243016
4922	1197	0.9169926
4922	2000	0.8982496
4922	785	0.8827661
4923	2997	0.9997837
4923	745	0.9996984
4923	2882	0.99954855
4923	2042	0.9985196
4923	446	0.9828248
4923	1176	0.98144305
4923	3006	0.97795016
4923	1221	0.9694639
4923	3398	0.9689747
4923	2082	0.967246
4924	1041	0.99925053
4924	1734	0.9978801
4924	2858	0.9919183
4924	2324	0.98346233
4924	541	0.9770794
4924	1446	0.97022724
4924	678	0.7676321
4924	296	0.7279788
4924	715	0.64231205
4924	1358	0.6393554
4925	348	0.980219
4925	3030	0.92889243
4925	933	0.92634237
4925	3307	0.82642865
4925	2300	0.8153035
4925	2064	0.69155455
4925	497	0.67887527
4925	2788	0.6169211
4925	1243	0.59459156
4925	3114	0.54320186
4926	1210	0.9971816
4926	1291	0.989512
4926	919	0.97338814
4926	2987	0.9528683
4926	2688	0.9499994
4926	597	0.9368106
4926	592	0.92115635
4926	356	0.8465658
4926	1270	0.7979673
4926	2312	0.7203021
4927	533	0.99995995
4927	2393	0.99916047
4927	173	0.9983971
4927	595	0.99804765
4927	368	0.99667954
4927	849	0.97077394
4927	736	0.9652355
4927	2617	0.94529915
4927	442	0.94433135
4927	1573	0.9362942
4928	2791	0.9980695
4928	266	0.9940239
4928	3114	0.9929075
4928	3361	0.99044573
4928	1225	0.9614648
4928	3102	0.96020055
4928	141	0.9365247
4928	3098	0.9301742
4928	1188	0.9276551
4928	2076	0.9219935
4929	3174	0.9997802
4929	1193	0.9992807
4929	1221	0.9959376
4929	2712	0.97916067
4929	950	0.9729972
4929	1953	0.86908114
4929	2704	0.8456701
4929	1252	0.8434981
4929	3129	0.82502455
4929	1874	0.8173842
4930	2628	0.99744356
4930	1073	0.9944142
4930	1947	0.9828496
4930	3421	0.9733535
4930	2565	0.96838045
4930	158	0.9639087
4930	1234	0.954157
4930	1197	0.92694116
4930	1198	0.9028595
4930	594	0.8878051
4931	1127	0.99998385
4931	410	0.99892485
4931	3204	0.9954709
4931	2124	0.9944353
4931	94	0.988181
4931	1733	0.9850147
4931	948	0.9714631
4931	2817	0.9489548
4931	2017	0.92527604
4931	1208	0.89639187
4932	474	0.98807263
4932	1280	0.987304
4932	1777	0.9872767
4932	2858	0.985045
4932	428	0.979159
4932	32	0.9656207
4932	34	0.9641281
4932	2997	0.96293676
4932	2108	0.9025842
4932	235	0.8975092
4933	2662	0.9944848
4933	2291	0.99166393
4933	1147	0.99070597
4933	1213	0.99033254
4933	247	0.9805346
4933	2396	0.97957146
4933	3421	0.97746545
4933	2966	0.9773668
4933	2300	0.97444254
4933	110	0.9469369
4934	2046	0.9956833
4934	1097	0.98589957
4934	1035	0.9757195
4934	1243	0.9487345
4934	2087	0.9458354
4934	48	0.94046557
4934	2054	0.9217895
4934	2081	0.875395
4934	1079	0.8460988
4934	2791	0.79704857
4935	318	0.990034
4935	2797	0.8033186
4935	1027	0.80286366
4935	720	0.7468824
4935	745	0.73952824
4935	556	0.5913913
4935	1207	0.5401024
4935	429	0.46410495
4935	1617	0.34648365
4935	260	0.33794978
4936	2303	0.9998412
4936	923	0.9993252
4936	111	0.9992558
4936	1213	0.9990343
4936	919	0.9985508
4936	527	0.9984125
4936	2375	0.9973383
4936	1247	0.99346495
4936	1228	0.9908408
4936	3068	0.98865765
4937	25	0.99986184
4937	441	0.999509
4937	1885	0.99816346
4937	1639	0.99541783
4937	481	0.9929913
4937	506	0.9929471
4937	356	0.9911994
4937	1611	0.95893097
4937	588	0.9562112
4937	2324	0.8903099
4938	3101	0.99994075
4938	3004	0.9995611
4938	2710	0.99855804
4938	2995	0.99079955
4938	3005	0.9687325
4938	1021	0.9529034
4938	2492	0.9502765
4938	3285	0.94936013
4938	2858	0.9328294
4938	2694	0.881601
4939	1079	0.9999751
4939	1294	0.99992967
4939	2973	0.9997772
4939	3361	0.99966717
4939	2692	0.9975098
4939	3081	0.99109447
4939	348	0.98752564
4939	2805	0.98478067
4939	1270	0.98083144
4939	2395	0.9434874
4940	3072	0.997538
4940	1135	0.9925083
4940	3035	0.9896041
4940	3260	0.96861815
4940	2857	0.9391762
4940	3244	0.92619306
4940	1371	0.91271996
4940	272	0.9023723
4940	1587	0.8987304
4940	2013	0.8687005
4941	2995	0.9999845
4941	3082	0.9999549
4941	3078	0.99995196
4941	3208	0.9995981
4941	2879	0.9992694
4941	3081	0.99758744
4941	3273	0.99305606
4941	3156	0.9924836
4941	3186	0.98841035
4941	2966	0.9176276
4942	1199	0.998098
4942	1747	0.9911331
4942	2455	0.98994505
4942	2916	0.98304
4942	2804	0.9690187
4942	908	0.9459218
4942	1957	0.94336116
4942	442	0.9282061
4942	1073	0.87045217
4942	150	0.85985893
4943	1225	0.99985015
4943	3094	0.99963415
4943	3067	0.99934065
4943	1097	0.9992485
4943	2020	0.9992044
4943	3169	0.9989004
4943	1264	0.9981284
4943	1198	0.9976446
4943	3224	0.9969233
4943	3091	0.9908705
4944	3089	0.9958372
4944	1214	0.9943377
4944	1206	0.9826281
4944	1253	0.90012336
4944	2594	0.8827975
4944	1356	0.8228376
4944	978	0.81434953
4944	1196	0.7349649
4944	1270	0.6920499
4944	589	0.6549289
4945	1214	0.99930656
4945	608	0.9966991
4945	1036	0.97861266
4945	1242	0.97719765
4945	2858	0.77714
4945	1097	0.77552545
4945	589	0.67862606
4945	1387	0.60064054
4945	1394	0.5893363
4945	1945	0.5679561
4946	1086	0.9999157
4946	1307	0.99433506
4946	1953	0.9914248
4946	1078	0.9794674
4946	1269	0.97610164
4946	1210	0.96053314
4946	2171	0.90048295
4946	1945	0.8870661
4946	2020	0.85687387
4946	3421	0.8101478
4947	2300	0.9998216
4947	750	0.99957263
4947	913	0.963131
4947	1221	0.95506406
4947	1945	0.9110524
4947	111	0.903198
4947	1394	0.87117136
4947	1228	0.84468216
4947	1952	0.8431118
4947	1262	0.78946495
4948	1073	0.9942944
4948	2529	0.98512614
4948	357	0.97195244
4948	3361	0.9719092
4948	2070	0.96305764
4948	1028	0.89148426
4948	1259	0.8781514
4948	1584	0.8691155
4948	1231	0.8666974
4948	2797	0.86090505
4949	765	0.98911464
4949	1214	0.9857154
4949	1265	0.93106997
4949	1127	0.91773564
4949	3052	0.90075517
4949	1198	0.8622669
4949	338	0.85380757
4949	2314	0.8070061
4949	260	0.7756374
4949	3250	0.7749436
4950	1500	0.9993919
4950	1267	0.99895334
4950	2395	0.9921799
4950	2599	0.9897771
4950	1093	0.9892583
4950	1566	0.9824116
4950	2124	0.98017955
4950	2174	0.97735393
4950	480	0.9473331
4950	497	0.9448297
4951	17	0.9942588
4951	2987	0.97217846
4951	296	0.97142065
4951	1965	0.9520253
4951	1225	0.9468862
4951	3404	0.94374526
4951	778	0.9388304
4951	50	0.93340755
4951	1259	0.9300277
4951	1148	0.90244174
4952	50	0.99954426
4952	2710	0.9943384
4952	3082	0.98879945
4952	3324	0.9859216
4952	2908	0.97459656
4952	39	0.92953175
4952	3148	0.79751813
4952	3101	0.7908875
4952	265	0.7599889
4952	1214	0.7387558
4953	1527	0.9976554
4953	2126	0.99544126
4953	1171	0.9947368
4953	1095	0.99432415
4953	1267	0.98806024
4953	2762	0.98727775
4953	2024	0.98716664
4953	1215	0.97717106
4953	1584	0.96971536
4953	1304	0.9660002
4954	921	1.0
4954	1080	0.9999056
4954	2064	0.99984944
4954	3396	0.99976885
4954	2804	0.99970657
4954	2300	0.9993959
4954	1285	0.99888337
4954	2973	0.99754924
4954	1278	0.99645567
4954	3175	0.9925425
4955	914	0.9999944
4955	2943	0.9895648
4955	364	0.93665856
4955	902	0.91638696
4955	534	0.9081617
4955	938	0.8406848
4955	900	0.77798724
4955	953	0.5037882
4955	1873	0.46900466
4955	1197	0.40508172
4956	908	0.9973182
4956	920	0.9955069
4956	1784	0.99054384
4956	3148	0.98852843
4956	1221	0.98548263
4956	2710	0.9828737
4956	2241	0.9785949
4956	3108	0.9681041
4956	2011	0.9649447
4956	3342	0.9348549
4957	1222	0.9685488
4957	1288	0.9683805
4957	168	0.9623911
4957	1088	0.95343566
4957	1061	0.94681716
4957	3104	0.9194008
4957	2950	0.8925724
4957	410	0.865542
4957	2701	0.83356726
4957	2302	0.8236865
4958	2174	0.9989716
4958	3361	0.99722445
4958	111	0.99011266
4958	1291	0.9870722
4958	2599	0.9790032
4958	1411	0.9629524
4958	780	0.96279377
4958	2700	0.9618256
4958	608	0.95757115
4958	2054	0.95192415
4959	1250	0.9961113
4959	2174	0.99275464
4959	899	0.991894
4959	246	0.9863737
4959	34	0.9860442
4959	481	0.9860331
4959	590	0.98529065
4959	3246	0.9839349
4959	2147	0.97277415
4959	1090	0.970756
4960	1022	0.99983424
4960	2859	0.9870447
4960	1192	0.97441363
4960	417	0.94962984
4960	1147	0.9380381
4960	1250	0.8615451
4960	1029	0.86008894
4960	858	0.82002294
4960	595	0.7541786
4960	1210	0.6605262
4961	1210	0.99979377
4961	1219	0.98742133
4961	1374	0.9843703
4961	2716	0.97592044
4961	110	0.9627288
4961	3421	0.96054506
4961	1370	0.9579943
4961	2871	0.9511106
4961	1222	0.9480584
4961	589	0.92938894
4962	1183	0.9999015
4962	266	0.9998423
4962	539	0.9994548
4962	2067	0.998474
4962	1031	0.9955455
4962	2369	0.9944396
4962	58	0.98143107
4962	902	0.95308775
4962	1272	0.9487288
4962	2376	0.9271741
4963	232	0.9999914
4963	2571	0.99781287
4963	527	0.9927825
4963	357	0.985028
4963	3060	0.983629
4963	435	0.9829456
4963	745	0.964247
4963	1690	0.957334
4963	1392	0.9358268
4963	3418	0.91226995
4964	223	0.9996289
4964	2105	0.998453
4964	1208	0.9979019
4964	1221	0.99775505
4964	2023	0.980472
4964	1193	0.9774307
4964	1233	0.9733467
4964	1225	0.9670187
4964	1259	0.93842393
4964	1387	0.9222878
4965	589	0.9957354
4965	1722	0.9905273
4965	1391	0.9822818
4965	95	0.9773042
4965	2153	0.9459187
4965	2334	0.91779023
4965	434	0.9035147
4965	2762	0.8963827
4965	1438	0.88979363
4965	1527	0.8853525
4966	1214	0.9998374
4966	2130	0.9992732
4966	1036	0.9874927
4966	1953	0.9278618
4966	1221	0.9237435
4966	2023	0.92247593
4966	2947	0.87795115
4966	2553	0.8032733
4966	1222	0.7729777
4966	1291	0.6925253
4967	3147	0.9998187
4967	2692	0.9974874
4967	1912	0.98744965
4967	1291	0.9866917
4967	3185	0.9846804
4967	3408	0.98062927
4967	923	0.98041713
4967	457	0.97776234
4967	32	0.9749304
4967	733	0.95685476
4968	1097	0.9971008
4968	1240	0.989257
4968	541	0.8408161
4968	3101	0.7754883
4968	1077	0.635289
4968	2657	0.6146906
4968	2732	0.57416844
4968	920	0.52507627
4968	1210	0.40875632
4968	1653	0.2734056
4969	2959	0.9989499
4969	3006	0.9928003
4969	2804	0.99003685
4969	3174	0.9842273
4969	934	0.98327047
4969	912	0.9785402
4969	1221	0.9362596
4969	954	0.8921498
4969	3000	0.8671472
4969	920	0.8497214
4970	1204	0.99563205
4970	1263	0.9881604
4970	1233	0.9647448
4970	1193	0.75032187
4970	1242	0.6956655
4970	2890	0.48856202
4970	1927	0.3981438
4970	750	0.34679797
4970	1196	0.346449
4970	919	0.21685079
4971	1230	0.9928761
4971	1288	0.9783585
4971	1234	0.8579843
4971	1252	0.7204996
4971	3404	0.6680881
4971	2300	0.6604648
4971	3363	0.55131114
4971	1197	0.48850316
4971	2788	0.4547699
4971	1080	0.4122238
4972	2525	0.9998561
4972	3033	0.35355008
4972	2475	0.28644133
4972	3189	0.26715738
4972	1224	0.1470286
4972	2364	0.14500177
4972	1298	0.13289115
4972	2135	0.11731407
4972	1288	0.106200576
4972	593	0.08980194
4973	1096	0.9999408
4973	2313	0.9999039
4973	2989	0.98408645
4973	1186	0.9749367
4973	3217	0.9275415
4973	531	0.8945127
4973	1300	0.8816073
4973	2846	0.8634418
4973	1246	0.8622691
4973	3105	0.85671747
4974	1284	0.999776
4974	1252	0.9986191
4974	858	0.99625695
4974	1069	0.960209
4974	2186	0.94313335
4974	458	0.8851196
4974	1344	0.8231672
4974	912	0.66231954
4974	707	0.65953517
4974	1228	0.5203351
4975	1608	0.999992
4975	3247	0.98804927
4975	1625	0.9870353
4975	2987	0.98348475
4975	2890	0.9775016
4975	553	0.9713732
4975	2687	0.96696234
4975	454	0.9470035
4975	3155	0.9254374
4975	1722	0.88384295
4976	3408	0.98532677
4976	1374	0.96195596
4976	2858	0.9197116
4976	2997	0.90541923
4976	1214	0.8958726
4976	1097	0.8834716
4976	3186	0.771508
4976	1276	0.6988827
4976	1012	0.6875089
4976	2976	0.66779804
4977	924	0.9974926
4977	2968	0.9953331
4977	2291	0.99141246
4977	2527	0.9859742
4977	1265	0.9844564
4977	1580	0.9725189
4977	296	0.93944955
4977	2826	0.93889236
4977	2997	0.92721593
4977	3175	0.91829956
4978	1301	0.99998975
4978	541	0.99814856
4978	674	0.9976722
4978	1921	0.99710476
4978	589	0.98912424
4978	2363	0.9877434
4978	32	0.9863362
4978	1334	0.9815722
4978	2699	0.94874465
4978	2046	0.89999115
4979	788	0.99083924
4979	235	0.99035543
4979	39	0.9746908
4979	1957	0.9536266
4979	1617	0.9228525
4979	2028	0.85280067
4979	2723	0.84273815
4979	3114	0.84093535
4979	2959	0.8393941
4979	1	0.8346931
4980	1968	0.9979321
4980	1957	0.9971824
4980	1210	0.9963984
4980	508	0.99609506
4980	3361	0.9944517
4980	3252	0.99309397
4980	1393	0.99242556
4980	1409	0.987688
4980	3261	0.9815918
4980	2797	0.9790137
4981	1280	0.9987734
4981	3424	0.997898
4981	34	0.9934224
4981	1394	0.99194205
4981	1968	0.9841071
4981	2997	0.9676475
4981	1172	0.9643251
4981	2427	0.96358776
4981	910	0.95931387
4981	3421	0.9588149
4982	1214	0.9682389
4982	1079	0.54129595
4982	1259	0.5233017
4982	1961	0.44518
4982	1994	0.36779353
4982	2918	0.19801778
4982	3342	0.17656845
4982	260	0.11315286
4982	1387	0.11237216
4982	1242	0.06372166
4983	2093	0.9985099
4983	2064	0.99608207
4983	1172	0.989074
4983	1196	0.98890233
4983	1278	0.98454773
4983	2791	0.9586959
4983	1015	0.95204854
4983	110	0.9512918
4983	1230	0.94860953
4983	3072	0.93470716
4984	446	0.9999967
4984	17	0.9924698
4984	1094	0.97908413
4984	296	0.9566738
4984	1673	0.9465809
4984	1041	0.94287807
4984	1358	0.92945683
4984	1233	0.90952003
4984	1678	0.9050752
4984	2739	0.8398951
4985	1196	0.99999857
4985	1584	0.9990039
4985	32	0.9973808
4985	1270	0.98915476
4985	2012	0.9791745
4985	379	0.9563932
4985	1580	0.9560679
4985	2987	0.951818
4985	2664	0.9478849
4985	1562	0.94196546
4986	1610	0.8889117
4986	1206	0.74205154
4986	1097	0.65818995
4986	1584	0.28176665
4986	589	0.21281308
4986	1214	0.15190482
4986	1270	0.14455551
4986	1301	0.06453484
4986	1653	0.04488957
4986	1198	0.011490583
4987	163	0.9998452
4987	2167	0.99431694
4987	2412	0.99106485
4987	589	0.97580063
4987	353	0.95120573
4987	2858	0.8157574
4987	2028	0.77690345
4987	555	0.7594764
4987	464	0.5838892
4987	2912	0.30275744
4988	1247	0.9999776
4988	1213	0.9997096
4988	1280	0.9995329
4988	1244	0.9867264
4988	199	0.98030734
4988	3265	0.9724491
4988	528	0.96464926
4988	111	0.95882654
4988	206	0.9557893
4988	1189	0.95328057
4989	1834	0.99956226
4989	1252	0.99913377
4989	2762	0.9989463
4989	903	0.9986657
4989	2289	0.98240554
4989	1193	0.97250366
4989	2908	0.97187066
4989	1266	0.9406457
4989	39	0.9259131
4989	2966	0.91560745
4990	1270	0.99969566
4990	2064	0.9986912
4990	2076	0.99524164
4990	1077	0.994709
4990	247	0.9947072
4990	3186	0.9833924
4990	1921	0.96177816
4990	2971	0.95652556
4990	3052	0.9215547
4990	1783	0.9088367
4991	3249	0.15718412
4991	2858	0.048572868
4991	1554	0.01853621
4991	2468	0.013108909
4991	2872	0.01069057
4991	509	0.010078937
4991	2522	0.009129822
4991	3420	0.005636841
4991	1729	0.004238516
4991	999	0.003609538
4992	1968	0.9722971
4992	2997	0.2722581
4992	1225	0.24763724
4992	3408	0.19397417
4992	1086	0.17301905
4992	1214	0.16086474
4992	1196	0.13866356
4992	1210	0.08362463
4992	527	0.07304874
4992	2875	0.05734107
4993	3155	0.99963784
4993	2712	0.9995742
4993	1307	0.9995141
4993	17	0.9988327
4993	920	0.9984746
4993	1246	0.99746025
4993	2919	0.9909521
4993	1617	0.98331773
4993	1293	0.98150647
4993	1196	0.9663701
4994	1206	0.9996897
4994	3175	0.9991642
4994	2009	0.99095875
4994	2712	0.98926926
4994	858	0.979483
4994	1371	0.93987864
4994	2414	0.93023574
4994	10	0.8767247
4994	1343	0.8358686
4994	968	0.782984
4995	2278	0.9981792
4995	3163	0.99770933
4995	337	0.9849613
4995	3044	0.98421884
4995	1673	0.980937
4995	1243	0.97496724
4995	1227	0.97252953
4995	1608	0.9659914
4995	1047	0.9648413
4995	588	0.9602409
4996	2028	0.8283627
4996	608	0.42786014
4996	50	0.30541593
4996	593	0.12644207
4996	1089	0.094358474
4996	1704	0.086808264
4996	920	0.066872
4996	47	0.06140378
4996	1358	0.044489026
4996	904	0.034570992
4997	2431	0.9999575
4997	2804	0.9999418
4997	3254	0.999772
4997	2694	0.9994886
4997	5	0.99945563
4997	180	0.99912226
4997	585	0.9977775
4997	1431	0.9972058
4997	157	0.9925027
4997	1377	0.990851
4998	1885	0.999967
4998	39	0.9975735
4998	3007	0.9962005
4998	1215	0.9958514
4998	1288	0.9957855
4998	2124	0.9847684
4998	543	0.9810415
4998	1805	0.94004357
4998	180	0.9319378
4998	919	0.90625584
4999	2710	0.9836461
4999	3130	0.95610094
4999	3361	0.95551443
4999	3125	0.955157
4999	2724	0.91667277
4999	2997	0.89687085
4999	2243	0.83215773
4999	1	0.8213379
4999	3053	0.8049514
4999	3005	0.77895015
5000	2791	0.99913776
5000	1221	0.998671
5000	2916	0.9977486
5000	1784	0.9976393
5000	2423	0.99717927
5000	750	0.9967108
5000	2739	0.9897041
5000	431	0.9852185
5000	39	0.9847946
5000	1079	0.9826951
5001	2138	0.9973508
5001	587	0.9774194
5001	899	0.9737961
5001	1097	0.9700698
5001	2125	0.96826756
5001	1947	0.9624393
5001	1353	0.95964897
5001	1393	0.9482062
5001	1639	0.9480996
5001	2377	0.8704854
5002	260	0.99924254
5002	1196	0.9963511
5002	110	0.9837879
5002	2302	0.9805401
5002	648	0.97569424
5002	1608	0.9678564
5002	1961	0.9581787
5002	539	0.9378001
5002	3255	0.93692935
5002	1756	0.93206936
5003	1584	0.9974289
5003	2046	0.72329116
5003	3175	0.6876161
5003	788	0.6727556
5003	2316	0.3396799
5003	1396	0.24869537
5003	1198	0.11130518
5003	316	0.07920653
5003	1210	0.071014434
5003	2125	0.06836492
5004	3088	0.98309577
5004	1270	0.97375345
5004	947	0.8726022
5004	951	0.840505
5004	1244	0.7949655
5004	911	0.7925918
5004	351	0.6421603
5004	562	0.64060295
5004	2321	0.63135767
5004	2289	0.61244285
5005	1713	0.99805903
5005	2088	0.9979367
5005	1784	0.9970597
5005	593	0.9904411
5005	2054	0.9804152
5005	1220	0.98021424
5005	2012	0.98018146
5005	1376	0.9791474
5005	1405	0.97061276
5005	2140	0.9495965
5006	2186	0.99999964
5006	3334	0.999961
5006	2612	0.9990241
5006	1212	0.99853027
5006	858	0.99655986
5006	1248	0.9870169
5006	908	0.98258555
5006	2087	0.9552293
5006	2018	0.9348194
5006	2102	0.93165255
5007	58	0.9982921
5007	2324	0.99666816
5007	1148	0.9783684
5007	73	0.96312344
5007	3250	0.9457375
5007	1961	0.89516705
5007	2329	0.75156033
5007	2924	0.74937737
5007	1276	0.68672943
5007	2396	0.6729337
5008	745	0.997844
5008	1136	0.99427915
5008	2542	0.9940048
5008	2863	0.9925985
5008	778	0.9918729
5008	2203	0.98313224
5008	1250	0.98183256
5008	3224	0.97940135
5008	493	0.9515495
5008	1895	0.93987894
5009	2529	0.9969014
5009	1196	0.99685895
5009	720	0.99463654
5009	1221	0.9937119
5009	1256	0.9574489
5009	1374	0.94219995
5009	1396	0.8933542
5009	1193	0.8901546
5009	1210	0.8540549
5009	951	0.8009285
5010	2352	0.9933121
5010	3101	0.992187
5010	1253	0.9920745
5010	1262	0.98898864
5010	1927	0.98494494
5010	529	0.9828038
5010	1287	0.9758243
5010	2243	0.9711533
5010	1945	0.9530552
5010	1953	0.94363666
5011	590	0.9908953
5011	608	0.98971325
5011	1393	0.96153176
5011	517	0.9355928
5011	1644	0.9335635
5011	2867	0.9151663
5011	1301	0.88901925
5011	1721	0.88412344
5011	232	0.88388395
5011	3258	0.8553941
5012	2922	0.9999993
5012	553	0.9999633
5012	2401	0.98696125
5012	1209	0.8852265
5012	1201	0.80264336
5012	2012	0.57902086
5012	3030	0.5782976
5012	858	0.45216873
5012	2019	0.102564245
5012	964	0.092362285
5013	1230	0.9999757
5013	1252	0.99857175
5013	1208	0.9963508
5013	3093	0.99003613
5013	318	0.98810035
5013	2028	0.9831072
5013	1214	0.954335
5013	1194	0.94628793
5013	3350	0.913731
5013	1213	0.89889395
5014	50	0.99999094
5014	1224	0.99997026
5014	913	0.9987055
5014	912	0.99791235
5014	2947	0.9884904
5014	1233	0.960811
5014	1299	0.9449461
5014	2135	0.94143444
5014	2692	0.94128907
5014	2202	0.9020151
5015	919	0.99471974
5015	1028	0.99199605
5015	1237	0.97397375
5015	434	0.9411178
5015	1097	0.9106674
5015	593	0.8955174
5015	39	0.8890153
5015	2429	0.876385
5015	924	0.87528735
5015	1230	0.84753305
5016	508	0.999252
5016	17	0.992669
5016	1466	0.9926636
5016	3006	0.9845294
5016	3039	0.98250616
5016	3260	0.9779248
5016	1357	0.9722601
5016	538	0.9719198
5016	25	0.929731
5016	253	0.9274902
5017	1036	0.99470353
5017	1210	0.9902879
5017	527	0.9902193
5017	2288	0.978124
5017	3359	0.9753265
5017	1240	0.97506666
5017	1968	0.9725803
5017	3072	0.86191714
5017	1277	0.8055105
5017	111	0.7876364
5018	2076	0.9834568
5018	1079	0.97785926
5018	903	0.97299206
5018	926	0.9700753
5018	2087	0.9656594
5018	3424	0.9611738
5018	1960	0.9373127
5018	969	0.93439555
5018	3368	0.90907085
5018	668	0.88147104
5019	296	0.99785566
5019	3359	0.9957244
5019	3421	0.9728143
5019	904	0.9623039
5019	541	0.9437034
5019	1610	0.93508065
5019	2058	0.861073
5019	2745	0.8323139
5019	3362	0.82494533
5019	3032	0.81792
5020	107	0.9998864
5020	480	0.9996246
5020	2968	0.9967823
5020	1376	0.9775088
5020	2723	0.96684587
5020	2006	0.9142864
5020	1552	0.7906275
5020	1375	0.75472987
5020	674	0.7485651
5020	610	0.6650493
5021	780	0.9999449
5021	260	0.9999314
5021	1876	0.999879
5021	160	0.99758023
5021	2407	0.9927565
5021	1344	0.9821902
5021	903	0.97564363
5021	2094	0.97475266
5021	47	0.97218144
5021	1196	0.89071643
5022	1210	0.99176264
5022	2370	0.9785161
5022	3265	0.9737734
5022	1012	0.966886
5022	1214	0.9472351
5022	527	0.9303726
5022	1222	0.91201425
5022	1201	0.90390146
5022	969	0.79864657
5022	1291	0.5721475
5023	3174	0.99999267
5023	2087	0.9998704
5023	900	0.99962664
5023	1014	0.99603593
5023	2171	0.99265015
5023	2099	0.98929685
5023	1566	0.9710144
5023	928	0.9689411
5023	3175	0.9636435
5023	2411	0.96296775
5024	928	0.995745
5024	1193	0.995439
5024	3362	0.99418575
5024	1244	0.9806751
5024	2858	0.98061
5024	2935	0.98018575
5024	1086	0.9736946
5024	1874	0.9726834
5024	1947	0.9608639
5024	1101	0.94980836
5025	1228	0.9981121
5025	1136	0.9968701
5025	1217	0.9944907
5025	946	0.9842695
5025	913	0.9629787
5025	1212	0.9454993
5025	2664	0.92077935
5025	1206	0.8971845
5025	1148	0.8955806
5025	1280	0.89317656
5026	1876	0.9787528
5026	3421	0.97432554
5026	1831	0.9582032
5026	1653	0.9448544
5026	3251	0.93503904
5026	1694	0.91762936
5026	532	0.8798356
5026	2858	0.8798277
5026	3072	0.8687174
5026	1294	0.82572937
5027	1513	0.9965451
5027	2580	0.991925
5027	2712	0.96656513
5027	2369	0.9223062
5027	1293	0.92186034
5027	2706	0.6026873
5027	3101	0.42012852
5027	2433	0.27263814
5027	1961	0.24578243
5027	1193	0.239586
5028	595	0.9722731
5028	364	0.8656782
5028	1282	0.8527603
5028	3081	0.53779006
5028	3213	0.49233222
5028	3396	0.45319077
5028	2889	0.358692
5028	1230	0.34321055
5028	1215	0.2630465
5028	3114	0.16950852
5029	3175	0.99956006
5029	356	0.9983441
5029	3174	0.9945313
5029	1641	0.99205804
5029	3186	0.9858896
5029	1792	0.98319733
5029	802	0.98008215
5029	110	0.97986996
5029	1610	0.9791194
5029	2028	0.9694988
5030	2959	0.99801046
5030	934	0.98278725
5030	2599	0.97723746
5030	1221	0.9718499
5030	3005	0.9500867
5030	2539	0.9035989
5030	2572	0.8872955
5030	2355	0.5019657
5030	2023	0.4697315
5030	2496	0.44061
5031	1265	0.9997028
5031	1292	0.9973289
5031	34	0.99488413
5031	1233	0.98277926
5031	3083	0.9236382
5031	1080	0.889491
5031	2716	0.84837675
5031	2406	0.8148564
5031	58	0.8045984
5031	1210	0.79486185
5032	2889	0.9995942
5032	778	0.99707854
5032	3261	0.9940719
5032	1223	0.9934162
5032	588	0.987625
5032	1215	0.98592794
5032	2321	0.98360074
5032	1923	0.98279285
5032	1387	0.9808111
5032	2395	0.9787065
5033	1230	0.99986136
5033	1641	0.99966204
5033	3072	0.9848868
5033	1885	0.9825766
5033	2690	0.94717
5033	1235	0.90554166
5033	910	0.9045825
5033	915	0.90005463
5033	2324	0.8926672
5033	539	0.88682497
5034	1258	0.9979531
5034	2529	0.99721205
5034	912	0.99398994
5034	1222	0.99283946
5034	356	0.9913577
5034	296	0.98996663
5034	39	0.9885278
5034	2947	0.98105156
5034	902	0.9704726
5034	2672	0.9703827
5035	339	0.99979746
5035	2571	0.9940009
5035	2406	0.98699015
5035	1097	0.9863695
5035	1784	0.98019505
5035	1961	0.9722755
5035	348	0.9655172
5035	1876	0.9573437
5035	2687	0.95022416
5035	1965	0.93417686
5036	2770	0.9999467
5036	1334	0.99971807
5036	2901	0.9826051
5036	2706	0.94721323
5036	1127	0.9188859
5036	2694	0.82568157
5036	3408	0.82031786
5036	2719	0.7538498
5036	2490	0.681777
5036	3051	0.59301794
5037	265	0.99992836
5037	377	0.999779
5037	339	0.9969857
5037	1683	0.9930787
5037	260	0.99204195
5037	708	0.9905281
5037	50	0.98620427
5037	350	0.96484315
5037	11	0.9543434
5037	2671	0.9478977
5038	2791	0.9993011
5038	3361	0.9966527
5038	2288	0.99598986
5038	17	0.98853725
5038	2919	0.98834395
5038	1277	0.96059275
5038	1293	0.9499598
5038	2555	0.94606054
5038	2406	0.9372899
5038	1238	0.8861022
5039	1343	0.9976169
5039	1036	0.9914057
5039	3005	0.98426723
5039	457	0.9836215
5039	3200	0.97715163
5039	2819	0.930822
5039	1407	0.90113175
5039	904	0.89191186
5039	349	0.88567203
5039	2640	0.857233
5040	1350	0.99999374
5040	1999	0.99962914
5040	2645	0.9994347
5040	1342	0.9946637
5040	2026	0.99226546
5040	2160	0.9818158
5040	2716	0.97244984
5040	1407	0.9684062
5040	2174	0.96599805
5040	1130	0.96287477
5041	1214	0.999984
5041	2513	0.99989367
5041	1387	0.9994463
5041	3082	0.972967
5041	1235	0.972573
5041	1210	0.9683143
5041	1240	0.96769565
5041	356	0.94781756
5041	2022	0.89984584
5041	3072	0.8945104
5042	527	0.9935241
5042	2997	0.9902997
5042	345	0.98622584
5042	2716	0.985258
5042	3412	0.9737272
5042	2946	0.9465817
5042	1210	0.94347036
5042	1028	0.9427936
5042	247	0.9383445
5042	3247	0.87851596
5043	539	0.86156595
5043	1569	0.83402705
5043	1210	0.8049371
5043	339	0.79446393
5043	577	0.41138825
5043	276	0.2098796
5043	2558	0.16985792
5043	2497	0.16181323
5043	2082	0.098237276
5043	2572	0.08186996
5044	1079	0.999997
5044	1186	0.9999945
5044	1962	0.99978495
5044	1965	0.9989276
5044	1225	0.9962592
5044	3039	0.9949586
5044	2375	0.9928369
5044	2739	0.99099004
5044	1958	0.99041116
5044	2406	0.98720455
5045	2384	0.9964231
5045	1148	0.9890771
5045	3133	0.9749042
5045	34	0.9723997
5045	2014	0.9638021
5045	3396	0.9480305
5045	1961	0.9014091
5045	1294	0.8499787
5045	441	0.79952097
5045	3037	0.79792815
5046	608	0.99565876
5046	2699	0.9943731
5046	223	0.9432359
5046	16	0.9375783
5046	588	0.93392646
5046	2028	0.9291941
5046	2599	0.9070784
5046	2352	0.88560385
5046	319	0.8801911
5046	2407	0.8697779
5047	527	0.9983916
5047	2396	0.99662244
5047	2598	0.9914751
5047	1135	0.98525393
5047	1186	0.98479563
5047	2710	0.97823924
5047	1097	0.977902
5047	2110	0.96956944
5047	2395	0.96767914
5047	2378	0.95559126
5048	1961	0.99987173
5048	1135	0.9991014
5048	2791	0.99891686
5048	2406	0.99647045
5048	1185	0.98676383
5048	1193	0.9687799
5048	1968	0.96118987
5048	3210	0.9568126
5048	1958	0.9076561
5048	1246	0.8668859
5049	1225	0.9987688
5049	1234	0.995715
5049	1079	0.99268556
5049	1270	0.9906663
5049	924	0.9879291
5049	318	0.9612829
5049	1224	0.9240458
5049	2949	0.87330997
5049	2194	0.8419604
5049	246	0.83904743
5050	339	0.9968357
5050	1265	0.95091695
5050	1457	0.92900777
5050	1617	0.9287956
5050	1422	0.870659
5050	46	0.82515705
5050	1784	0.8211558
5050	252	0.6741404
5050	912	0.6731963
5050	1968	0.67115283
5051	2889	0.9998597
5051	858	0.9994402
5051	3355	0.9980024
5051	3145	0.98125637
5051	1191	0.9754195
5051	2347	0.9642685
5051	3163	0.9174795
5051	1978	0.90351784
5051	1721	0.8718109
5051	1144	0.82952523
5052	260	0.99978065
5052	3241	0.9965174
5052	1270	0.983258
5052	3000	0.7948177
5052	2996	0.65391546
5052	2193	0.6384856
5052	1210	0.55723625
5052	2846	0.5303843
5052	1231	0.52124673
5052	3079	0.44381765
5053	3082	0.9980751
5053	1356	0.9922508
5053	2723	0.9859438
5053	2529	0.98541605
5053	673	0.9812902
5053	2006	0.8964365
5053	1566	0.8880782
5053	2763	0.8855475
5053	256	0.8262769
5053	1175	0.8111433
5054	1225	0.9997325
5054	39	0.99048626
5054	21	0.9425474
5054	300	0.8305818
5054	3148	0.8044789
5054	2701	0.74050725
5054	58	0.67365384
5054	3342	0.6168681
5054	1653	0.5979583
5054	1729	0.59214056
5055	1201	0.9999443
5055	914	0.9992189
5055	969	0.9915213
5055	900	0.9770591
5055	2920	0.9702946
5055	1947	0.9674617
5055	260	0.8111836
5055	1196	0.7997132
5055	2396	0.67741907
5055	3307	0.6608139
5056	1278	0.99938583
5056	2788	0.99595535
5056	1097	0.9917298
5056	1	0.97486925
5056	3174	0.9746766
5056	2527	0.9742259
5056	2699	0.97260183
5056	1281	0.97184247
5056	1259	0.9696924
5056	2973	0.95144355
5057	2028	0.99995023
5057	2858	0.99994004
5057	593	0.99944925
5057	2725	0.9987689
5057	3006	0.9967348
5057	2997	0.9930633
5057	2908	0.9920269
5057	1095	0.9913439
5057	2289	0.98963034
5057	150	0.9886642
5058	931	0.99987316
5058	2076	0.9998653
5058	930	0.9996457
5058	2945	0.99455184
5058	908	0.9902791
5058	1267	0.9899219
5058	111	0.9838557
5058	955	0.84326303
5058	1942	0.8248497
5058	1617	0.80281276
5059	47	0.9987816
5059	2159	0.99819016
5059	2013	0.9789974
5059	2782	0.9783658
5059	1610	0.9645302
5059	3255	0.88092846
5059	733	0.8793182
5059	678	0.8682718
5059	3244	0.8598983
5059	1848	0.8270508
5060	595	0.9999955
5060	1994	0.999365
5060	1031	0.99696416
5060	2401	0.99659145
5060	2941	0.9849088
5060	457	0.98108757
5060	2193	0.977378
5060	1955	0.9531709
5060	2686	0.95238066
5060	3176	0.90509474
5061	216	0.9994377
5061	585	0.9992074
5061	344	0.9774437
5061	2108	0.97110933
5061	11	0.9686761
5061	708	0.95622796
5061	1821	0.9210351
5061	2759	0.8846279
5061	3399	0.87647015
5061	34	0.8740244
5062	3081	0.94098604
5062	2959	0.9354179
5062	2287	0.9089567
5062	2167	0.82079744
5062	1941	0.762406
5062	1276	0.4638095
5062	2136	0.3732924
5062	2628	0.2886976
5062	110	0.16518196
5062	111	0.116134286
5063	2394	0.9976108
5063	2018	0.9970348
5063	2995	0.9892762
5063	594	0.98404944
5063	926	0.9835481
5063	2581	0.9733455
5063	2096	0.93381226
5063	3189	0.92317724
5063	916	0.9210545
5063	3188	0.9066936
5064	296	0.99996424
5064	750	0.99207675
5064	2348	0.972893
5064	535	0.9666456
5064	1394	0.96360517
5064	1345	0.9375449
5064	1225	0.9237611
5064	29	0.91537243
5064	1247	0.86189497
5064	2912	0.84610033
5065	2081	0.99955773
5065	2791	0.9991882
5065	1370	0.99789256
5065	1960	0.9960983
5065	1294	0.99437195
5065	3175	0.99415386
5065	3072	0.99273926
5065	2985	0.986197
5065	367	0.98606986
5065	2478	0.9841147
5066	527	0.97658217
5066	2622	0.92511237
5066	858	0.8963145
5066	3176	0.8889752
5066	903	0.88386804
5066	2023	0.59332997
5066	908	0.58756673
5066	1945	0.5838655
5066	1665	0.44042397
5066	111	0.4097268
5067	919	0.9976021
5067	246	0.99755734
5067	1952	0.9968072
5067	912	0.9933226
5067	903	0.9835094
5067	1237	0.9751707
5067	1997	0.9585078
5067	111	0.9482616
5067	1945	0.9020984
5067	3350	0.88144445
5068	1299	0.9999969
5068	1293	0.9999342
5068	1185	0.99735564
5068	1956	0.9949597
5068	2852	0.98965716
5068	2929	0.9014219
5068	1961	0.74554265
5068	2348	0.61219156
5068	527	0.58484185
5068	2130	0.43652987
5069	913	0.9999119
5069	164	0.9999094
5069	2182	0.9914144
5069	1260	0.9721166
5069	1252	0.9463968
5069	930	0.93387294
5069	1284	0.8939172
5069	1264	0.8316157
5069	2066	0.7851521
5069	296	0.7483459
5070	2282	0.987695
5070	3072	0.985854
5070	2302	0.9777876
5070	1923	0.97507966
5070	529	0.93663496
5070	2028	0.9199792
5070	483	0.91184807
5070	1276	0.9034213
5070	2359	0.89049447
5070	3104	0.87926084
5071	2115	0.99897516
5071	2906	0.94922173
5071	3072	0.6751888
5071	1291	0.58202183
5071	2804	0.5228972
5071	193	0.4657519
5071	648	0.42650712
5071	1931	0.36770222
5071	1009	0.35838103
5071	3159	0.3427486
5072	2532	0.9919213
5072	480	0.99074304
5072	2657	0.9546766
5072	1200	0.87974024
5072	1544	0.8736933
5072	1372	0.8616166
5072	3175	0.77896035
5072	329	0.6673974
5072	1214	0.5607563
5072	3033	0.51908
5073	2797	0.9930396
5073	1653	0.9767933
5073	1270	0.94440424
5073	1097	0.8999185
5073	1419	0.8748357
5073	1215	0.83697796
5073	2161	0.7733296
5073	1196	0.6358247
5073	1225	0.5733232
5073	32	0.55427194
5074	2391	0.9994307
5074	1674	0.99350023
5074	2529	0.98409647
5074	2321	0.92503583
5074	2329	0.91338676
5074	1237	0.8944794
5074	2109	0.89413285
5074	2763	0.8843733
5074	2951	0.8816004
5074	322	0.8721169
5075	2287	0.99995047
5075	750	0.99982876
5075	1267	0.978851
5075	1348	0.9770597
5075	2901	0.9746958
5075	1233	0.97382313
5075	1301	0.9710374
5075	2363	0.90593755
5075	1196	0.8770782
5075	1193	0.82330304
5076	1784	0.998605
5076	2289	0.99329245
5076	1617	0.97549987
5076	588	0.9699896
5076	3163	0.9693899
5076	3160	0.9543263
5076	474	0.936166
5076	3267	0.927496
5076	235	0.9239537
5076	1537	0.9113738
5077	2391	0.99991083
5077	509	0.9997902
5077	2174	0.9996628
5077	1237	0.9971435
5077	111	0.9917961
5077	2243	0.9894206
5077	3246	0.9807918
5077	1304	0.980037
5077	2916	0.9714337
5077	1391	0.9613533
5078	1376	0.9999994
5078	1371	0.999957
5078	2011	0.9990449
5078	541	0.9987801
5078	924	0.9783113
5078	2641	0.8432439
5078	3175	0.8428991
5078	316	0.8288696
5078	2046	0.74241537
5078	2021	0.72838223
5079	1977	0.99999964
5079	1971	0.9998574
5079	1986	0.99939835
5079	527	0.98291785
5079	2966	0.9269727
5079	1225	0.8995832
5079	2357	0.8239006
5079	2804	0.81166923
5079	2687	0.7884135
5079	2028	0.427139
5080	2022	0.8175955
5080	2365	0.8066714
5080	616	0.7119738
5080	2908	0.48435324
5080	2858	0.42093736
5080	1387	0.38173068
5080	3037	0.35066843
5080	34	0.3018699
5080	736	0.26403007
5080	3033	0.20750567
5081	586	0.9998791
5081	1409	0.99812114
5081	500	0.99753207
5081	344	0.96187496
5081	1517	0.9579946
5081	357	0.92727447
5081	104	0.9093641
5081	2699	0.83731294
5081	3060	0.8168238
5081	539	0.7793648
5082	2729	0.9994057
5082	308	0.9972572
5082	1949	0.9936302
5082	446	0.9934889
5082	1929	0.99328434
5082	223	0.99046683
5082	1952	0.9741297
5082	969	0.9603032
5082	922	0.96024007
5082	3019	0.95844
5083	3255	0.99935186
5083	1584	0.9971714
5083	678	0.9967205
5083	253	0.99187696
5083	1	0.98311955
5083	2490	0.9827241
5083	351	0.97942185
5083	1207	0.97797394
5083	2804	0.9726745
5083	527	0.97069716
5084	2716	0.9999664
5084	3253	0.99972624
5084	1923	0.9981868
5084	317	0.9565109
5084	368	0.95447505
5084	858	0.9525067
5084	2700	0.94775736
5084	2804	0.91888225
5084	1676	0.8921598
5084	107	0.8874004
5085	2929	0.99805844
5085	1263	0.9968004
5085	1090	0.9965875
5085	2728	0.9932622
5085	3271	0.9868671
5085	3088	0.96204066
5085	1393	0.954718
5085	1953	0.9454217
5085	908	0.90664923
5085	111	0.884732
5086	1233	0.9999994
5086	750	0.99986637
5086	1213	0.9994849
5086	1095	0.9952717
5086	1210	0.99408287
5086	1204	0.98805845
5086	904	0.9875469
5086	1262	0.9845849
5086	910	0.982785
5086	2739	0.9746672
5087	2858	0.9999577
5087	1124	0.99969697
5087	2529	0.99772143
5087	2407	0.9940052
5087	2605	0.99172056
5087	2694	0.9602001
5087	2690	0.95217687
5087	1380	0.9521122
5087	3238	0.952085
5087	2081	0.94496906
5088	2010	0.9999989
5088	541	0.9999888
5088	2916	0.99573195
5088	480	0.99132484
5088	1199	0.98302245
5088	1240	0.9769254
5088	1653	0.9358567
5088	1215	0.6312941
5088	1193	0.57320845
5088	1584	0.569058
5089	745	0.99888104
5089	1148	0.998351
5089	232	0.9963909
5089	906	0.9890598
5089	1175	0.98282135
5089	3421	0.9693625
5089	1734	0.96860296
5089	3097	0.9164455
5089	2926	0.8719201
5089	1276	0.7717077
5090	457	0.9896475
5090	1387	0.9853605
5090	2788	0.98154294
5090	1090	0.9607539
5090	2917	0.9353124
5090	3039	0.9020002
5090	2023	0.89914274
5090	1393	0.88715005
5090	1834	0.8818428
5090	940	0.8771579
5091	1246	0.9967067
5091	1200	0.98516387
5091	1580	0.9842497
5091	1784	0.97982574
5091	1294	0.97892463
5091	1291	0.97757447
5091	2916	0.97182065
5091	1393	0.95015347
5091	2605	0.9494908
5091	2011	0.94886327
5092	2087	0.9999769
5092	1416	0.9976884
5092	2396	0.98915553
5092	1951	0.9621347
5092	2289	0.9602375
5092	1784	0.95333636
5092	1179	0.9425596
5092	1032	0.93264353
5092	2096	0.8743111
5092	588	0.8500222
5093	2762	0.99995124
5093	1617	0.9999423
5093	265	0.99978995
5093	293	0.99825984
5093	2858	0.99796927
5093	25	0.995826
5093	2028	0.9954196
5093	3408	0.9950213
5093	457	0.9807917
5093	2687	0.9789491
5094	1240	0.9999845
5094	1198	0.9998597
5094	2490	0.99758637
5094	1036	0.9895779
5094	260	0.9806402
5094	110	0.94322765
5094	380	0.93628514
5094	280	0.8759903
5094	1527	0.8521329
5094	1620	0.84395313
5095	1237	1.0
5095	912	0.9999033
5095	3030	0.9976621
5095	1256	0.99001324
5095	1178	0.9472424
5095	3022	0.9471678
5095	1927	0.88650584
5095	3158	0.7942738
5095	3307	0.7808832
5095	3067	0.74054193
5096	3039	0.99969697
5096	2013	0.99355066
5096	1663	0.9838133
5096	2713	0.97277415
5096	2723	0.9501241
5096	2407	0.9410895
5096	1957	0.915748
5096	2340	0.8942275
5096	1203	0.888799
5096	3019	0.8859591
5097	3160	0.99999714
5097	2712	0.9995316
5097	3005	0.9989002
5097	3081	0.976877
5097	3088	0.9758246
5097	1214	0.94721043
5097	3179	0.94281125
5097	2763	0.9416761
5097	233	0.892802
5097	2707	0.8693266
5098	3074	0.99712324
5098	3028	0.9899243
5098	1944	0.9886191
5098	1304	0.9669905
5098	3144	0.8186828
5098	2017	0.8172776
5098	1025	0.81146806
5098	3100	0.79836786
5098	909	0.79279065
5098	3168	0.75744355
5099	1425	0.9997889
5099	1405	0.9924949
5099	1597	0.9891951
5099	3114	0.9681878
5099	1500	0.96427023
5099	1210	0.9494635
5099	377	0.9361459
5099	1222	0.8999741
5099	1954	0.8980969
5099	1641	0.8687905
5100	2100	0.9854707
5100	1079	0.9572766
5100	2021	0.94823587
5100	1224	0.9379784
5100	435	0.91278243
5100	1544	0.89381695
5100	2858	0.8913019
5100	272	0.8400232
5100	3257	0.83704174
5100	377	0.79235923
5101	107	0.98816615
5101	2461	0.5871759
5101	2628	0.14393777
5101	593	0.0642513
5101	110	0.04417956
5101	688	0.021406144
5101	1243	0.008140236
5101	1210	0.006694734
5101	191	0.006350875
5101	842	0.005012065
5102	1298	0.9999981
5102	318	0.99969655
5102	1210	0.99940157
5102	1994	0.9973157
5102	1208	0.9912642
5102	589	0.9912145
5102	2134	0.97318274
5102	1321	0.960765
5102	1231	0.95485646
5102	253	0.9497752
5103	836	0.9984497
5103	160	0.9958683
5103	1210	0.99384916
5103	736	0.9926898
5103	480	0.9854845
5103	1370	0.976724
5103	1584	0.97383785
5103	2826	0.9735553
5103	2916	0.96913093
5103	780	0.96830666
5104	1291	0.99999976
5104	3189	0.9807602
5104	2689	0.97717184
5104	2712	0.9723226
5104	3082	0.9683466
5104	3145	0.94908893
5104	1625	0.9467565
5104	3005	0.9389005
5104	3186	0.871433
5104	1210	0.8560281
5105	2976	0.96877176
5105	3082	0.94865704
5105	1266	0.9376774
5105	82	0.92544997
5105	3160	0.86188525
5105	2677	0.83735585
5105	222	0.78926563
5105	3054	0.75125116
5105	2710	0.75122106
5105	2141	0.7271132
5106	2429	0.99961394
5106	107	0.98747766
5106	1517	0.98646283
5106	2321	0.97312397
5106	377	0.87122226
5106	2081	0.8474973
5106	1580	0.84055316
5106	1833	0.77725196
5106	2083	0.6296577
5106	3060	0.5653583
5107	2245	0.99757767
5107	1304	0.9825222
5107	1968	0.96290416
5107	2124	0.95583284
5107	2640	0.92350423
5107	457	0.9203774
5107	10	0.8523132
5107	1278	0.8372346
5107	2023	0.82971597
5107	639	0.79725385
5108	527	0.9991408
5108	2918	0.99845654
5108	58	0.9977677
5108	1367	0.98849165
5108	2069	0.9868578
5108	2671	0.9859114
5108	2108	0.9824836
5108	1701	0.9768752
5108	2174	0.9399574
5108	2716	0.9280292
5109	969	0.9999323
5109	945	0.9993811
5109	3363	0.96423846
5109	1196	0.9390532
5109	21	0.92734015
5109	3396	0.91044736
5109	1084	0.89652336
5109	1446	0.843387
5109	110	0.8370192
5109	858	0.82250035
5110	1873	0.9989837
5110	2028	0.9959968
5110	1704	0.9913763
5110	858	0.9694464
5110	912	0.809703
5110	2858	0.75272304
5110	318	0.6313086
5110	1197	0.5240571
5110	2375	0.48649216
5110	589	0.4640076
5111	1293	0.9989484
5111	3252	0.94621664
5111	2407	0.93075186
5111	515	0.91803014
5111	1914	0.9104818
5111	608	0.8874744
5111	1097	0.8576496
5111	1304	0.73428816
5111	830	0.7282335
5111	141	0.7232472
5112	2394	0.99745846
5112	942	0.97990125
5112	2761	0.953043
5112	750	0.9440827
5112	3262	0.9134979
5112	2598	0.87239236
5112	1288	0.86345124
5112	2968	0.86072206
5112	911	0.84886444
5112	2132	0.82042813
5113	39	0.9999863
5113	471	0.98135716
5113	736	0.9622565
5113	1894	0.9608912
5113	1946	0.94499713
5113	1441	0.90540755
5113	1975	0.90157545
5113	2951	0.90119
5113	3081	0.8921187
5113	2936	0.8835877
5114	362	0.99965477
5114	2005	0.99866927
5114	2174	0.9971237
5114	2078	0.99711555
5114	235	0.9885448
5114	2059	0.9842917
5114	2141	0.9823977
5114	2015	0.97234803
5114	919	0.96483004
5114	2294	0.9638039
5115	3145	0.9992133
5115	2959	0.9975434
5115	678	0.9892187
5115	1210	0.9777699
5115	296	0.88648736
5115	3328	0.7666173
5115	3083	0.7591351
5115	2908	0.65850425
5115	193	0.63724977
5115	2236	0.5327338
5116	1949	0.9635267
5116	3298	0.9271096
5116	2959	0.88798606
5116	1721	0.88152874
5116	2908	0.7925701
5116	2333	0.772974
5116	3186	0.7323246
5116	2912	0.61919755
5116	3055	0.50428003
5116	1968	0.45170063
5117	2686	0.9980436
5117	1270	0.18470278
5117	1513	0.13483676
5117	338	0.1258378
5117	1660	0.07961181
5117	2396	0.07110581
5117	3408	0.06957638
5117	3005	0.05763367
5117	1526	0.03895229
5117	1758	0.030232877
5118	1518	0.99999976
5118	2028	0.99998796
5118	1873	0.9993538
5118	1608	0.9993285
5118	786	0.99777365
5118	547	0.99684477
5118	3257	0.995494
5118	1610	0.96993715
5118	1370	0.9121153
5118	1586	0.91167504
5119	1288	0.9993114
5119	2918	0.9977752
5119	1210	0.9974084
5119	1270	0.99706936
5119	1079	0.9921787
5119	3421	0.990155
5119	2791	0.9897182
5119	1042	0.981344
5119	1148	0.98015404
5119	1238	0.95991623
5120	454	0.9999575
5120	494	0.998821
5120	1196	0.9947703
5120	1081	0.992997
5120	2916	0.98592067
5120	2571	0.9848325
5120	904	0.9810618
5120	539	0.9681171
5120	2078	0.9474385
5120	1831	0.9461653
5121	2683	0.9997901
5121	39	0.998517
5121	2002	0.99789953
5121	2772	0.9867754
5121	1367	0.98234296
5121	858	0.96348417
5121	3157	0.9592228
5121	435	0.94385254
5121	52	0.94380766
5121	2302	0.93085766
5122	2997	0.99996936
5122	2676	0.99934936
5122	3006	0.99802005
5122	2396	0.98958373
5122	553	0.9765364
5122	3252	0.96262586
5122	2996	0.94092786
5122	47	0.93932706
5122	2841	0.74903566
5122	2321	0.5991003
5123	2474	0.9998198
5123	2746	0.99960244
5123	1587	0.9994142
5123	780	0.9956548
5123	3298	0.9926108
5123	1833	0.98658407
5123	2889	0.94982326
5123	3355	0.88921773
5123	1246	0.87334913
5123	2976	0.7803043
5124	912	0.99991393
5124	1393	0.99945396
5124	994	0.9992411
5124	515	0.99718535
5124	1271	0.99685496
5124	1212	0.9966616
5124	318	0.9906951
5124	2890	0.9786891
5124	1873	0.9699874
5124	448	0.9674257
5125	1230	0.9995563
5125	2935	0.99887717
5125	3307	0.9847344
5125	3083	0.978233
5125	111	0.9686904
5125	3072	0.88681936
5125	2858	0.86481416
5125	824	0.819707
5125	928	0.73933685
5125	2076	0.711803
5126	2858	0.9979855
5126	454	0.9918836
5126	1923	0.989781
5126	2150	0.98023534
5126	223	0.97859645
5126	3255	0.9742591
5126	923	0.9571477
5126	3252	0.9336299
5126	1358	0.92064315
5126	628	0.9159601
5127	1527	0.99503267
5127	3300	0.9905467
5127	1301	0.9903975
5127	674	0.9889039
5127	1270	0.98890364
5127	3354	0.9748907
5127	1036	0.97320014
5127	1584	0.8361019
5127	2985	0.8073413
5127	198	0.75635946
5128	1610	0.9999688
5128	1259	0.9996512
5128	260	0.99731743
5128	733	0.99667233
5128	2797	0.9960973
5128	1358	0.9959773
5128	2947	0.99492514
5128	908	0.9927654
5128	1356	0.9924675
5128	608	0.9892886
5129	2085	0.9670138
5129	2706	0.9274203
5129	3214	0.8428367
5129	1499	0.7934841
5129	1797	0.66788495
5129	1193	0.5889102
5129	480	0.4136146
5129	2817	0.33701774
5129	1253	0.31987682
5129	785	0.27895284
5130	1617	0.99934554
5130	1704	0.994439
5130	1225	0.98565847
5130	1961	0.9820848
5130	1262	0.9169581
5130	1196	0.89335024
5130	541	0.82247263
5130	1242	0.76261604
5130	2032	0.6839273
5130	1186	0.67470956
5131	3253	0.9981986
5131	2006	0.9934087
5131	316	0.9925948
5131	1569	0.992468
5131	165	0.9897586
5131	1049	0.9856459
5131	3261	0.9803057
5131	1683	0.94168514
5131	671	0.93345255
5131	1729	0.9188304
5132	111	0.99992794
5132	924	0.99988455
5132	908	0.9993119
5132	1228	0.9970237
5132	1231	0.9899937
5132	1931	0.98692673
5132	1219	0.9824699
5132	541	0.9656869
5132	1617	0.96356523
5132	1291	0.9582224
5133	3298	0.9986321
5133	2997	0.99686176
5133	2268	0.99597085
5133	2947	0.99594355
5133	2289	0.9943309
5133	1625	0.9923873
5133	1036	0.9859219
5133	2409	0.9805077
5133	1556	0.9692241
5133	2395	0.9631051
5134	541	0.9883971
5134	50	0.983592
5134	381	0.9800197
5134	1358	0.968789
5134	1694	0.9676174
5134	608	0.95952785
5134	2959	0.93525326
5134	3105	0.9102912
5134	1537	0.86952007
5134	2001	0.8562993
5135	2918	0.99654245
5135	2174	0.99473643
5135	2072	0.9930192
5135	1259	0.9648998
5135	3424	0.8213161
5135	2797	0.6690086
5135	2378	0.5947955
5135	2794	0.57431626
5135	593	0.5733227
5135	1136	0.48152965
5136	1527	0.9998263
5136	454	0.999395
5136	2762	0.9993781
5136	296	0.9993186
5136	345	0.999251
5136	2125	0.99817896
5136	593	0.9981091
5136	440	0.997774
5136	1584	0.9977523
5136	163	0.9943947
5137	2513	0.999848
5137	3253	0.98891395
5137	2746	0.9864608
5137	3243	0.9847821
5137	194	0.98398066
5137	1	0.98325276
5137	1644	0.9823282
5137	327	0.97815496
5137	1591	0.9777119
5137	1258	0.95937777
5138	1036	0.99974036
5138	2006	0.99959403
5138	457	0.9991169
5138	3421	0.99864864
5138	1221	0.99702346
5138	1356	0.99348474
5138	1196	0.98994136
5138	1293	0.98654485
5138	920	0.98581463
5138	527	0.97570777
5139	3160	0.9993619
5139	1304	0.9985045
5139	3072	0.99786204
5139	3421	0.9969465
5139	1485	0.99455285
5139	2023	0.9932896
5139	3422	0.9814286
5139	1228	0.9770501
5139	1784	0.97614956
5139	2109	0.9747808
5140	1961	0.9998814
5140	2106	0.9923196
5140	1784	0.9848437
5140	1584	0.9838145
5140	2648	0.9835253
5140	3418	0.9818824
5140	2324	0.97821915
5140	1385	0.9746696
5140	95	0.97321385
5140	1103	0.9727058
5141	610	0.99955857
5141	260	0.9987148
5141	2640	0.99400806
5141	1210	0.91009563
5141	541	0.7785033
5141	480	0.6916707
5141	2762	0.3799525
5141	2124	0.33656448
5141	1372	0.30557576
5141	1036	0.30017745
5142	2700	0.98800516
5142	1371	0.9867879
5142	1127	0.98514104
5142	17	0.97657955
5142	1620	0.9525815
5142	2028	0.9298299
5142	266	0.9003758
5142	2106	0.84058666
5142	73	0.7910975
5142	2989	0.7816092
5143	2395	0.9999186
5143	2712	0.9998942
5143	2599	0.99954844
5143	3255	0.99615836
5143	1266	0.98702157
5143	2997	0.979846
5143	2770	0.9779645
5143	141	0.9771905
5143	111	0.96378785
5143	2291	0.96271694
5144	3189	0.99999964
5144	3300	0.9821988
5144	3101	0.921974
5144	356	0.6263647
5144	957	0.37445182
5144	3316	0.15603471
5144	1702	0.12992468
5144	2540	0.12124765
5144	3176	0.07363382
5144	2858	0.014225066
5145	3006	0.9998735
5145	1459	0.99870163
5145	2396	0.9083855
5145	1484	0.84759307
5145	1625	0.8318646
5145	1985	0.82088375
5145	318	0.743063
5145	593	0.5505999
5145	1912	0.50735533
5145	1047	0.49203256
5146	3102	0.9980065
5146	2996	0.8774187
5146	3008	0.7604841
5146	2611	0.74001974
5146	2858	0.64124376
5146	2324	0.6207217
5146	1061	0.52213514
5146	3072	0.5094804
5146	3239	0.46808505
5146	1233	0.441158
5147	1653	0.99999917
5147	2841	0.9998352
5147	474	0.9983933
5147	1343	0.997306
5147	16	0.9970641
5147	454	0.9942435
5147	457	0.9930785
5147	377	0.98824716
5147	1909	0.9870841
5147	47	0.9685528
5148	2890	0.9996949
5148	778	0.9986844
5148	1673	0.9962975
5148	372	0.98786616
5148	345	0.9832432
5148	1840	0.9571655
5148	25	0.9534484
5148	2269	0.9270408
5148	2336	0.9126407
5148	2686	0.9118777
5149	3129	0.9999855
5149	3147	0.99935055
5149	2959	0.95171654
5149	858	0.8772012
5149	3006	0.7814331
5149	3081	0.6321636
5149	2076	0.56605464
5149	2692	0.50739974
5149	2712	0.46046713
5149	3362	0.36027074
5150	3114	0.9987643
5150	45	0.9919695
5150	224	0.9685054
5150	356	0.8636411
5150	110	0.7180582
5150	2858	0.6953394
5150	527	0.6823061
5150	412	0.64439803
5150	588	0.56787294
5150	260	0.5588692
5151	1059	0.9970969
5151	1028	0.9583091
5151	367	0.94716233
5151	2997	0.8786761
5151	3273	0.85117084
5151	1064	0.78367984
5151	3146	0.7346153
5151	1240	0.57451564
5151	3072	0.56139505
5151	1196	0.48085582
5152	1367	1.0
5152	1940	0.99907327
5152	1541	0.9962456
5152	2748	0.9857422
5152	19	0.976805
5152	2475	0.9283087
5152	564	0.91574216
5152	881	0.8968981
5152	409	0.87305623
5152	3005	0.8684057
5153	1265	0.9999385
5153	1747	0.97861665
5153	1270	0.9779977
5153	2746	0.9737419
5153	953	0.9691422
5153	919	0.963413
5153	2858	0.9633163
5153	317	0.9557058
5153	471	0.9357756
5153	1	0.8841368
5154	1573	0.996129
5154	593	0.9442612
5154	3156	0.93522775
5154	1674	0.8575864
5154	1994	0.82722974
5154	2571	0.7592499
5154	1982	0.71245575
5154	1196	0.6489569
5154	1270	0.6181847
5154	2641	0.5458328
5155	3267	0.51643956
5155	1345	0.34634054
5155	474	0.11030474
5155	32	0.053447336
5155	300	0.0532673
5155	260	0.03884515
5155	3418	0.032633007
5155	1584	0.022893906
5155	296	0.019793868
5155	608	0.014943689
5156	1230	0.98905236
5156	471	0.96915615
5156	2724	0.9686018
5156	2020	0.9542017
5156	3408	0.8979901
5156	3359	0.8933917
5156	1294	0.85839367
5156	1252	0.8335246
5156	2640	0.82683295
5156	3052	0.80811167
5157	1267	0.9999153
5157	1240	0.98498577
5157	111	0.96414834
5157	2762	0.8929298
5157	3196	0.70170426
5157	1301	0.6095871
5157	1253	0.5422433
5157	2117	0.4945905
5157	899	0.47174636
5157	2099	0.43680534
5158	2336	0.99977434
5158	1247	0.99952877
5158	1213	0.9977483
5158	1265	0.99094355
5158	1198	0.99093264
5158	800	0.9892659
5158	276	0.9762869
5158	1694	0.9657131
5158	1084	0.9613062
5158	898	0.8970446
5159	432	0.9712121
5159	1198	0.92710304
5159	2338	0.9030983
5159	2335	0.64726996
5159	1992	0.6037377
5159	1091	0.40798312
5159	1461	0.32021487
5159	1379	0.2968058
5159	2028	0.2389431
5159	2724	0.21228611
5160	1193	0.99931073
5160	3396	0.8603496
5160	923	0.7910305
5160	1278	0.78426266
5160	337	0.7470522
5160	527	0.7220163
5160	1230	0.7177624
5160	1704	0.675179
5160	1041	0.32394278
5160	36	0.24598315
5161	2248	0.99716413
5161	2997	0.99567676
5161	1204	0.99242955
5161	3095	0.98136544
5161	2641	0.97663033
5161	3396	0.9756173
5161	1089	0.96395355
5161	1285	0.95101756
5161	1198	0.94739103
5161	653	0.94694436
5162	2353	0.99530685
5162	1573	0.9805609
5162	2518	0.8908744
5162	10	0.7247791
5162	3107	0.7215597
5162	380	0.67891145
5162	474	0.65225345
5162	368	0.62090904
5162	1270	0.5647427
5162	2273	0.51299787
5163	1235	0.99994767
5163	2291	0.93597305
5163	2174	0.8945137
5163	1953	0.8440728
5163	1193	0.84175086
5163	2997	0.752934
5163	1441	0.7471552
5163	500	0.7095667
5163	1084	0.6806716
5163	1513	0.66726595
5164	1262	0.9992722
5164	1284	0.9977802
5164	1238	0.99498916
5164	608	0.9570199
5164	1294	0.8661407
5164	1292	0.854375
5164	745	0.83739233
5164	2067	0.8128985
5164	1095	0.7976315
5164	1148	0.7974868
5165	1900	0.9992907
5165	2313	0.99928164
5165	608	0.997352
5165	1225	0.996912
5165	1280	0.99550015
5165	2324	0.99169385
5165	2966	0.9881079
5165	2488	0.98657906
5165	1104	0.96977866
5165	1719	0.95551866
5166	2997	0.9999757
5166	213	0.99950475
5166	1280	0.9918808
5166	480	0.990028
5166	1953	0.9844098
5166	356	0.9843906
5166	265	0.97065663
5166	1277	0.93431586
5166	123	0.92325526
5166	364	0.77990216
5167	2883	0.99148786
5167	3175	0.9820489
5167	1301	0.98042816
5167	780	0.9665532
5167	1997	0.9661225
5167	3081	0.96380496
5167	2903	0.9609978
5167	1225	0.9464608
5167	1994	0.8947402
5167	318	0.8681338
5168	2355	0.93976575
5168	1641	0.9327019
5168	1210	0.8966149
5168	588	0.46630436
5168	1042	0.37841338
5168	2321	0.24221504
5168	2324	0.17691687
5168	1265	0.16539466
5168	1682	0.13080081
5168	2423	0.1245791
5169	805	0.99983567
5169	1617	0.99967015
5169	1356	0.99959373
5169	6	0.99951565
5169	1694	0.99857736
5169	1584	0.9955684
5169	647	0.99442005
5169	1213	0.9924415
5169	1385	0.9924238
5169	1299	0.98699796
5170	3182	0.99802816
5170	2700	0.99629664
5170	1734	0.94483966
5170	3176	0.8689519
5170	2692	0.7870833
5170	1304	0.77085197
5170	527	0.77035236
5170	2924	0.7599125
5170	745	0.73133546
5170	2028	0.71293205
5171	1210	0.99998194
5171	2011	0.9998348
5171	1376	0.99948215
5171	1374	0.9983306
5171	1270	0.9927647
5171	1291	0.98684216
5171	2470	0.9867095
5171	1097	0.95826596
5171	1019	0.7881912
5171	2628	0.7874069
5172	527	0.9970133
5172	1265	0.9931832
5172	551	0.9902934
5172	2054	0.9877479
5172	150	0.9733828
5172	1721	0.95942223
5172	1096	0.94476104
5172	590	0.87990344
5172	2028	0.8435734
5172	1079	0.8409528
5173	1882	0.9999883
5173	2701	0.99992704
5173	2353	0.9973526
5173	3175	0.99472976
5173	748	0.99414504
5173	3113	0.9815954
5173	494	0.92428553
5173	2278	0.9179969
5173	368	0.89112186
5173	474	0.88901895
5174	2951	0.9504033
5174	3326	0.9266772
5174	2858	0.86916584
5174	3355	0.7351383
5174	1966	0.66248375
5174	1617	0.60732913
5174	608	0.5489553
5174	3328	0.3430606
5174	2282	0.16224495
5174	2583	0.07954994
5175	1721	0.9999013
5175	1265	0.999181
5175	2396	0.9926637
5175	2028	0.9664172
5175	2581	0.9339459
5175	2861	0.7739707
5175	1674	0.6844341
5175	1078	0.6577612
5175	2628	0.65252763
5175	1	0.5861977
5176	2628	0.9086522
5176	2355	0.88028014
5176	1701	0.8130437
5176	480	0.71985936
5176	1222	0.5782972
5176	2683	0.42268902
5176	10	0.40472278
5176	356	0.38668466
5176	1196	0.33727738
5176	765	0.2700926
5177	2334	0.9999445
5177	1732	0.99954545
5177	2826	0.9983429
5177	1833	0.99800384
5177	2916	0.9964093
5177	1876	0.9951949
5177	292	0.9942409
5177	2692	0.9893476
5177	1372	0.98177665
5177	3052	0.9798639
5178	1285	0.99956846
5178	1235	0.99817437
5178	2336	0.91461724
5178	1073	0.9145081
5178	2572	0.9129845
5178	2688	0.9107146
5178	1334	0.9010164
5178	588	0.85455614
5178	3099	0.85251164
5178	3081	0.8433174
5179	1233	0.9941964
5179	908	0.99244416
5179	556	0.98663116
5179	345	0.80589634
5179	3179	0.80536896
5179	2028	0.7952127
5179	2469	0.7374288
5179	527	0.6652446
5179	1924	0.5768251
5179	50	0.540217
5180	1952	0.9972395
5180	1193	0.9908941
5180	2208	0.9837505
5180	950	0.9802791
5180	596	0.97779894
5180	1248	0.9651849
5180	3365	0.9585832
5180	1084	0.94878703
5180	260	0.90726876
5180	1264	0.8800465
5181	2605	0.998654
5181	2762	0.9929297
5181	1513	0.9823148
5181	2690	0.9712261
5181	2433	0.96595776
5181	2147	0.9240935
5181	2541	0.88888377
5181	2763	0.8784739
5181	2961	0.84633005
5181	2699	0.8202598
5182	1225	0.99969184
5182	2416	0.9993104
5182	1733	0.9971467
5182	1287	0.97723603
5182	529	0.96326464
5182	2369	0.84371316
5182	587	0.83967996
5182	1721	0.8166178
5182	2124	0.78543353
5182	350	0.775674
5183	2539	0.99984
5183	2355	0.99840784
5183	745	0.99752235
5183	1608	0.99683285
5183	165	0.9951967
5183	1792	0.9876771
5183	1275	0.9802902
5183	50	0.97550976
5183	2617	0.9746463
5183	1037	0.97417426
5184	1885	0.9987148
5184	2912	0.99726784
5184	39	0.99175644
5184	2571	0.98602104
5184	508	0.93918514
5184	69	0.89496326
5184	45	0.88067806
5184	2318	0.86604095
5184	1061	0.8645656
5184	1392	0.8594281
5185	2539	0.99451125
5185	1337	0.9867531
5185	141	0.9245094
5185	3354	0.91489744
5185	2572	0.87682843
5185	912	0.84190357
5185	909	0.7303478
5185	39	0.70242256
5185	1266	0.58266294
5185	2858	0.49062094
5186	1196	0.9999818
5186	2377	0.9997781
5186	1214	0.99943113
5186	1198	0.9994289
5186	2371	0.99576664
5186	1721	0.990576
5186	3101	0.9873708
5186	1909	0.97753835
5186	1200	0.97128254
5186	2423	0.96162224
5187	2000	0.9672632
5187	923	0.94500244
5187	1224	0.9374889
5187	926	0.91404104
5187	2571	0.9122484
5187	110	0.9032879
5187	39	0.8730583
5187	910	0.86065435
5187	1253	0.8180144
5187	1333	0.8093029
5188	2085	0.9999339
5188	1015	0.9921721
5188	2533	0.9893981
5188	924	0.98168886
5188	421	0.9510399
5188	2123	0.9458097
5188	1021	0.94424176
5188	1193	0.84539944
5188	1848	0.79384935
5188	54	0.7678242
5189	541	1.0
5189	1199	0.99890804
5189	750	0.9974612
5189	1214	0.959252
5189	2628	0.88913035
5189	2529	0.8356073
5189	1196	0.82734907
5189	904	0.7428951
5189	2193	0.64618886
5189	2396	0.6077023
5190	2096	0.9709147
5190	2081	0.9561642
5190	2078	0.8329705
5190	2080	0.79523265
5190	3396	0.73123163
5190	1947	0.6347824
5190	1022	0.57393736
5190	364	0.5485956
5190	2087	0.519514
5190	783	0.42031175
5191	589	0.99328804
5191	2028	0.98474777
5191	2890	0.98050964
5191	2396	0.96230954
5191	1610	0.95867527
5191	1393	0.9550199
5191	296	0.94692695
5191	1411	0.831828
5191	1500	0.72574306
5191	2916	0.68634164
5192	2701	0.99874973
5192	1831	0.97426134
5192	1573	0.90452504
5192	1197	0.8665594
5192	1136	0.8364893
5192	920	0.65468955
5192	2686	0.6503624
5192	1210	0.4239732
5192	1897	0.41700953
5192	2369	0.33520648
5193	2683	0.9997746
5193	1148	0.99860716
5193	2311	0.9953211
5193	759	0.9723461
5193	1095	0.9601704
5193	1253	0.9599862
5193	1208	0.957652
5193	1320	0.9431745
5193	720	0.93237364
5193	745	0.8936527
5194	2858	0.8937522
5194	1912	0.86639804
5194	2599	0.69703186
5194	1639	0.67882264
5194	2560	0.6733524
5194	1845	0.63086975
5194	2355	0.5475833
5194	2542	0.54596025
5194	2490	0.5361161
5194	1196	0.488419
5195	111	0.99962604
5195	1212	0.9980521
5195	3196	0.9974563
5195	2182	0.9963311
5195	949	0.99053955
5195	3035	0.98547137
5195	912	0.98246336
5195	920	0.98242414
5195	1230	0.97491366
5195	2206	0.948409
5196	1542	0.9990957
5196	2384	0.9808581
5196	2171	0.9643953
5196	892	0.91866374
5196	21	0.88212246
5196	3108	0.8335167
5196	2396	0.83096945
5196	1966	0.7384796
5196	39	0.6990366
5196	1180	0.639175
5197	3311	0.99877346
5197	553	0.92352474
5197	1204	0.7029797
5197	2124	0.6411584
5197	3082	0.32153672
5197	2820	0.31771466
5197	2269	0.22180465
5197	1374	0.20492098
5197	2896	0.20037934
5197	253	0.19688544
5198	3317	0.99988645
5198	2395	0.99433833
5198	1884	0.9933976
5198	587	0.98968536
5198	261	0.98871446
5198	3020	0.98514104
5198	802	0.9751688
5198	550	0.9739821
5198	104	0.95884776
5198	1183	0.9464514
5199	1259	0.99137723
5199	1198	0.9878217
5199	2355	0.98739994
5199	2791	0.96878576
5199	3408	0.94739586
5199	1234	0.9333571
5199	2248	0.9307182
5199	3286	0.9155366
5199	3301	0.91043806
5199	1	0.87873363
5200	60	0.9984588
5200	1848	0.98476267
5200	1073	0.9670925
5200	1086	0.95409536
5200	317	0.9405664
5200	367	0.9370333
5200	2174	0.9280509
5200	1282	0.8930756
5200	593	0.88369375
5200	1214	0.8770376
5201	1254	0.99999964
5201	969	0.99978495
5201	3152	0.9926779
5201	904	0.9897735
5201	1225	0.9861163
5201	111	0.97326195
5201	1953	0.95323384
5201	1947	0.9276676
5201	1203	0.92054653
5201	1694	0.90873027
5202	2019	0.9902564
5202	2905	0.9788946
5202	1213	0.96245253
5202	1278	0.6954907
5202	553	0.6242504
5202	3365	0.48367968
5202	2858	0.41929922
5202	1283	0.38580292
5202	1198	0.29522738
5202	858	0.1834889
5203	914	0.9977567
5203	3311	0.9820585
5203	246	0.94373584
5203	1050	0.939519
5203	1215	0.90469277
5203	123	0.8760197
5203	1249	0.83144796
5203	1721	0.741392
5203	1219	0.68182373
5203	1282	0.52884215
5204	3208	0.99995506
5204	1544	0.9999151
5204	1199	0.999871
5204	70	0.9987479
5204	648	0.998541
5204	380	0.9915981
5204	367	0.9908509
5204	2167	0.98453134
5204	1367	0.9709127
5204	1515	0.9625689
5205	2699	0.99484986
5205	1376	0.9773114
5205	2713	0.96761346
5205	2997	0.9555582
5205	2395	0.9541329
5205	185	0.93069136
5205	735	0.9107974
5205	2613	0.8561161
5205	493	0.8504175
5205	2393	0.8360727
5206	1721	0.99999523
5206	527	0.99478316
5206	2355	0.96575046
5206	2469	0.9132315
5206	2908	0.90302867
5206	1213	0.870329
5206	2501	0.7972781
5206	3362	0.7726116
5206	1961	0.6971005
5206	2406	0.6354322
5207	2020	0.99954855
5207	1244	0.99941564
5207	2065	0.99932396
5207	2973	0.9972763
5207	2290	0.98690355
5207	1211	0.9360252
5207	2779	0.9277587
5207	1965	0.8984838
5207	1447	0.6798637
5207	1097	0.59494185
5208	1270	0.99636763
5208	1127	0.98592484
5208	2291	0.97834337
5208	1407	0.9441503
5208	1617	0.91516566
5208	2396	0.8723359
5208	1909	0.86488473
5208	2916	0.8337631
5208	247	0.77422076
5208	1912	0.7558032
5209	1950	0.99324083
5209	1124	0.9487103
5209	2501	0.9047154
5209	2067	0.9015739
5209	2401	0.8162868
5209	2313	0.7982531
5209	805	0.78032863
5209	1250	0.76954925
5209	1961	0.70504105
5209	2890	0.67078537
5210	1035	0.99999833
5210	919	0.99753416
5210	920	0.9974892
5210	1136	0.99731475
5210	28	0.9945756
5210	1224	0.98850167
5210	1230	0.98122084
5210	908	0.9780283
5210	260	0.9703673
5210	914	0.9505016
5211	2640	0.99992025
5211	2528	0.9998667
5211	2532	0.99986076
5211	1527	0.998592
5211	2150	0.99858713
5211	1200	0.9969867
5211	1580	0.9964562
5211	788	0.99425644
5211	2804	0.98843044
5211	2916	0.9777235
5212	1283	0.9666479
5212	1196	0.96469885
5212	2186	0.92329025
5212	913	0.8256223
5212	1617	0.7650782
5212	1240	0.7461177
5212	3160	0.6784405
5212	2978	0.65984976
5212	111	0.6395626
5212	2648	0.6334778
5213	3285	0.9973614
5213	1961	0.9973524
5213	441	0.90378374
5213	356	0.8546343
5213	2858	0.7956333
5213	1923	0.74819845
5213	1968	0.5986796
5213	912	0.53690886
5213	2861	0.101162404
5213	1	0.08845326
5214	919	0.9920806
5214	1256	0.9822233
5214	1617	0.9629501
5214	1207	0.9505916
5214	2797	0.9102282
5214	3421	0.90633273
5214	1196	0.84039557
5214	1394	0.8287287
5214	111	0.77823806
5214	1961	0.7779288
5215	920	0.9994222
5215	2677	0.9786787
5215	446	0.9700711
5215	2971	0.9233881
5215	1968	0.4492484
5215	1147	0.38889274
5215	3251	0.2268439
5215	260	0.21428818
5215	1487	0.20720598
5215	1073	0.15439233
5216	527	0.9998145
5216	3250	0.97993165
5216	3203	0.8398767
5216	2908	0.7865995
5216	2683	0.6893546
5216	337	0.6357009
5216	296	0.44239405
5216	2694	0.3760392
5216	3114	0.30497566
5216	110	0.30182996
5217	2901	0.99999714
5217	2997	0.99997836
5217	3179	0.9981353
5217	1909	0.99428153
5217	750	0.98401487
5217	2968	0.9839039
5217	2428	0.98159146
5217	1301	0.9811301
5217	2700	0.97933316
5217	2672	0.9774632
5218	2138	0.9985804
5218	2017	0.99520683
5218	2021	0.98205286
5218	1009	0.9679047
5218	2161	0.9646599
5218	2140	0.95535487
5218	2141	0.85358965
5218	1214	0.71858984
5218	2018	0.6901238
5218	260	0.6164281
5219	2949	0.9985845
5219	380	0.9923699
5219	1047	0.9749658
5219	2762	0.97330284
5219	1101	0.97169906
5219	2373	0.94036067
5219	2826	0.8390396
5219	2490	0.7831373
5219	1552	0.7789433
5219	3418	0.7530512
5220	1222	0.99752927
5220	2133	0.98269916
5220	2613	0.95207274
5220	2248	0.89426446
5220	21	0.89200383
5220	1244	0.88094115
5220	1371	0.8733632
5220	1221	0.84915847
5220	322	0.83821595
5220	2988	0.7663852
5221	2186	0.99972934
5221	1284	0.9994252
5221	1225	0.99831736
5221	908	0.99656326
5221	924	0.980037
5221	1131	0.8116882
5221	928	0.6071515
5221	1961	0.4886068
5221	260	0.39170024
5221	1253	0.35129875
5222	852	0.9958304
5222	1231	0.99471056
5222	3114	0.99210143
5222	2968	0.9892835
5222	1196	0.98882353
5222	351	0.97895515
5222	1994	0.9683906
5222	3359	0.9659431
5222	1270	0.9641261
5222	552	0.9529965
5223	1222	0.99952716
5223	175	0.9956982
5223	574	0.9949665
5223	1059	0.97859526
5223	1527	0.97802335
5223	2734	0.9650148
5223	1259	0.9602043
5223	1297	0.9590063
5223	2857	0.95757174
5223	788	0.95270777
5224	2532	0.9946834
5224	2820	0.9904344
5224	2434	0.9408909
5224	1099	0.883021
5224	2533	0.88021433
5224	3408	0.8294486
5224	80	0.74978405
5224	3142	0.6107569
5224	2410	0.51145595
5224	2531	0.51097673
5225	69	0.9994106
5225	1517	0.9981969
5225	2858	0.9978436
5225	543	0.99430645
5225	500	0.9926653
5225	112	0.9917571
5225	344	0.9874775
5225	2617	0.9819547
5225	1513	0.9775346
5225	1747	0.97629607
5226	2712	0.99789715
5226	1221	0.97444177
5226	3408	0.9734403
5226	2116	0.9198931
5226	110	0.9158945
5226	1240	0.8861771
5226	58	0.8125578
5226	1617	0.8007419
5226	3384	0.761709
5226	2023	0.66917527
5227	1385	0.998
5227	377	0.9978075
5227	1597	0.9963892
5227	533	0.9954533
5227	2807	0.99348664
5227	2616	0.9919158
5227	457	0.99086034
5227	1320	0.8319577
5227	442	0.79098153
5227	1488	0.72499335
5228	356	0.9982358
5228	1266	0.9241387
5228	1242	0.90808284
5228	180	0.8513824
5228	3301	0.8341007
5228	527	0.79147834
5228	1704	0.7769977
5228	318	0.6095316
5228	1104	0.56002176
5228	2804	0.41236117
5229	2392	0.9990941
5229	2881	0.99861383
5229	3203	0.9910372
5229	2770	0.9813818
5229	3219	0.97037995
5229	407	0.90473425
5229	2720	0.90472806
5229	2906	0.856797
5229	2701	0.72321856
5229	2900	0.67420775
5230	1088	0.99986506
5230	2100	0.9936739
5230	1408	0.99193954
5230	914	0.98965394
5230	1617	0.98627424
5230	541	0.96003544
5230	1835	0.9594077
5230	2174	0.9555034
5230	2028	0.9317478
5230	1101	0.9241134
5231	589	0.9972708
5231	2687	0.98732567
5231	2986	0.9861522
5231	1200	0.82496405
5231	2448	0.7810401
5231	1831	0.74746776
5231	1201	0.5288248
5231	1127	0.52825594
5231	1097	0.49480295
5231	1584	0.47510627
5232	3052	0.9999966
5232	741	0.9998487
5232	1214	0.99980354
5232	2393	0.99971354
5232	2826	0.9994303
5232	2529	0.9855287
5232	2414	0.96762025
5232	1077	0.9635769
5232	1274	0.9274017
5232	2006	0.8595509
5233	1617	0.9987888
5233	912	0.9971623
5233	2253	0.99604356
5233	1280	0.99291676
5233	47	0.99284077
5233	838	0.9926926
5233	2599	0.99223244
5233	1721	0.9904147
5233	1247	0.9868418
5233	1219	0.9841609
5234	3210	0.99971986
5234	1188	0.99876475
5234	1277	0.9986696
5234	1078	0.9977852
5234	1517	0.99659693
5234	2396	0.989667
5234	1	0.9865308
5234	497	0.98473716
5234	1041	0.9805373
5234	898	0.97255576
5235	1148	0.99996245
5235	2858	0.9997655
5235	2396	0.9841541
5235	1883	0.98407376
5235	1	0.93616605
5235	1965	0.8646794
5235	2571	0.6901407
5235	1127	0.6763118
5235	1955	0.6604506
5235	2469	0.63241875
5236	3255	0.99998564
5236	1584	0.9997914
5236	1639	0.9997064
5236	2501	0.99951917
5236	2423	0.99155176
5236	3108	0.9846107
5236	457	0.9832394
5236	1393	0.98132026
5236	2997	0.9803524
5236	608	0.9793948
5237	1196	0.9995029
5237	1291	0.9990785
5237	1580	0.9990225
5237	2628	0.99861586
5237	1198	0.9722978
5237	2791	0.9658284
5237	1394	0.9577598
5237	1552	0.8962437
5237	2804	0.8956796
5237	1197	0.83049905
5238	2565	0.9998379
5238	1088	0.9910021
5238	374	0.9896133
5238	527	0.97676396
5238	1022	0.88465333
5238	50	0.85750747
5238	608	0.8289794
5238	1032	0.80251205
5238	1415	0.6636311
5238	3105	0.5329509
5239	1222	0.99782354
5239	1674	0.997349
5239	2997	0.99545455
5239	3102	0.99356306
5239	2858	0.98990476
5239	2518	0.9867437
5239	1953	0.9823948
5239	1124	0.97511977
5239	924	0.9474383
5239	2746	0.94055396
5240	357	0.99978304
5240	3052	0.99932766
5240	265	0.99858904
5240	2943	0.99617946
5240	1678	0.98494005
5240	1537	0.97316754
5240	2692	0.9265561
5240	838	0.9188775
5240	2671	0.8432591
5240	902	0.77165866
5241	902	0.9953151
5241	3067	0.99487126
5241	2599	0.99186885
5241	2266	0.9803895
5241	2025	0.9714011
5241	2997	0.96682656
5241	232	0.96670866
5241	2174	0.9619062
5241	1300	0.9570786
5241	2581	0.90352803
5242	3179	0.9855192
5242	2596	0.98472184
5242	2959	0.98284805
5242	1249	0.9621007
5242	2173	0.95617414
5242	2396	0.95592153
5242	434	0.95087266
5242	2908	0.94868577
5242	1232	0.93859446
5242	327	0.93506014
5243	1196	0.9980718
5243	2640	0.9963815
5243	3114	0.980605
5243	2028	0.96864605
5243	924	0.94236463
5243	2355	0.8611606
5243	1291	0.7693793
5243	318	0.7686143
5243	32	0.7434036
5243	1197	0.607542
5244	2161	0.99982214
5244	10	0.9930104
5244	2006	0.9609189
5244	3408	0.9237236
5244	527	0.822544
5244	2093	0.7278945
5244	3160	0.7011872
5244	577	0.6121347
5244	3176	0.5298919
5244	1198	0.37771758
5245	2891	0.9832869
5245	2417	0.95874554
5245	3414	0.8285556
5245	1279	0.8239196
5245	2712	0.81808615
5245	1580	0.79570913
5245	3083	0.7910577
5245	3160	0.70236665
5245	348	0.6705622
5245	2369	0.49987096
5246	2716	0.99655294
5246	3176	0.96420795
5246	2580	0.45254397
5246	3053	0.4181545
5246	1894	0.2467652
5246	2722	0.22776502
5246	2702	0.20703629
5246	2826	0.20228198
5246	1885	0.17898673
5246	345	0.15005824
5247	2702	0.99726444
5247	2699	0.9938248
5247	1261	0.98435247
5247	3160	0.9528798
5247	2987	0.9488925
5247	1923	0.89945936
5247	2572	0.8780998
5247	2428	0.8756681
5247	2908	0.82579875
5247	2395	0.8255538
5248	3037	0.9999746
5248	2287	0.9999467
5248	2724	0.9999454
5248	1265	0.9998708
5248	3299	0.99836516
5248	1278	0.99795926
5248	952	0.9960238
5248	1580	0.99146277
5248	1441	0.9905226
5248	2352	0.98469865
5249	1779	0.99833906
5249	1792	0.9975507
5249	2153	0.994311
5249	22	0.9419408
5249	1438	0.9337945
5249	1597	0.8855853
5249	185	0.8040749
5249	81	0.7538383
5249	1600	0.7408625
5249	1221	0.68723214
5250	17	0.9999723
5250	1673	0.9970324
5250	858	0.99085444
5250	532	0.9848038
5250	1214	0.97995615
5250	318	0.9768836
5250	899	0.9554343
5250	590	0.94866616
5250	1566	0.93420714
5250	1586	0.89877355
5251	2966	0.9998877
5251	2174	0.99294364
5251	2391	0.9891727
5251	367	0.98567426
5251	2599	0.9833763
5251	1393	0.98187613
5251	1589	0.9772626
5251	1683	0.968763
5251	2353	0.96835613
5251	246	0.96342707
5252	50	0.8518288
5252	1196	0.8424634
5252	2517	0.78658175
5252	1466	0.7589961
5252	3145	0.71554077
5252	296	0.60178226
5252	1945	0.3053718
5252	3298	0.21327633
5252	1230	0.21188661
5252	541	0.19819105
5253	1617	0.9974377
5253	1348	0.9885447
5253	914	0.9654207
5253	3196	0.94361454
5253	2398	0.9267336
5253	1212	0.9244026
5253	432	0.8916218
5253	1945	0.8783399
5253	2303	0.83012384
5253	1358	0.8041711
5254	1407	0.99995184
5254	3409	0.99920034
5254	2716	0.9933977
5254	2427	0.98589987
5254	2395	0.9837092
5254	1215	0.9733602
5254	2959	0.9724651
5254	3219	0.97170204
5254	1370	0.96332145
5254	778	0.9589371
5255	1032	0.9999994
5255	434	0.99996513
5255	370	0.9999355
5255	1224	0.9995415
5255	928	0.9994303
5255	969	0.9985353
5255	3302	0.99036145
5255	1218	0.97620046
5255	2141	0.9648559
5255	924	0.95673525
5256	318	0.9993846
5256	2431	0.986279
5256	2470	0.9648231
5256	163	0.9366889
5256	1721	0.9333062
5256	1956	0.9314209
5256	1385	0.91593015
5256	1172	0.78258336
5256	2070	0.7634723
5256	588	0.7405729
5257	1211	0.99958205
5257	2203	0.99937093
5257	2973	0.9966985
5257	2396	0.99286747
5257	2935	0.99179107
5257	905	0.9768535
5257	593	0.9410842
5257	1238	0.9196677
5257	562	0.9056484
5257	1269	0.88261616
5258	544	0.99499
5258	707	0.9264385
5258	50	0.88308454
5258	2355	0.8417032
5258	2070	0.72670627
5258	2516	0.7258345
5258	315	0.45974794
5258	1294	0.43292543
5258	1518	0.34680423
5258	1523	0.31302157
5259	920	0.998399
5259	3418	0.93137795
5259	2324	0.930755
5259	953	0.91927373
5259	1953	0.90409243
5259	1247	0.88721406
5259	2657	0.67938435
5259	81	0.6101271
5259	451	0.5745811
5259	750	0.5458219
5260	1193	0.9995818
5260	1300	0.9990134
5260	1234	0.99759454
5260	1185	0.9889891
5260	1189	0.98651016
5260	549	0.9795983
5260	2973	0.97775817
5260	908	0.9749354
5260	3253	0.9595889
5260	1246	0.9582312
5261	1287	0.99695843
5261	3334	0.9968863
5261	1954	0.98945236
5261	2571	0.9891129
5261	2916	0.9890848
5261	2058	0.98853254
5261	2013	0.9838708
5261	1200	0.9790442
5261	1617	0.9506223
5261	1949	0.94948715
5262	2672	0.99847686
5262	2023	0.9899746
5262	3157	0.9883181
5262	3147	0.9875844
5262	3185	0.9822093
5262	3176	0.9489589
5262	1748	0.9481851
5262	1959	0.92140937
5262	2369	0.8650644
5262	2746	0.83654153
5263	1220	0.99983025
5263	2194	0.97229373
5263	1215	0.96843433
5263	678	0.8949522
5263	2414	0.88892984
5263	3037	0.86110604
5263	2427	0.74222374
5263	2401	0.72320414
5263	480	0.53122747
5263	2662	0.48975748
5264	1036	0.9953115
5264	1200	0.9907689
5264	1307	0.990235
5264	3265	0.98742294
5264	1201	0.9859531
5264	1225	0.9839599
5264	2124	0.98352456
5264	110	0.98309124
5264	2294	0.98130417
5264	514	0.9631125
5265	916	0.9957093
5265	1270	0.9643818
5265	1292	0.94801843
5265	1198	0.93099844
5265	3362	0.9129958
5265	3104	0.89873445
5265	3093	0.88451594
5265	608	0.8790763
5265	1172	0.8656156
5265	1307	0.84307873
5266	2908	0.9983493
5266	3006	0.97635037
5266	2959	0.9478539
5266	1704	0.8976382
5266	111	0.4022193
5266	2997	0.3343895
5266	1694	0.31227243
5266	246	0.28631866
5266	529	0.22711974
5266	2628	0.20914212
5267	3238	0.99889994
5267	2746	0.99854374
5267	529	0.99737835
5267	2976	0.9964558
5267	3185	0.9949181
5267	3157	0.9941138
5267	3033	0.98736477
5267	1625	0.9867673
5267	780	0.9832306
5267	670	0.97369516
5268	2699	0.998345
5268	1285	0.9850239
5268	1231	0.9824536
5268	2713	0.9780959
5268	3175	0.9735386
5268	1882	0.96877944
5268	2110	0.966936
5268	2872	0.9350008
5268	733	0.93436515
5268	2802	0.8797811
5269	3087	0.9984136
5269	1845	0.99045986
5269	1240	0.9893141
5269	1721	0.9869518
5269	1923	0.9681639
5269	2028	0.96239865
5269	1958	0.94031465
5269	2054	0.91283417
5269	1633	0.89166844
5269	3040	0.88289344
5270	2455	0.99389803
5270	1350	0.9888773
5270	2490	0.9811378
5270	1320	0.9791469
5270	480	0.93017256
5270	2699	0.9116701
5270	2987	0.8841382
5270	1221	0.8583386
5270	2841	0.7706382
5270	1961	0.71175635
5271	908	0.9972615
5271	454	0.9967067
5271	1208	0.9890779
5271	1610	0.985006
5271	1171	0.9820615
5271	2110	0.9814415
5271	1036	0.9778756
5271	1247	0.97029936
5271	515	0.96621025
5271	1956	0.96138585
5272	2706	0.99694014
5272	2997	0.9958987
5272	1270	0.99537
5272	1257	0.9939115
5272	2918	0.9935856
5272	1193	0.9799217
5272	2374	0.8441925
5272	2541	0.81833625
5272	44	0.8123276
5272	1288	0.77929074
5273	1367	0.99995285
5273	1276	0.99940526
5273	527	0.9983469
5273	2671	0.9888217
5273	2289	0.9856949
5273	1077	0.9562472
5273	1220	0.9535595
5273	2352	0.94714457
5273	272	0.9451151
5273	1277	0.9446281
5274	1219	0.99999875
5274	908	0.9999485
5274	1977	0.9998549
5274	923	0.9995736
5274	1237	0.9924647
5274	2995	0.9913393
5274	3363	0.9912528
5274	2706	0.9854251
5274	912	0.97408223
5274	1995	0.94611853
5275	1396	0.9998397
5275	1299	0.9982487
5275	1719	0.9969053
5275	364	0.99310505
5275	953	0.9904885
5275	32	0.9871496
5275	1015	0.97884905
5275	1653	0.95909184
5275	1213	0.9376939
5275	1704	0.92677486
5276	1233	0.99997145
5276	2858	0.9990026
5276	1610	0.9985179
5276	380	0.9976628
5276	1580	0.9910539
5276	112	0.987494
5276	589	0.9843034
5276	1537	0.9683384
5276	2353	0.96125424
5276	2355	0.9545902
5277	920	0.9986855
5277	1147	0.996001
5277	2916	0.99564636
5277	2858	0.98632586
5277	1566	0.98627603
5277	2020	0.98590016
5277	858	0.98496354
5277	465	0.97828543
5277	2429	0.97788924
5277	904	0.97423196
5278	2628	0.9999957
5278	3156	0.9999814
5278	1876	0.9955835
5278	1921	0.97164255
5278	435	0.87737876
5278	2840	0.8640637
5278	1214	0.72975147
5278	2248	0.71457064
5278	1973	0.70862746
5278	1247	0.70350075
5279	58	0.9999995
5279	1277	0.9997946
5279	1947	0.96432614
5279	1088	0.925552
5279	1073	0.8356775
5279	2406	0.7714931
5279	150	0.65658385
5279	2168	0.6361267
5279	969	0.5453234
5279	1259	0.5029758
5280	2712	0.9999795
5280	2976	0.9903179
5280	2692	0.98123235
5280	3160	0.9666498
5280	2329	0.95495254
5280	1059	0.9070418
5280	1097	0.8575722
5280	589	0.78257656
5280	1466	0.67121756
5280	3081	0.5958415
5281	2683	0.9981806
5281	357	0.9912436
5281	1210	0.96067894
5281	1376	0.9550795
5281	39	0.9540962
5281	2746	0.8962351
5281	3397	0.8586644
5281	2723	0.85754406
5281	52	0.8458297
5281	3033	0.794911
5282	1777	0.9988443
5282	1875	0.9987651
5282	3175	0.989015
5282	720	0.97468007
5282	1285	0.9431721
5282	3247	0.91454995
5282	1918	0.8920001
5282	3097	0.846051
5282	1079	0.8330225
5282	3421	0.80442786
5283	1676	0.99970996
5283	3175	0.98141074
5283	1249	0.9759147
5283	809	0.96742034
5283	1374	0.9585949
5283	1204	0.91948986
5283	3145	0.7965804
5283	1967	0.7679468
5283	2078	0.75884664
5283	2123	0.7270282
5284	1196	0.9995284
5284	1265	0.99879014
5284	1219	0.99264157
5284	1617	0.98985046
5284	1374	0.9880948
5284	1	0.9863687
5284	457	0.9828555
5284	2716	0.9734186
5284	595	0.9580741
5284	899	0.95431983
5285	2706	0.99823713
5285	3081	0.99054503
5285	2826	0.9228232
5285	3005	0.9127334
5285	2976	0.82672155
5285	3175	0.082659304
5285	2712	0.079960525
5285	3051	0.06092903
5285	1270	0.03206286
5285	3176	0.030380964
5286	2174	0.99994045
5286	235	0.99984646
5286	417	0.9996847
5286	1136	0.99949765
5286	3396	0.99654055
5286	2858	0.99435484
5286	3421	0.9886114
5286	1517	0.96923625
5286	1080	0.9270106
5286	1028	0.9014102
5287	2150	0.99995714
5287	260	0.9909651
5287	3394	0.98033637
5287	2990	0.9793657
5287	2136	0.9432933
5287	2736	0.9403151
5287	3132	0.93542033
5287	3101	0.8976171
5287	3016	0.8953495
5287	2402	0.88207173
5288	2973	0.9999944
5288	1225	0.99889636
5288	1090	0.9963703
5288	3111	0.9955094
5288	1131	0.9761711
5288	1674	0.9631201
5288	1222	0.9603351
5288	3067	0.95775324
5288	3112	0.9388075
5288	1210	0.935745
5289	1207	0.9999902
5289	1186	0.99913335
5289	3071	0.995695
5289	1127	0.9399801
5289	123	0.92852706
5289	1962	0.9226537
5289	3210	0.9070326
5289	2140	0.8849696
5289	1077	0.84737045
5289	2150	0.81746304
5290	2995	0.99812114
5290	3147	0.997923
5290	491	0.99772364
5290	2959	0.9969949
5290	2797	0.99624443
5290	1982	0.992975
5290	2459	0.98638374
5290	1977	0.98118424
5290	2712	0.9759847
5290	2997	0.9736436
5291	1276	0.99940073
5291	1247	0.987051
5291	1299	0.9528702
5291	1266	0.9385798
5291	1136	0.9349532
5291	2064	0.9310546
5291	1234	0.91133565
5291	2289	0.90512115
5291	2020	0.8751204
5291	1945	0.8554603
5292	2908	0.99964035
5292	2303	0.9993893
5292	2533	0.97824156
5292	2969	0.91881454
5292	1945	0.74016666
5292	2019	0.7354202
5292	1263	0.69738185
5292	3134	0.5165526
5292	3224	0.4634474
5292	2313	0.43568152
5293	3114	0.9999926
5293	2762	0.99993265
5293	150	0.9978627
5293	593	0.99633825
5293	1617	0.9927928
5293	1148	0.9926191
5293	529	0.98638487
5293	3006	0.9799923
5293	523	0.97254944
5293	58	0.9621202
5294	3175	0.99966824
5294	2021	0.98690283
5294	1200	0.9863753
5294	1375	0.9808395
5294	2529	0.9770098
5294	2997	0.96941996
5294	1206	0.9599521
5294	2600	0.91083854
5294	589	0.9030145
5294	3052	0.86291385
5295	2078	0.69983685
5295	1196	0.061635345
5295	588	0.03897077
5295	3114	0.035135537
5295	2369	0.02859363
5295	1073	0.026571333
5295	858	0.021897793
5295	1028	0.020793527
5295	1276	0.01800704
5295	2288	0.0075094104
5296	1784	0.999797
5296	1641	0.99846345
5296	2352	0.99838203
5296	39	0.99731195
5296	2770	0.9963517
5296	1569	0.9951774
5296	1517	0.9942194
5296	1777	0.9940876
5296	2683	0.99338865
5296	1193	0.9699118
5297	2858	0.8111085
5297	3256	0.6857625
5297	608	0.58867455
5297	1625	0.3723666
5297	1792	0.19196507
5297	2827	0.1383906
5297	349	0.09265694
5297	3005	0.08133066
5297	1580	0.07036963
5297	2997	0.05632046
5298	1019	0.99629474
5298	924	0.9924391
5298	1372	0.9898907
5298	2087	0.9781974
5298	1199	0.8975867
5298	2021	0.8907809
5298	2657	0.8624678
5298	1301	0.76468575
5298	2009	0.5383485
5298	1374	0.46405384
5299	260	0.99998355
5299	2010	0.9996822
5299	1248	0.9938311
5299	1199	0.99295914
5299	1214	0.98345876
5299	1200	0.9304741
5299	942	0.8995452
5299	480	0.7319392
5299	858	0.622201
5299	674	0.5777502
5300	3174	0.9999937
5300	1885	0.9996193
5300	3070	0.9991816
5300	2295	0.99607646
5300	2804	0.9960606
5300	1784	0.9944266
5300	223	0.9874992
5300	3157	0.97091186
5300	3178	0.94611603
5300	2174	0.94139564
5301	2688	0.9996271
5301	913	0.9982257
5301	2720	0.9975686
5301	1962	0.99263656
5301	3114	0.9889704
5301	1302	0.9886328
5301	1240	0.9838779
5301	2959	0.95468974
5301	1994	0.9267949
5301	2712	0.9172077
5302	350	0.99969673
5302	3396	0.99473834
5302	2078	0.99145615
5302	1203	0.9597563
5302	1416	0.939649
5302	2297	0.8898944
5302	586	0.88940096
5302	934	0.83603525
5302	2599	0.8086173
5302	357	0.7905232
5303	858	0.99940825
5303	1096	0.97997856
5303	1196	0.9717462
5303	2243	0.9308553
5303	1131	0.92643404
5303	1132	0.92490053
5303	446	0.923982
5303	527	0.8647614
5303	1961	0.85168195
5303	1305	0.7891704
5304	318	0.9987229
5304	3082	0.9917296
5304	2501	0.9448297
5304	2966	0.8807747
5304	1625	0.6583963
5304	527	0.28880966
5304	3005	0.21593243
5304	2329	0.14090383
5304	670	0.088094234
5304	1041	0.068178535
5305	1215	0.9997513
5305	1748	0.9993267
5305	2282	0.9981529
5305	1028	0.99814653
5305	2712	0.9926759
5305	590	0.97399867
5305	2028	0.9713026
5305	1339	0.9486188
5305	1207	0.94783616
5305	1639	0.93571746
5306	2571	0.9977131
5306	1722	0.99408424
5306	2746	0.9901447
5306	440	0.9897773
5306	2081	0.98051715
5306	2108	0.9734953
5306	2126	0.9642571
5306	1500	0.94197893
5306	480	0.91221994
5306	1079	0.8754824
5307	367	0.9999853
5307	2628	0.9997857
5307	1653	0.99973416
5307	2	0.9991523
5307	2453	0.97965145
5307	317	0.9352353
5307	1573	0.8338084
5307	2094	0.72488457
5307	1196	0.6071547
5307	1210	0.59482294
5308	260	0.99997807
5308	2985	0.99863183
5308	2529	0.9964194
5308	589	0.95035255
5308	1584	0.9246578
5308	1356	0.89098454
5308	2363	0.28351694
5308	858	0.22115037
5308	2916	0.11609343
5308	3175	0.098742425
5309	223	0.99986446
5309	260	0.99736863
5309	1198	0.9608151
5309	1197	0.9278629
5309	1210	0.9051533
5309	1036	0.90314966
5309	1617	0.8733406
5309	1240	0.8075949
5309	608	0.66207516
5309	2710	0.65377545
5310	1085	0.9999425
5310	912	0.99879086
5310	973	0.9987213
5310	1935	0.9970753
5310	1940	0.99353766
5310	2565	0.9826919
5310	2670	0.9805909
5310	2976	0.97819126
5310	3406	0.92408824
5310	3097	0.8304042
5311	2122	0.9987353
5311	2886	0.9959929
5311	2202	0.9751564
5311	2467	0.91797745
5311	290	0.71858907
5311	1344	0.67380667
5311	1214	0.6578237
5311	438	0.64697886
5311	1503	0.45975405
5311	608	0.45769915
5312	923	0.9892012
5312	2167	0.9832134
5312	1747	0.9677264
5312	1408	0.9149804
5312	1269	0.8923834
5312	17	0.87064576
5312	34	0.811236
5312	1617	0.8004711
5312	2359	0.77917856
5312	2863	0.7647382
5313	3417	0.9989655
5313	1069	0.99153984
5313	1935	0.9731637
5313	2015	0.968065
5313	2357	0.95876527
5313	919	0.8531037
5313	914	0.8461554
5313	1028	0.75743914
5313	1942	0.7100208
5313	969	0.6865579
5314	2858	0.9785048
5314	17	0.9782969
5314	47	0.9712174
5314	527	0.9408113
5314	1617	0.70597583
5314	1259	0.53162736
5314	50	0.41344056
5314	2762	0.30677986
5314	500	0.24295774
5314	1615	0.23963791
5315	3113	0.9523624
5315	2688	0.8783078
5315	2690	0.85771525
5315	2840	0.85672617
5315	2028	0.73328173
5315	2433	0.7332527
5315	2763	0.7149122
5315	3005	0.71111095
5315	2395	0.6917269
5315	2762	0.68372315
5316	3081	0.9856808
5316	2858	0.96914625
5316	1197	0.96181446
5316	2712	0.95472467
5316	2324	0.7648989
5316	2683	0.73929495
5316	260	0.6991947
5316	1	0.62126076
5316	223	0.42897174
5316	785	0.38980222
5317	2132	0.97936714
5317	2384	0.9678311
5317	3361	0.9652351
5317	260	0.96184534
5317	2599	0.95357984
5317	2374	0.9493184
5317	3152	0.94617236
5317	3108	0.9292624
5317	2312	0.92572784
5317	454	0.9082413
5318	1722	0.9985418
5318	1573	0.9983751
5318	2640	0.99438506
5318	1387	0.99112177
5318	589	0.9882983
5318	2406	0.95536727
5318	316	0.9480505
5318	3175	0.9452301
5318	110	0.93276954
5318	3107	0.7570441
5319	595	0.9946315
5319	1175	0.9887196
5319	1199	0.9748589
5319	733	0.97441655
5319	3114	0.94538975
5319	296	0.9035578
5319	1079	0.9004823
5319	2116	0.88531613
5319	2640	0.85229003
5319	2826	0.820921
5320	2687	0.9999961
5320	858	0.99764633
5320	48	0.9877296
5320	553	0.9757322
5320	2355	0.8580444
5320	34	0.61266035
5320	2700	0.17208701
5320	2294	0.13238165
5320	3159	0.10786733
5320	1266	0.081341684
5321	1265	0.99932295
5321	2710	0.9966053
5321	2335	0.99611515
5321	1294	0.99563974
5321	2716	0.9909989
5321	1834	0.9867289
5321	2571	0.98124325
5321	1247	0.980705
5321	2987	0.97038245
5321	2115	0.9681704
5322	10	0.9999112
5322	1198	0.9994362
5322	1722	0.99304354
5322	2571	0.9924233
5322	3160	0.9682121
5322	2763	0.9448489
5322	919	0.93683916
5322	3114	0.92165965
5322	2	0.9164727
5322	1296	0.8960867
5323	2490	0.9998771
5323	2944	0.9998753
5323	2805	0.9929868
5323	2912	0.98649967
5323	1036	0.984177
5323	969	0.9831282
5323	3005	0.97850585
5323	3267	0.9725298
5323	2188	0.94443107
5323	2600	0.9392334
5324	223	0.99974763
5324	1961	0.99957776
5324	342	0.99670815
5324	1059	0.9934143
5324	3114	0.9918879
5324	3175	0.9910191
5324	1500	0.982142
5324	1573	0.9806912
5324	1089	0.9789939
5324	2571	0.97742015
5325	111	0.999977
5325	1193	0.99990475
5325	1961	0.9948323
5325	1086	0.99152195
5325	527	0.9019468
5325	1080	0.858153
5325	36	0.78976405
5325	1207	0.7560921
5325	2858	0.6329542
5325	300	0.5455376
5326	2186	0.99968386
5326	1189	0.9996773
5326	3019	0.9988257
5326	2863	0.9979513
5326	247	0.9975675
5326	318	0.9970338
5326	953	0.99571466
5326	2212	0.9954193
5326	1257	0.99489164
5326	2804	0.98956645
5327	2973	0.9987807
5327	2262	0.9924344
5327	2289	0.9445449
5327	3398	0.9410848
5327	3362	0.9174439
5327	1234	0.9131846
5327	1257	0.9091512
5327	2797	0.8910238
5327	1127	0.8880983
5327	1285	0.8830948
5328	25	0.9999223
5328	1188	0.9992043
5328	858	0.98785114
5328	1120	0.98720896
5328	1916	0.9826345
5328	1357	0.9773005
5328	1196	0.97242683
5328	527	0.96030086
5328	308	0.9541546
5328	155	0.9482721
5329	1292	0.99976295
5329	1246	0.99967635
5329	3362	0.9993326
5329	223	0.99777764
5329	2240	0.99769914
5329	920	0.9964314
5329	1962	0.9955305
5329	1208	0.9947589
5329	3070	0.991585
5329	3261	0.9847902
5330	2731	0.9997838
5330	978	0.99777544
5330	1237	0.99527454
5330	593	0.98924124
5330	3006	0.98483145
5330	190	0.94824
5330	28	0.9109467
5330	3201	0.8875021
5330	1193	0.6688175
5330	2959	0.66760796
5331	58	0.9995733
5331	150	0.9990037
5331	539	0.99858594
5331	1923	0.9970377
5331	1784	0.99448067
5331	1293	0.99193877
5331	1721	0.989047
5331	2791	0.9841298
5331	21	0.9787742
5331	2720	0.9757965
5332	145	0.9999999
5332	1201	0.99999917
5332	1676	0.9999862
5332	2334	0.9994241
5332	2985	0.99871814
5332	1215	0.99807405
5332	2278	0.996665
5332	1955	0.99649894
5332	442	0.99644315
5332	552	0.99302155
5333	357	0.9997715
5333	1290	0.9868272
5333	1645	0.9826491
5333	1408	0.9802505
5333	592	0.9794833
5333	2739	0.9623455
5333	1641	0.9426663
5333	688	0.9037428
5333	2252	0.8874306
5333	1974	0.8690695
5334	3309	0.99571204
5334	1026	0.994815
5334	621	0.9880319
5334	314	0.986663
5334	2752	0.9850056
5334	910	0.97932494
5334	152	0.93791986
5334	490	0.9171363
5334	1300	0.8162527
5334	969	0.7332346
5335	246	0.99999434
5335	535	0.9992169
5335	2391	0.99874926
5335	3210	0.99851406
5335	1304	0.998188
5335	1952	0.99764466
5335	1288	0.9886557
5335	111	0.9779844
5335	1923	0.9660293
5335	1198	0.9654491
5336	1610	0.9999478
5336	940	0.997453
5336	2947	0.99710435
5336	590	0.99249375
5336	1240	0.97058034
5336	736	0.9633702
5336	208	0.9538449
5336	260	0.92483526
5336	1196	0.9219936
5336	3098	0.86123097
5337	2406	0.99929035
5337	3088	0.99132055
5337	3361	0.99009013
5337	592	0.9898049
5337	2161	0.9895357
5337	1028	0.9849424
5337	3421	0.9787713
5337	858	0.9706477
5337	440	0.96760994
5337	2968	0.96248454
5338	2455	0.9981921
5338	1653	0.9947611
5338	750	0.9896994
5338	3033	0.980618
5338	1270	0.97977555
5338	1356	0.5905647
5338	1965	0.4862607
5338	356	0.45590448
5338	1921	0.17760515
5338	2661	0.09715667
5339	2476	0.9979198
5339	1101	0.99711406
5339	589	0.9968885
5339	442	0.99411845
5339	2115	0.9935451
5339	2406	0.9833919
5339	1580	0.9748008
5339	110	0.95821166
5339	1376	0.9464239
5339	2366	0.94553316
5340	3060	0.99965715
5340	2966	0.9896542
5340	593	0.9789164
5340	2890	0.9638171
5340	34	0.9404175
5340	17	0.9300573
5340	2336	0.91488636
5340	2064	0.87395823
5340	2959	0.8477459
5340	608	0.83718586
5341	903	0.99942297
5341	1278	0.9993796
5341	2791	0.9770703
5341	1968	0.970798
5341	3362	0.95291173
5341	1307	0.93916905
5341	1196	0.92653465
5341	593	0.88441235
5341	2872	0.84279454
5341	1073	0.8399372
5342	1959	0.9982728
5342	457	0.9851767
5342	1197	0.97920465
5342	587	0.9412357
5342	151	0.9401101
5342	3176	0.92849004
5342	1674	0.91664314
5342	2407	0.913333
5342	318	0.9089601
5342	2078	0.9031492
5343	50	0.9983233
5343	1198	0.99229956
5343	260	0.9234484
5343	3148	0.6671507
5343	1	0.38864052
5343	1254	0.3217628
5343	1196	0.25342178
5343	858	0.19057554
5343	2804	0.18420756
5343	2997	0.16870564
5344	2300	0.9999044
5344	2716	0.9968435
5344	1834	0.99482244
5344	1287	0.9947715
5344	912	0.96808755
5344	348	0.9677421
5344	1079	0.9643731
5344	2268	0.96191454
5344	151	0.9308838
5344	953	0.89072067
5345	2916	0.99864113
5345	1220	0.9926741
5345	3253	0.98241043
5345	849	0.96795046
5345	3060	0.9675715
5345	1537	0.9604923
5345	2502	0.9448394
5345	1784	0.9391865
5345	372	0.93654984
5345	1586	0.9285377
5346	2889	0.9999768
5346	923	0.99983615
5346	1280	0.999758
5346	2628	0.99969256
5346	2959	0.9995326
5346	3082	0.9968754
5346	1537	0.99484193
5346	1941	0.993466
5346	2732	0.98828423
5346	41	0.9844065
5347	39	0.9988239
5347	1513	0.97859126
5347	1476	0.97511494
5347	2064	0.935453
5347	2108	0.9245216
5347	1527	0.91421837
5347	1215	0.90803856
5347	3238	0.83471346
5347	3005	0.8215568
5347	471	0.8097824
5348	1345	1.0
5348	1214	0.9801409
5348	610	0.91781974
5348	1644	0.8903331
5348	12	0.85248077
5348	2867	0.8419468
5348	2746	0.6926294
5348	328	0.61119246
5348	50	0.5072704
5348	1994	0.43299446
5349	892	0.9989069
5349	2686	0.9986888
5349	2915	0.9982316
5349	1238	0.9875081
5349	2321	0.9871166
5349	1747	0.9870366
5349	3083	0.98372674
5349	3101	0.97838306
5349	912	0.9718239
5349	1883	0.9434038
5350	2951	1.0
5350	2916	0.9998936
5350	1356	0.99849516
5350	1275	0.99549484
5350	1387	0.9945571
5350	1370	0.9883247
5350	1233	0.9604137
5350	165	0.95674735
5350	2657	0.9409873
5350	2021	0.9377555
5351	539	0.99988127
5351	1580	0.9990745
5351	1204	0.99214476
5351	2406	0.9825214
5351	1721	0.905187
5351	1036	0.83059716
5351	1947	0.80519176
5351	2987	0.71237785
5351	2006	0.6168861
5351	356	0.6162645
5352	902	0.9999229
5352	1997	0.99958485
5352	3255	0.99914145
5352	2872	0.9970701
5352	1334	0.9969921
5352	39	0.9968449
5352	2081	0.9937242
5352	590	0.9934288
5352	3175	0.99016464
5352	852	0.98947746
5353	1961	0.99981433
5353	350	0.998929
5353	1246	0.99870473
5353	1213	0.99866366
5353	1271	0.9974228
5353	2268	0.9969486
5353	1633	0.9960172
5353	150	0.9945657
5353	1222	0.993314
5353	36	0.9875308
5354	368	0.98434985
5354	480	0.9817047
5354	2628	0.69450825
5354	1527	0.54694474
5354	1210	0.46379763
5354	1408	0.29392272
5354	161	0.20336837
5354	1584	0.054318935
5354	858	0.050824314
5354	1573	0.042306513
5355	1278	0.9982865
5355	592	0.9943356
5355	3412	0.99196404
5355	2881	0.990964
5355	1221	0.9787071
5355	955	0.9709829
5355	223	0.87800205
5355	2628	0.82928807
5355	3157	0.82049984
5355	1949	0.8112459
5356	1345	1.0
5356	2160	0.9999124
5356	1982	0.98876756
5356	2288	0.9835485
5356	2366	0.97565454
5356	2781	0.9569242
5356	2780	0.9446876
5356	1994	0.8941345
5356	2853	0.8798397
5356	3344	0.8578683
5357	1672	0.9994454
5357	2706	0.98268616
5357	318	0.9345869
5357	2188	0.9005536
5357	1197	0.8530131
5357	2916	0.7785206
5357	2571	0.6858069
5357	1120	0.65941525
5357	2502	0.3496306
5357	3409	0.29468262
5358	1240	0.9664494
5358	1198	0.9541499
5358	2951	0.916451
5358	2028	0.7982079
5358	3062	0.7416593
5358	2490	0.5077577
5358	1221	0.49032566
5358	1214	0.44335723
5358	1036	0.21185726
5358	260	0.18826565
5359	2628	0.99968183
5359	551	0.9936447
5359	1333	0.9911506
5359	954	0.9772091
5359	2953	0.9757124
5359	2324	0.9636096
5359	2723	0.9610271
5359	3156	0.9127122
5359	2082	0.90378773
5359	318	0.9032178
5360	2712	0.9746896
5360	2329	0.1116423
5360	1625	0.039796412
5360	3159	0.03378436
5360	2908	0.031713843
5360	3299	0.031323493
5360	551	0.021402538
5360	2606	0.019149989
5360	1097	0.0152260065
5360	2881	0.011609882
5361	577	0.99891365
5361	2154	0.99871945
5361	258	0.9967348
5361	1359	0.9953961
5361	2671	0.9942426
5361	1124	0.97659624
5361	2739	0.92376924
5361	551	0.92231905
5361	902	0.8776121
5361	3396	0.775684
5362	1935	0.9999641
5362	928	0.9865314
5362	943	0.97389996
5362	914	0.9693662
5362	982	0.88482594
5362	2365	0.88416374
5362	3199	0.86636126
5362	36	0.7046471
5362	969	0.6475801
5362	1281	0.6366399
5363	1291	0.9962413
5363	457	0.99291277
5363	987	0.98827285
5363	593	0.9847982
5363	908	0.9727212
5363	1101	0.9517729
5363	490	0.94030166
5363	165	0.93994594
5363	318	0.88292724
5363	1221	0.69244576
5364	2918	0.9982548
5364	1411	0.9981225
5364	3398	0.994932
5364	39	0.99248683
5364	1387	0.98838973
5364	1073	0.9807626
5364	3157	0.9778418
5364	3039	0.97717476
5364	2797	0.9714747
5364	2001	0.9473466
5365	353	0.99994516
5365	2294	0.99757385
5365	1500	0.99535346
5365	1923	0.98677194
5365	2155	0.964222
5365	1792	0.9587883
5365	2396	0.9551059
5365	322	0.95340973
5365	1197	0.9337647
5365	2707	0.9330486
5366	2692	0.9999195
5366	2628	0.9994781
5366	2174	0.9945307
5366	2890	0.989538
5366	2028	0.9822358
5366	1517	0.98005784
5366	2161	0.9790963
5366	47	0.9686141
5366	1748	0.9675163
5366	2723	0.95257175
5367	3418	0.9262566
5367	1136	0.9092567
5367	1188	0.87309086
5367	1391	0.8060925
5367	1500	0.8056143
5367	552	0.77613235
5367	2701	0.762324
5367	101	0.7379495
5367	1073	0.6859737
5367	3424	0.59274584
5368	1356	0.99955845
5368	1573	0.9975517
5368	316	0.96522963
5368	2968	0.94589996
5368	1240	0.9004235
5368	750	0.8986411
5368	589	0.8311367
5368	880	0.8154293
5368	329	0.75031775
5368	198	0.53989404
5369	474	0.9992987
5369	2395	0.9986452
5369	225	0.998643
5369	1200	0.9955366
5369	3107	0.99227893
5369	2571	0.99008983
5369	1201	0.98890173
5369	3102	0.96056426
5369	2028	0.93740135
5369	1210	0.92548776
5370	2694	0.9968946
5370	1961	0.96137565
5370	480	0.8705852
5370	1246	0.67250276
5370	110	0.58034325
5370	1173	0.42999968
5370	2706	0.32858253
5370	2403	0.26347488
5370	2147	0.24425203
5370	1225	0.24095261
5371	3386	0.9984067
5371	1185	0.9972676
5371	1674	0.99668646
5371	1396	0.9963877
5371	2571	0.99071836
5371	1196	0.98981106
5371	3359	0.9872906
5371	1271	0.98569286
5371	1097	0.98542
5371	39	0.9789918
5372	2692	0.994946
5372	1608	0.9912995
5372	2580	0.9433844
5372	110	0.9097525
5372	1213	0.8426734
5372	593	0.5591647
5372	3418	0.35951248
5372	296	0.350445
5372	527	0.33460402
5372	1610	0.30213398
5373	2019	0.9995755
5373	480	0.9994067
5373	1036	0.99853206
5373	1214	0.99817145
5373	3300	0.99076754
5373	3190	0.9707449
5373	1242	0.93432033
5373	1291	0.90378153
5373	1200	0.8688191
5373	2115	0.8546331
5374	2369	0.99996126
5374	685	0.99005175
5374	2572	0.98052204
5374	223	0.9797099
5374	2716	0.9621047
5374	3048	0.8528322
5374	3421	0.80146503
5374	2605	0.7943481
5374	2407	0.69646156
5374	2976	0.63960904
5375	2997	0.99998426
5375	2696	0.99413526
5375	2248	0.9833902
5375	3421	0.962404
5375	2712	0.93751836
5375	1060	0.93202794
5375	745	0.9177432
5375	348	0.91660523
5375	2289	0.90895617
5375	733	0.88064
5376	1259	0.9989356
5376	457	0.9975414
5376	3030	0.99706614
5376	593	0.99121165
5376	2944	0.97662544
5376	1584	0.9665026
5376	1036	0.9525602
5376	260	0.930584
5376	1254	0.9275005
5376	2947	0.90682316
5377	527	0.9999673
5377	290	0.99968207
5377	2908	0.99809873
5377	1193	0.984815
5377	2506	0.98033684
5377	802	0.9763614
5377	1968	0.96965075
5377	608	0.95660853
5377	36	0.9467335
5377	509	0.9253273
5378	1035	0.99865854
5378	2710	0.9789481
5378	1911	0.9743148
5378	2961	0.9629707
5378	2546	0.95117855
5378	2147	0.9215998
5378	3053	0.89034605
5378	3005	0.83984035
5378	2713	0.7572075
5378	299	0.7558802
5379	2628	0.9890872
5379	1022	0.9832276
5379	2021	0.7094023
5379	593	0.39656672
5379	1081	0.39259386
5379	3053	0.3120502
5379	2023	0.17347565
5379	608	0.106699824
5379	2369	0.099467665
5379	1097	0.06431472
5380	3041	0.9999763
5380	1091	0.99923563
5380	2286	0.9965876
5380	1473	0.9958463
5380	3177	0.99382734
5380	3113	0.9728304
5380	3243	0.94266367
5380	1037	0.9303802
5380	511	0.8977264
5380	3401	0.71793073
5381	588	0.9987422
5381	1517	0.96421826
5381	104	0.9513441
5381	318	0.90575075
5381	1777	0.8799523
5381	1566	0.7818315
5381	1895	0.69798976
5381	2321	0.6540593
5381	527	0.6335345
5381	454	0.4689016
5382	1376	0.9999895
5382	1374	0.99990916
5382	610	0.9998138
5382	1580	0.9992494
5382	1220	0.99777347
5382	480	0.9975869
5382	1375	0.9816705
5382	2001	0.973747
5382	2985	0.9493065
5382	2006	0.9300531
5383	2000	0.9650384
5383	2605	0.85496277
5383	3102	0.66024995
5383	2411	0.60886216
5383	1374	0.6048321
5383	2407	0.52382994
5383	2011	0.4429208
5383	1196	0.38541606
5383	3255	0.29573733
5383	2959	0.2797744
5384	838	0.9906516
5384	2736	0.9888341
5384	1282	0.9776976
5384	110	0.94215834
5384	2355	0.9420346
5384	1196	0.9418795
5384	2657	0.93425155
5384	1961	0.9108962
5384	2918	0.9080819
5384	905	0.9023631
5385	2908	0.9957458
5385	589	0.99276865
5385	2028	0.9382907
5385	1289	0.6031026
5385	2329	0.43193346
5385	1653	0.32283214
5385	671	0.24578744
5385	741	0.23886263
5385	1261	0.15995857
5385	1120	0.14350054
5386	2826	0.9999862
5386	2722	0.99994266
5386	165	0.9999045
5386	2490	0.9993182
5386	163	0.9992167
5386	1876	0.99595726
5386	1385	0.9913914
5386	2353	0.98102725
5386	442	0.97434425
5386	648	0.9738097
5387	2987	0.99633706
5387	17	0.9940592
5387	1219	0.9831908
5387	3363	0.9765066
5387	2171	0.976279
5387	1674	0.94749385
5387	1282	0.9468888
5387	3246	0.94009656
5387	2571	0.9113364
5387	2918	0.9048121
5388	474	0.9562928
5388	1291	0.84581864
5388	3107	0.682659
5388	377	0.65186304
5388	1210	0.6263163
5388	110	0.6016381
5388	2571	0.5475231
5388	1408	0.5225945
5388	1721	0.41362593
5388	589	0.33226955
5389	1196	0.9999976
5389	329	0.99999166
5389	316	0.9999886
5389	1320	0.99991894
5389	2660	0.99985886
5389	2533	0.9997297
5389	2094	0.95141685
5389	2011	0.93902224
5389	1127	0.8948419
5389	110	0.8838423
5390	288	0.99729943
5390	1387	0.9962541
5390	2167	0.9924296
5390	1218	0.96748006
5390	2540	0.9585018
5390	555	0.95447516
5390	1127	0.94838446
5390	3257	0.948195
5390	1320	0.93497956
5390	2427	0.91221166
5391	2478	0.99801517
5391	475	0.9703854
5391	920	0.9349681
5391	2948	0.8727304
5391	1935	0.86175764
5391	3365	0.8487174
5391	913	0.8291447
5391	1404	0.794081
5391	2951	0.7504246
5391	2321	0.6864339
5392	318	0.9146371
5392	296	0.8430671
5392	593	0.7802464
5392	2997	0.7600882
5392	527	0.633574
5392	2028	0.3899639
5392	2321	0.2496165
5392	2396	0.13784933
5392	1265	0.111341774
5392	1357	0.104905754
5393	2132	0.9996557
5393	3100	0.9996173
5393	1955	0.9992185
5393	1810	0.99834836
5393	1259	0.99664885
5393	1721	0.9959693
5393	1952	0.9943987
5393	3152	0.9943455
5393	34	0.9937895
5393	431	0.99211633
5394	2011	0.99339485
5394	1968	0.98907983
5394	2686	0.97713804
5394	3264	0.9468726
5394	903	0.94154084
5394	3250	0.8980764
5394	3107	0.89474845
5394	2289	0.85525286
5394	785	0.8443373
5394	497	0.7207227
5395	2724	0.99965787
5395	942	0.998644
5395	1393	0.9924493
5395	1093	0.98823786
5395	440	0.97663295
5395	1096	0.9538424
5395	1	0.9435767
5395	2701	0.93577147
5395	541	0.9329016
5395	2720	0.9293897
5396	1240	0.9989455
5396	1025	0.9536226
5396	1188	0.94411993
5396	2087	0.45683068
5396	2161	0.30195224
5396	1022	0.26695037
5396	1275	0.2416771
5396	3024	0.1813629
5396	356	0.17833301
5396	342	0.17328775
5397	1968	0.9975791
5397	474	0.9896793
5397	1222	0.98909765
5397	2791	0.9833405
5397	1625	0.88945746
5397	1754	0.8535135
5397	909	0.84258854
5397	1732	0.8367491
5397	1586	0.8246131
5397	364	0.8245795
5398	2712	0.95172596
5398	2965	0.8972659
5398	2023	0.8673857
5398	3053	0.8375156
5398	2337	0.82728696
5398	328	0.7959995
5398	3145	0.73987496
5398	3005	0.7239065
5398	858	0.41505322
5398	3186	0.40883082
5399	1909	0.93195903
5399	1580	0.8816799
5399	2340	0.76120377
5399	741	0.71770847
5399	329	0.56685317
5399	405	0.5113559
5399	110	0.34490827
5399	316	0.33305526
5399	3298	0.32614425
5399	260	0.30141455
5400	1078	0.82683766
5400	3174	0.8224144
5400	1099	0.7081939
5400	1445	0.6705977
5400	180	0.6426034
5400	2136	0.6312288
5400	542	0.6253045
5400	1517	0.5906245
5400	3339	0.4470652
5400	971	0.4022282
5401	253	0.9986466
5401	247	0.99856573
5401	1120	0.9980734
5401	36	0.9948195
5401	1097	0.9920448
5401	110	0.98790944
5401	3252	0.98590183
5401	1784	0.98414993
5401	493	0.98265445
5401	1476	0.9714201
5402	1997	0.9998469
5402	34	0.9998024
5402	17	0.9965966
5402	608	0.9961834
5402	940	0.99329716
5402	2633	0.98703045
5402	750	0.97558975
5402	920	0.97502655
5402	1259	0.96636784
5402	1207	0.9434706
5403	1717	0.9999008
5403	3005	0.9986218
5403	1270	0.9971467
5403	2995	0.9970115
5403	910	0.995978
5403	1762	0.9949296
5403	1198	0.99448586
5403	2186	0.9908689
5403	1620	0.9860343
5403	2302	0.98379606
5404	1265	0.9999557
5404	529	0.9952141
5404	2291	0.98774076
5404	2791	0.9854617
5404	3203	0.9682303
5404	1079	0.96746993
5404	3101	0.96455055
5404	3098	0.93096185
5404	6	0.9046775
5404	105	0.8967451
5405	2125	0.9999896
5405	1617	0.9998969
5405	2291	0.9980782
5405	1535	0.9976586
5405	1784	0.9972353
5405	1680	0.9971982
5405	474	0.9939395
5405	1147	0.984636
5405	454	0.98110163
5405	2571	0.9771365
5406	2384	0.99994224
5406	1028	0.9998396
5406	2716	0.9994738
5406	2082	0.9992346
5406	2081	0.99865913
5406	3247	0.99865407
5406	3244	0.9857178
5406	2302	0.9845741
5406	2174	0.9804288
5406	380	0.97166383
5407	527	0.5396431
5407	1171	0.50960785
5407	2762	0.3023982
5407	2072	0.07299313
5407	39	0.04316324
5407	440	0.033341706
5407	2677	0.02225244
5407	2706	0.021667778
5407	1580	0.020688921
5407	1923	0.017363489
5408	1587	0.99965006
5408	2021	0.9986923
5408	1210	0.99674946
5408	2054	0.98337483
5408	3033	0.96426815
5408	2174	0.96330976
5408	2311	0.9100011
5408	2797	0.9027766
5408	1088	0.8787888
5408	2017	0.8720462
5409	3155	0.6396219
5409	3301	0.37137222
5409	2628	0.22743276
5409	2966	0.121988
5409	608	0.12024802
5409	2023	0.101719916
5409	3082	0.060716987
5409	47	0.040795594
5409	3049	0.030790538
5409	318	0.028972715
5410	2707	0.99992335
5410	2701	0.9991896
5410	858	0.9972261
5410	2699	0.98263204
5410	2433	0.7477012
5410	24	0.6616475
5410	1669	0.5587537
5410	2683	0.5437026
5410	2312	0.48008537
5410	3298	0.41631004
5411	1028	0.96556383
5411	2882	0.928541
5411	2710	0.33432
5411	2889	0.22441548
5411	3174	0.16836569
5411	801	0.1044603
5411	258	0.10256839
5411	3053	0.08051455
5411	1380	0.07146013
5411	2965	0.07124522
5412	720	0.9895247
5412	353	0.97768354
5412	2985	0.9693569
5412	2405	0.96561325
5412	1566	0.95587647
5412	329	0.9446869
5412	316	0.93332326
5412	2617	0.93242526
5412	434	0.9264707
5412	1527	0.92553025
5413	2949	0.9999254
5413	1387	0.9972302
5413	3175	0.98522145
5413	1748	0.9705987
5413	454	0.9587414
5413	1213	0.95854676
5413	2924	0.9542316
5413	3104	0.9459325
5413	457	0.94152176
5413	1673	0.93610555
5414	2804	0.99998736
5414	2918	0.9984604
5414	1136	0.997442
5414	2353	0.9972082
5414	858	0.9854471
5414	2867	0.9844682
5414	1214	0.9836799
5414	1387	0.9414536
5414	479	0.93966055
5414	1921	0.9340329
5415	1968	0.9999726
5415	2918	0.99933034
5415	1641	0.98799914
5415	1247	0.98786235
5415	3052	0.9746921
5415	1394	0.93170905
5415	471	0.9096725
5415	1188	0.88263404
5415	1234	0.8758392
5415	357	0.8667682
5416	1259	0.98227096
5416	955	0.82405764
5416	1197	0.7152284
5416	2997	0.7061257
5416	2599	0.553072
5416	589	0.39910042
5416	1732	0.36374915
5416	709	0.32754296
5416	1580	0.3170189
5416	1784	0.2901981
5417	2143	0.99852633
5417	2021	0.99799085
5417	1920	0.9957944
5417	2162	0.9811683
5417	2453	0.97713125
5417	1215	0.97650075
5417	2968	0.9531826
5417	2867	0.8989126
5417	2364	0.8975234
5417	247	0.8572745
5418	1307	0.9976563
5418	1676	0.99286604
5418	6	0.9921241
5418	125	0.990306
5418	1298	0.98900723
5418	2028	0.98892546
5418	2407	0.9870528
5418	3178	0.9422761
5418	3256	0.9353329
5418	2700	0.8349016
5419	1148	0.99999917
5419	1213	0.9999684
5419	2912	0.99988514
5419	1280	0.99969244
5419	1219	0.9995965
5419	32	0.99866116
5419	1199	0.9979949
5419	541	0.99716353
5419	3421	0.9968407
5419	1223	0.99634683
5420	3186	0.9998328
5420	2096	0.99316275
5420	1032	0.9890459
5420	2687	0.9710334
5420	2	0.9648695
5420	246	0.92095447
5420	2135	0.87967896
5420	277	0.6470619
5420	2747	0.60092324
5420	2123	0.59075415
5421	1185	0.999975
5421	3105	0.9949924
5421	1096	0.93740106
5421	2000	0.93445647
5421	2194	0.892673
5421	1120	0.86600316
5421	2973	0.8388432
5421	1220	0.76994705
5421	1961	0.76700896
5421	2112	0.57659394
5422	2174	0.99996316
5422	2321	0.99946296
5422	1307	0.9927918
5422	2087	0.9873763
5422	2080	0.9864364
5422	1073	0.9858905
5422	260	0.98055804
5422	2396	0.9786259
5422	3341	0.9767598
5422	1294	0.97617006
5423	926	0.999991
5423	3206	0.9999604
5423	1281	0.99967873
5423	953	0.9990891
5423	914	0.99781513
5423	356	0.9976536
5423	1196	0.9934455
5423	1210	0.99241066
5423	3257	0.99146026
5423	2311	0.9901966
5424	2961	0.9993887
5424	299	0.99904984
5424	2906	0.9950231
5424	3157	0.9944086
5424	3155	0.9685514
5424	866	0.9552199
5424	587	0.9465225
5424	260	0.929816
5424	920	0.9252633
5424	2546	0.9164034
5425	3307	0.99844855
5425	1127	0.9745871
5425	3081	0.96577686
5425	2541	0.9435326
5425	2599	0.94074166
5425	1097	0.9355011
5425	2762	0.93159723
5425	3347	0.8847449
5425	2997	0.87121177
5425	1449	0.8579846
5426	1580	0.97899663
5426	2240	0.9755781
5426	3255	0.9658256
5426	1968	0.9308431
5426	3386	0.9141145
5426	2739	0.908563
5426	1653	0.9004648
5426	2423	0.8927759
5426	1479	0.8920923
5426	2312	0.8860717
5427	1080	0.99634933
5427	1247	0.9960253
5427	1230	0.9737028
5427	1304	0.96537876
5427	2762	0.9504123
5427	750	0.94836605
5427	3114	0.9308911
5427	720	0.8897034
5427	1294	0.88752127
5427	848	0.8864467
5428	1411	0.9951012
5428	480	0.99212873
5428	1730	0.99132276
5428	104	0.9746442
5428	912	0.9655462
5428	74	0.96467936
5428	1183	0.95271266
5428	252	0.91713876
5428	455	0.9047031
5428	1727	0.8295811
5429	912	0.99969554
5429	300	0.9996637
5429	246	0.9993882
5429	296	0.9974125
5429	2355	0.9965577
5429	2125	0.99627256
5429	1	0.99551105
5429	1211	0.99298066
5429	515	0.9867165
5429	2064	0.97615767
5430	2087	0.99860233
5430	2123	0.9977577
5430	2136	0.9775585
5430	912	0.80093867
5430	2028	0.6848454
5430	1099	0.6187904
5430	3238	0.5685518
5430	1944	0.44609272
5430	1032	0.4171322
5430	3113	0.3990984
5431	1721	0.9997941
5431	1280	0.9975858
5431	2686	0.9829788
5431	2028	0.9553797
5431	1188	0.94940907
5431	58	0.94294715
5431	3179	0.92041004
5431	265	0.9076677
5431	527	0.89819854
5431	2762	0.89812136
5432	903	0.99952126
5432	912	0.99914694
5432	1228	0.9977908
5432	1188	0.9859025
5432	1300	0.9851191
5432	2243	0.97622645
5432	2065	0.97466934
5432	1097	0.95117074
5432	1947	0.9095193
5432	1949	0.89268893
5433	160	0.9999813
5433	552	0.994762
5433	3255	0.98034453
5433	1537	0.9773854
5433	2124	0.9654178
5433	1291	0.9256802
5433	2355	0.9179828
5433	1197	0.8639542
5433	1894	0.85735583
5433	435	0.83861953
5434	1641	0.99997485
5434	778	0.9998034
5434	2359	0.9948503
5434	2348	0.9842209
5434	1061	0.976844
5434	1111	0.9763969
5434	1188	0.972054
5434	708	0.9700016
5434	1050	0.967343
5434	3175	0.9639399
5435	6	0.98875064
5435	3418	0.9825722
5435	1356	0.90391386
5435	2916	0.901208
5435	1660	0.8537871
5435	3363	0.8494065
5435	1294	0.8148055
5435	2433	0.7475987
5435	1704	0.43673563
5435	515	0.3715548
5436	780	0.9997914
5436	1676	0.99805915
5436	349	0.9966112
5436	316	0.9922089
5436	288	0.9806727
5436	2628	0.96750796
5436	2529	0.9618701
5436	110	0.6147207
5436	474	0.30390877
5436	2567	0.29868865
5437	2993	0.97212535
5437	2915	0.9238733
5437	1304	0.92339593
5437	2723	0.8849642
5437	32	0.8715494
5437	1197	0.8707635
5437	1200	0.81612164
5437	741	0.77901846
5437	2692	0.7403363
5437	1589	0.698374
5438	50	0.9999932
5438	1678	0.99993205
5438	2268	0.9998495
5438	3147	0.99978834
5438	553	0.99932003
5438	337	0.99741584
5438	3100	0.9940212
5438	16	0.99296665
5438	1	0.99198616
5438	2997	0.99107504
5439	2997	0.87606716
5439	594	0.83296096
5439	2959	0.7245374
5439	1198	0.563708
5439	3359	0.48407266
5439	260	0.46204504
5439	1262	0.29611534
5439	2081	0.22535875
5439	1646	0.22108439
5439	969	0.20761031
5440	2858	0.99937934
5440	348	0.99428624
5440	2524	0.9907204
5440	3108	0.98977995
5440	3007	0.97635496
5440	34	0.97481
5440	3060	0.9568708
5440	125	0.95482475
5440	2289	0.95327413
5440	1252	0.91747296
5441	111	0.9980912
5441	1294	0.997056
5441	912	0.9956938
5441	1358	0.9924399
5441	2571	0.99024796
5441	3169	0.9845393
5441	2533	0.97108054
5441	32	0.96637356
5441	1240	0.96423197
5441	2662	0.9523742
5442	1213	0.9999817
5442	2580	0.99834424
5442	2395	0.9978521
5442	1968	0.99702656
5442	2336	0.9865906
5442	2804	0.98417276
5442	47	0.98375
5442	1265	0.979926
5442	34	0.95736665
5442	1393	0.92911005
5443	17	0.9955746
5443	1287	0.97958744
5443	555	0.9767229
5443	3408	0.97515684
5443	2003	0.9725304
5443	1208	0.97022533
5443	1619	0.9690474
5443	329	0.9621711
5443	2020	0.9504817
5443	1358	0.94182104
5444	2093	0.99906194
5444	2188	0.9872695
5444	2959	0.97635305
5444	2772	0.96803284
5444	3174	0.21933559
5444	2694	0.14357728
5444	2764	0.10720837
5444	593	0.104905725
5444	2997	0.10341343
5444	2713	0.06923702
5445	1219	0.99620205
5445	3104	0.9817183
5445	1301	0.9669813
5445	1407	0.9630977
5445	2997	0.95411175
5445	1288	0.91609406
5445	1201	0.9113564
5445	1127	0.9077283
5445	1292	0.86467147
5445	1204	0.8478632
5446	3089	0.99972665
5446	950	0.99925625
5446	1237	0.9991931
5446	1104	0.98050785
5446	1196	0.97597957
5446	2289	0.9747752
5446	924	0.9711014
5446	2937	0.9702395
5446	922	0.9695301
5446	1244	0.9653443
5447	1674	0.999997
5447	1246	0.9995605
5447	2497	0.9963777
5447	2690	0.99528587
5447	1265	0.994118
5447	3072	0.9925498
5447	1296	0.984486
5447	1957	0.9691331
5447	1094	0.96768415
5447	2106	0.9667952
5448	1955	0.99998057
5448	2409	0.9998162
5448	2919	0.99917454
5448	590	0.9926021
5448	1094	0.95614946
5448	1079	0.94616485
5448	1968	0.9444487
5448	1307	0.9370792
5448	1214	0.9329357
5448	1923	0.9294542
5449	1036	0.99972844
5449	1876	0.9975501
5449	1597	0.9958261
5449	2948	0.99532175
5449	457	0.95342636
5449	2524	0.9207897
5449	3107	0.7836111
5449	1198	0.7766448
5449	2013	0.7071244
5449	2858	0.6976317
5450	3072	0.9999354
5450	562	0.9998125
5450	1339	0.99968994
5450	1674	0.99846065
5450	2021	0.9923066
5450	1188	0.96652895
5450	3070	0.94712377
5450	1193	0.93988997
5450	1127	0.91773486
5450	2115	0.90775836
5451	1344	0.99998313
5451	3006	0.9998465
5451	3340	0.9988047
5451	930	0.99695003
5451	1240	0.99676716
5451	1179	0.9949765
5451	1748	0.99201053
5451	110	0.9870121
5451	1387	0.9009253
5451	750	0.7959422
5452	2028	0.9969857
5452	3108	0.9851367
5452	223	0.9835675
5452	2108	0.98296237
5452	1552	0.9777328
5452	448	0.9764285
5452	233	0.95707476
5452	70	0.95078886
5452	1041	0.94880474
5452	1265	0.94838077
5453	1219	0.99975777
5453	1252	0.9979605
5453	1127	0.9973773
5453	924	0.9944696
5453	2640	0.9938501
5453	1210	0.98788786
5453	3256	0.9839622
5453	356	0.9674107
5453	2908	0.96565497
5453	3418	0.95465577
5454	1284	0.99999785
5454	928	0.9999842
5454	2987	0.9986702
5454	111	0.99799854
5454	1237	0.9958719
5454	912	0.99547267
5454	2858	0.9916605
5454	910	0.9871941
5454	923	0.97509706
5454	951	0.97361654
5455	50	0.99667656
5455	2028	0.99283284
5455	1079	0.9909651
5455	1293	0.97304636
5455	2581	0.9669503
5455	2353	0.9603468
5455	2976	0.9522418
5455	1527	0.93734705
5455	1967	0.89509434
5455	1923	0.885373
5456	2716	0.9933451
5456	2710	0.94436073
5456	1079	0.9169787
5456	1265	0.622785
5456	1288	0.59812415
5456	2858	0.5804693
5456	1247	0.56035393
5456	3174	0.52214557
5456	2028	0.46167397
5456	1537	0.3914201
5457	2916	0.99999565
5457	329	0.9998865
5457	2657	0.99839675
5457	32	0.99763536
5457	1097	0.9954504
5457	379	0.9908875
5457	172	0.9035127
5457	2683	0.8971976
5457	610	0.86446923
5457	1230	0.82352513
5458	1639	0.9996821
5458	3152	0.9992951
5458	1222	0.9967715
5458	318	0.99015987
5458	3147	0.9893606
5458	345	0.98151773
5458	2501	0.9776794
5458	1206	0.9772846
5458	805	0.9721923
5458	1916	0.959522
5459	2599	0.99958193
5459	1210	0.9986966
5459	788	0.98766136
5459	2716	0.95241976
5459	1	0.93853694
5459	267	0.9161235
5459	2148	0.9024799
5459	1590	0.90073156
5459	3081	0.86775047
5459	2700	0.86217105
5460	2716	0.9978279
5460	2580	0.9676275
5460	1080	0.93444705
5460	32	0.8807366
5460	1206	0.8711097
5460	1185	0.8072733
5460	223	0.73394
5460	3006	0.6494027
5460	1125	0.338442
5460	2791	0.3319165
5461	2174	0.9991061
5461	933	0.99528694
5461	1278	0.9937955
5461	955	0.961058
5461	910	0.95671237
5461	1292	0.9381672
5461	2173	0.86550176
5461	39	0.78818405
5461	3072	0.7352811
5461	2100	0.72319776
5462	2858	0.99965274
5462	3285	0.99810743
5462	3175	0.9710729
5462	2188	0.9566457
5462	3408	0.94650644
5462	3177	0.8980535
5462	1824	0.8372501
5462	2997	0.51505953
5462	1408	0.35147476
5462	2772	0.3425684
5463	2920	0.99983525
5463	916	0.99963367
5463	1945	0.99955416
5463	3365	0.9975347
5463	1233	0.99409044
5463	1077	0.9939009
5463	2972	0.99022174
5463	915	0.9871707
5463	2351	0.98140824
5463	780	0.98123485
5464	3307	0.99999875
5464	1266	0.9999909
5464	1617	0.99969804
5464	1217	0.9995694
5464	2612	0.947135
5464	1084	0.9160481
5464	2745	0.9080429
5464	3093	0.900017
5464	2936	0.8894808
5464	2951	0.8707325
5465	1213	0.98102623
5465	2458	0.9668515
5465	2380	0.94300115
5465	2369	0.90945077
5465	1769	0.7730965
5465	2901	0.48809832
5465	2259	0.39303625
5465	2794	0.30329537
5465	15	0.24597183
5465	2881	0.17271557
5466	1500	0.9996749
5466	1266	0.9983088
5466	1260	0.99815744
5466	45	0.9965553
5466	318	0.9923468
5466	1542	0.97993386
5466	36	0.96633714
5466	2245	0.96355665
5466	1517	0.95889723
5466	3252	0.95874983
5467	2013	0.7551602
5467	1266	0.64490163
5467	608	0.6058712
5467	1201	0.5828246
5467	2943	0.4821894
5467	1198	0.4318297
5467	590	0.25298253
5467	3408	0.2365888
5467	593	0.22208104
5467	1252	0.22097734
5468	1036	0.9915121
5468	1275	0.96017706
5468	965	0.9576968
5468	1302	0.95093614
5468	908	0.9440806
5468	2529	0.90011966
5468	1921	0.8835329
5468	892	0.851968
5468	3362	0.82833445
5468	3194	0.8202298
5469	589	0.9999826
5469	1201	0.999982
5469	1921	0.999928
5469	1953	0.9958186
5469	1086	0.9950999
5469	928	0.9935353
5469	50	0.98545504
5469	913	0.9805207
5469	16	0.9596182
5469	1356	0.9540498
5470	1189	0.9999918
5470	1694	0.9998096
5470	3418	0.9989911
5470	1253	0.9989729
5470	1348	0.99734044
5470	3362	0.9966527
5470	246	0.9965744
5470	1358	0.9910894
5470	924	0.98259676
5470	910	0.97610813
5471	193	0.9993849
5471	3250	0.9816092
5471	318	0.96472096
5471	593	0.7860986
5471	2976	0.68142176
5471	3052	0.41723293
5471	2683	0.4026849
5471	1644	0.40266111
5471	2542	0.26839584
5471	2836	0.19085649
5472	329	0.9999347
5472	1250	0.99769056
5472	1047	0.98465735
5472	2670	0.97288746
5472	1722	0.9685078
5472	1265	0.956807
5472	610	0.956549
5472	3088	0.942224
5472	2355	0.9383001
5472	2406	0.9374082
5473	2858	0.9930241
5473	1127	0.98886746
5473	1376	0.88582593
5473	1953	0.71708584
5473	2058	0.6189659
5473	296	0.6180055
5473	1213	0.5486382
5473	2628	0.46866018
5473	1222	0.33269984
5473	608	0.32328588
5474	1301	0.99999905
5474	1206	0.9999819
5474	2916	0.9998578
5474	1580	0.9934672
5474	2009	0.97715116
5474	1584	0.9767672
5474	2985	0.9497111
5474	1080	0.944168
5474	1210	0.92006135
5474	2287	0.7168393
5475	3361	0.9875519
5475	3255	0.9868041
5475	17	0.98596156
5475	2159	0.98045456
5475	3197	0.9765208
5475	2797	0.95068556
5475	431	0.9457885
5475	21	0.9296928
5475	1186	0.9270512
5475	1408	0.9163288
5476	2762	0.9909036
5476	2858	0.9869996
5476	2439	0.96922636
5476	1203	0.96280754
5476	229	0.9583231
5476	994	0.9344065
5476	2442	0.8775038
5476	899	0.71128565
5476	858	0.709671
5476	3160	0.69566333
5477	480	0.9963951
5477	1206	0.99140084
5477	1240	0.9706669
5477	589	0.95069706
5477	2028	0.9304362
5477	1387	0.9151952
5477	2046	0.89502573
5477	1291	0.8458618
5477	541	0.84012556
5477	1197	0.81624067
5478	2762	0.9992471
5478	2028	0.99509525
5478	356	0.9845831
5478	3114	0.9486568
5478	1592	0.941736
5478	110	0.9343608
5478	34	0.8554554
5478	1704	0.82049763
5478	480	0.81205904
5478	1608	0.8013285
5479	2065	0.9997838
5479	1265	0.99975204
5479	2406	0.9939926
5479	1957	0.99100924
5479	235	0.9419984
5479	58	0.940043
5479	3418	0.9250405
5479	1211	0.92332697
5479	3072	0.86450195
5479	2028	0.8519543
5480	11	0.9998356
5480	265	0.99977124
5480	539	0.99966323
5480	25	0.9993874
5480	919	0.99909514
5480	1380	0.9984517
5480	2266	0.99658215
5480	2262	0.98923326
5480	357	0.98634845
5480	440	0.9849123
5481	3354	0.9992682
5481	3160	0.999266
5481	3174	0.9981005
5481	3185	0.9978869
5481	3238	0.9970067
5481	2710	0.99413615
5481	3298	0.98633957
5481	3408	0.9438247
5481	3273	0.9323199
5481	3006	0.9275829
5482	2599	0.9962189
5482	296	0.9947088
5482	648	0.97552645
5482	553	0.9670954
5482	2160	0.95351076
5482	1676	0.94851804
5482	778	0.93673015
5482	866	0.9308273
5482	2857	0.92992955
5482	2716	0.9208497
5483	1171	0.9996516
5483	1747	0.99674505
5483	1020	0.995141
5483	1641	0.9911461
5483	2155	0.9795119
5483	3253	0.9759794
5483	356	0.96750164
5483	743	0.8921488
5483	2002	0.8760312
5483	296	0.8470318
5484	2401	0.9999292
5484	2985	0.9956563
5484	553	0.9909729
5484	924	0.98445994
5484	593	0.9747889
5484	2021	0.9747791
5484	1206	0.94453907
5484	2012	0.9389649
5484	2427	0.9064344
5484	1396	0.8466189
5485	1372	0.9851491
5485	2916	0.984454
5485	1206	0.9784838
5485	1127	0.93586755
5485	968	0.93453145
5485	316	0.9325801
5485	1294	0.9150255
5485	2396	0.87927943
5485	589	0.80984986
5485	2657	0.7926527
5486	431	0.98708165
5486	1219	0.9679475
5486	1249	0.9548051
5486	111	0.9356501
5486	1248	0.931623
5486	2628	0.9224338
5486	441	0.9045727
5486	933	0.8782364
5486	246	0.7390738
5486	511	0.66030926
5487	2997	0.99342245
5487	2712	0.9886719
5487	2628	0.98187923
5487	2827	0.94720954
5487	2011	0.90758795
5487	1120	0.86705106
5487	1214	0.75331384
5487	3006	0.67575127
5487	1831	0.6586653
5487	1274	0.6518701
5488	1580	0.99594486
5488	2268	0.9917612
5488	653	0.9770989
5488	2124	0.97621036
5488	1682	0.97241116
5488	1197	0.9626405
5488	25	0.9377175
5488	2858	0.9236611
5488	3163	0.9162208
5488	2336	0.9089346
5489	2194	0.9890281
5489	1242	0.97367406
5489	356	0.8891466
5489	2762	0.845958
5489	1307	0.8042308
5489	333	0.7845222
5489	1049	0.7843884
5489	1097	0.66231126
5489	337	0.6600466
5489	1200	0.64646995
5490	1645	0.98304033
5490	1584	0.97959435
5490	1407	0.9694251
5490	1779	0.96520483
5490	1037	0.9062841
5490	2004	0.90358293
5490	332	0.8817135
5490	356	0.8805664
5490	110	0.8634925
5490	2490	0.8533488
5491	527	0.9995792
5491	3100	0.9975965
5491	2395	0.99093455
5491	6	0.9842355
5491	25	0.98175347
5491	337	0.97752196
5491	1701	0.97294736
5491	2700	0.9613168
5491	1343	0.9607477
5491	1917	0.9475255
5492	2	0.9861473
5492	2770	0.98538375
5492	1907	0.97642213
5492	531	0.9733412
5492	511	0.96891564
5492	3300	0.9566755
5492	1409	0.9073247
5492	2431	0.9002279
5492	1909	0.83014154
5492	1573	0.8003608
5493	1552	0.99686575
5493	2321	0.99348605
5493	1377	0.98895603
5493	357	0.9410311
5493	3175	0.93865854
5493	3020	0.89133877
5493	45	0.83009887
5493	2353	0.8045583
5493	22	0.74079627
5493	590	0.7382746
5494	1247	0.99915487
5494	260	0.99176663
5494	1252	0.98596716
5494	2391	0.9128214
5494	3175	0.8464776
5494	1237	0.83237565
5494	1240	0.8181597
5494	1307	0.80778056
5494	111	0.7686333
5494	1376	0.76516545
5495	2348	0.9907359
5495	2694	0.96674156
5495	1073	0.92743886
5495	785	0.92723715
5495	1270	0.8673664
5495	2692	0.8264123
5495	3006	0.75363684
5495	3263	0.74540555
5495	260	0.7079927
5495	2335	0.6771191
5496	2321	0.999969
5496	527	0.99968
5496	589	0.99861914
5496	1961	0.9905381
5496	1673	0.9874186
5496	1407	0.98197937
5496	1873	0.97826886
5496	1500	0.95890605
5496	110	0.94873714
5496	1527	0.9433295
5497	441	0.99999696
5497	915	0.994262
5497	440	0.9912345
5497	69	0.9891039
5497	2716	0.9832624
5497	1136	0.9774045
5497	1304	0.96986246
5497	861	0.95114374
5497	1663	0.9217437
5497	1242	0.9152801
5498	3418	0.99965465
5498	2439	0.99916375
5498	1177	0.99749684
5498	2357	0.99593353
5498	2692	0.99481344
5498	2289	0.99215996
5498	2908	0.9921213
5498	2028	0.9886169
5498	1916	0.98117554
5498	1183	0.9715623
5499	480	0.99997455
5499	2268	0.9992658
5499	1641	0.99468154
5499	527	0.95698106
5499	1393	0.956338
5499	1573	0.9472811
5499	2572	0.9234964
5499	34	0.86807543
5499	3114	0.8334825
5499	2108	0.8324749
5500	1185	0.99961525
5500	2336	0.999182
5500	2890	0.9990443
5500	1271	0.99450386
5500	1962	0.99085534
5500	1533	0.98790205
5500	509	0.9864954
5500	912	0.96295
5500	3083	0.9209012
5500	2732	0.9071171
5501	2105	0.9998313
5501	785	0.99229586
5501	2140	0.9774673
5501	1573	0.9412842
5501	1204	0.93885684
5501	2672	0.92477596
5501	3017	0.9211465
5501	1298	0.8895891
5501	1248	0.8831396
5501	1259	0.8525785
5502	539	0.9999157
5502	1094	0.99972534
5502	356	0.99893
5502	2424	0.99353874
5502	678	0.9928782
5502	803	0.9863457
5502	3201	0.97875583
5502	105	0.97683525
5502	11	0.95329726
5502	2940	0.92458594
5503	2908	0.99166894
5503	1513	0.98058856
5503	2763	0.9486978
5503	2355	0.84777975
5503	2607	0.80483484
5503	2959	0.7139952
5503	2575	0.7020242
5503	1265	0.6722312
5503	1127	0.6055567
5503	1916	0.5493785
5504	2006	0.99979085
5504	2890	0.99851066
5504	466	0.9007652
5504	861	0.8624079
5504	736	0.859409
5504	1518	0.7268584
5504	507	0.61038595
5504	940	0.5281843
5504	2722	0.51781976
5504	317	0.5056156
5505	2087	0.9993416
5505	2085	0.9983709
5505	1912	0.9939749
5505	3264	0.9928571
5505	2139	0.99127597
5505	1344	0.9880135
5505	1260	0.9857407
5505	1179	0.9732358
5505	858	0.95888084
5505	2628	0.9568242
5506	2162	0.99873245
5506	2968	0.9947937
5506	2105	0.97246265
5506	1126	0.9244373
5506	1198	0.6070538
5506	1270	0.5967443
5506	2015	0.58661425
5506	2017	0.33353296
5506	1019	0.18336278
5506	356	0.17387429
5507	2410	0.9999992
5507	17	0.99967563
5507	902	0.9973054
5507	2617	0.99147063
5507	1616	0.97835636
5507	1173	0.9727147
5507	1804	0.9602099
5507	3004	0.9565438
5507	2710	0.939558
5507	2422	0.9358226
5508	785	0.99296916
5508	2598	0.988158
5508	2793	0.9873926
5508	2485	0.8981102
5508	2881	0.89054
5508	2724	0.86712176
5508	1173	0.84840775
5508	3101	0.84534824
5508	1911	0.8013636
5508	1645	0.761708
5509	199	0.9999993
5509	1244	0.99927413
5509	348	0.99850506
5509	858	0.99327195
5509	3422	0.9682578
5509	1224	0.96020854
5509	497	0.9468013
5509	2352	0.94234145
5509	1198	0.9289354
5509	36	0.9203079
5510	2947	0.9995245
5510	733	0.99795175
5510	2571	0.9915174
5510	1036	0.9856573
5510	1198	0.95572615
5510	2872	0.9290545
5510	377	0.9132808
5510	1291	0.88800305
5510	161	0.82664037
5510	1408	0.67080486
5511	1080	0.90353274
5511	350	0.8669945
5511	1762	0.8299843
5511	1586	0.7922594
5511	1267	0.760892
5511	3244	0.68645245
5511	145	0.67969924
5511	1218	0.6747581
5511	2070	0.6497214
5511	2841	0.640976
5512	1265	0.9999985
5512	597	0.9998964
5512	2291	0.9991032
5512	3247	0.9980211
5512	11	0.995906
5512	2321	0.9874091
5512	2375	0.98429334
5512	3072	0.9678341
5512	39	0.94409156
5512	2369	0.9231299
5513	1280	0.9976547
5513	1704	0.9762
5513	2303	0.95244634
5513	111	0.93266326
5513	1956	0.9296363
5513	3089	0.9276613
5513	1300	0.9185911
5513	858	0.8966605
5513	2070	0.87540984
5513	2745	0.86026573
5514	2712	0.97337073
5514	2858	0.95483196
5514	1959	0.8976318
5514	1485	0.8855836
5514	1196	0.8563845
5514	2676	0.7614769
5514	3408	0.7553626
5514	2504	0.65244156
5514	3160	0.6405326
5514	185	0.6404312
5515	1221	0.9999345
5515	858	0.99992025
5515	2017	0.9997889
5515	1967	0.9811107
5515	527	0.9801178
5515	2797	0.97335845
5515	2143	0.9700577
5515	2105	0.9332181
5515	2173	0.9319205
5515	1097	0.91400516
5516	2371	0.9999341
5516	2692	0.99188375
5516	1518	0.99141806
5516	2916	0.99054337
5516	3148	0.98997444
5516	357	0.9814408
5516	1259	0.9795283
5516	2396	0.97547066
5516	349	0.97428906
5516	3176	0.96431345
5517	3406	0.6825479
5517	929	0.33330658
5517	2874	0.331994
5517	1219	0.17504391
5517	935	0.16228232
5517	3049	0.1190235
5517	2612	0.10885611
5517	3153	0.1059235
5517	1301	0.07814255
5517	1311	0.06970996
5518	1391	0.99999905
5518	2124	0.99845064
5518	2002	0.9938922
5518	1653	0.989732
5518	2841	0.98879707
5518	1	0.9783008
5518	1396	0.97699416
5518	2155	0.95289373
5518	2889	0.9455875
5518	1883	0.9442941
5519	1391	0.9997542
5519	1831	0.99743515
5519	919	0.9913127
5519	1287	0.9889827
5519	2406	0.98886716
5519	2105	0.97942305
5519	2124	0.97559315
5519	2640	0.9704455
5519	1968	0.96822065
5519	1230	0.96151507
5520	318	0.9999564
5520	1617	0.99975383
5520	908	0.99935955
5520	1704	0.9852033
5520	1580	0.9774635
5520	2723	0.9656261
5520	10	0.96012926
5520	1240	0.9363885
5520	1196	0.91197634
5520	1270	0.88547695
5521	1639	0.99989706
5521	150	0.9982912
5521	2997	0.99728465
5521	1198	0.99349844
5521	3005	0.99056304
5521	2605	0.9539254
5521	1673	0.9472123
5521	589	0.93205553
5521	454	0.92604196
5521	3301	0.8977572
5522	593	0.99792296
5522	2463	0.99385405
5522	265	0.98924226
5522	1296	0.97399735
5522	1077	0.97253954
5522	1393	0.96964276
5522	2683	0.9506254
5522	233	0.93856645
5522	1682	0.9356242
5522	1294	0.9254575
5523	2720	0.99988264
5523	1391	0.9854428
5523	3421	0.9674994
5523	2987	0.9600557
5523	435	0.95470124
5523	141	0.94693244
5523	1380	0.93696225
5523	736	0.9302843
5523	2671	0.9279281
5523	2944	0.91198355
5524	1947	0.95637393
5524	3396	0.9479799
5524	492	0.9381697
5524	1487	0.87954175
5524	909	0.8728783
5524	1907	0.86724496
5524	491	0.7748865
5524	920	0.75538886
5524	1091	0.5840968
5524	3285	0.49333832
5525	1377	0.97220325
5525	153	0.95413107
5525	34	0.9423507
5525	1544	0.51931965
5525	2355	0.50456387
5525	339	0.41298956
5525	527	0.31299934
5525	2628	0.21897367
5525	1704	0.15881279
5525	1210	0.1378263
5526	1958	0.9991038
5526	1729	0.99789774
5526	3424	0.9970777
5526	1250	0.9966693
5526	1783	0.98401165
5526	1411	0.9831988
5526	908	0.98302484
5526	1228	0.9790044
5526	2750	0.9747352
5526	3359	0.9430317
5527	1704	0.99989104
5527	1466	0.9695095
5527	2959	0.9116002
5527	1784	0.8784338
5527	608	0.86693704
5527	1213	0.815055
5527	10	0.803432
5527	2997	0.69553035
5527	590	0.61413014
5527	553	0.5936254
5528	1207	0.99994063
5528	608	0.9989039
5528	2132	0.993345
5528	1267	0.9931805
5528	50	0.9915291
5528	953	0.98731863
5528	2908	0.9745425
5528	193	0.9590112
5528	2997	0.9499641
5528	1952	0.9413861
5529	2002	0.97782695
5529	920	0.96559906
5529	1754	0.8904724
5529	1197	0.84922236
5529	2072	0.78941154
5529	1968	0.5677972
5529	1221	0.5581033
5529	3252	0.33235046
5529	2380	0.3189621
5529	2169	0.19098815
5530	532	0.999261
5530	6	0.99846524
5530	724	0.9792933
5530	353	0.9785794
5530	2694	0.95899105
5530	708	0.95382017
5530	1091	0.916242
5530	574	0.90090084
5530	333	0.88579774
5530	1196	0.86689997
5531	3418	0.99737084
5531	1240	0.9964817
5531	2427	0.99119973
5531	1459	0.9885086
5531	1196	0.9833721
5531	1580	0.9797244
5531	3267	0.9728481
5531	1036	0.968727
5531	2529	0.96868646
5531	1833	0.9419364
5532	3157	0.99660444
5532	246	0.99655503
5532	1586	0.992399
5532	1120	0.97981733
5532	765	0.9773199
5532	1682	0.95759976
5532	528	0.94260955
5532	605	0.9199056
5532	2501	0.9154051
5532	1801	0.91359705
5533	154	0.9997572
5533	1419	0.99603766
5533	111	0.99573886
5533	1193	0.99382764
5533	1354	0.9927163
5533	1097	0.9727254
5533	529	0.9279835
5533	2070	0.88565123
5533	1186	0.6952581
5533	2357	0.665177
5534	969	1.0
5534	2676	0.99989486
5534	1387	0.9995632
5534	1230	0.9922949
5534	1287	0.9763
5534	3005	0.9689029
5534	2664	0.968546
5534	3404	0.9671992
5534	2574	0.95278835
5534	3175	0.93491066
5535	1225	0.99816763
5535	3006	0.97513103
5535	590	0.9708544
5535	588	0.9639982
5535	3089	0.96324587
5535	1952	0.9541923
5535	527	0.94302815
5535	2700	0.9393586
5535	1277	0.9393208
5535	2657	0.9297712
5536	150	0.9998355
5536	1377	0.99977446
5536	1060	0.99959695
5536	2908	0.9990713
5536	1147	0.99113214
5536	3253	0.98490226
5536	1405	0.9694495
5536	1234	0.9367463
5536	1962	0.93501925
5536	1391	0.9325937
5537	1203	0.93032086
5537	260	0.9297798
5537	1193	0.86086416
5537	608	0.79464394
5537	162	0.7820728
5537	527	0.6248242
5537	858	0.56752557
5537	541	0.52583605
5537	2087	0.48918328
5537	1617	0.42170388
5538	1968	0.991536
5538	2917	0.9841117
5538	1198	0.97935927
5538	1376	0.9705665
5538	1957	0.9659815
5538	914	0.95558727
5538	2701	0.9513527
5538	1270	0.94459176
5538	1959	0.9439708
5538	3251	0.9341493
5539	3174	0.999744
5539	1086	0.9993744
5539	2966	0.9962089
5539	3334	0.98900545
5539	3051	0.98859763
5539	1361	0.963127
5539	1036	0.94244975
5539	2806	0.9388558
5539	1282	0.9298787
5539	3097	0.86297846
5540	2951	0.9999883
5540	553	0.9990753
5540	2662	0.9966316
5540	3366	0.97454053
5540	2628	0.973554
5540	2520	0.95136046
5540	587	0.92549783
5540	1356	0.8700802
5540	2288	0.789759
5540	599	0.7474898
5541	2028	0.9992913
5541	1228	0.9965379
5541	1208	0.98175234
5541	1217	0.9019829
5541	111	0.85527945
5541	1860	0.80844706
5541	1953	0.62426066
5541	1704	0.33985987
5541	1222	0.27434975
5541	593	0.26690453
5542	1244	0.99999714
5542	2932	0.99887156
5542	750	0.99698865
5542	1247	0.994383
5542	3384	0.9562929
5542	3363	0.9479586
5542	2524	0.9200132
5542	1194	0.9030289
5542	1207	0.8868046
5542	2522	0.8204008
5543	1676	0.9939459
5543	1274	0.992229
5543	1372	0.9830128
5543	1584	0.9789364
5543	2628	0.9774927
5543	223	0.9631568
5543	3000	0.9629033
5543	1527	0.951607
5543	2916	0.9067106
5543	253	0.89898413
5544	2763	0.99800134
5544	2841	0.9909165
5544	2701	0.9908123
5544	2840	0.9905584
5544	2580	0.93767357
5544	2997	0.93371147
5544	2571	0.9329457
5544	3160	0.93179
5544	2433	0.8766585
5544	2028	0.8642294
5545	1278	0.99982095
5545	3067	0.9952527
5545	1230	0.9941497
5545	2858	0.9907718
5545	1234	0.9898834
5545	232	0.97778356
5545	910	0.971671
5545	296	0.96632576
5545	905	0.9575035
5545	3365	0.9476652
5546	1215	0.9999507
5546	260	0.9999243
5546	3018	0.99845505
5546	2657	0.99838495
5546	1982	0.99480647
5546	2529	0.9817363
5546	1219	0.9779906
5546	1084	0.97778296
5546	1261	0.96797055
5546	2797	0.9554073
5547	2469	0.9999901
5547	1620	0.99968326
5547	708	0.99667686
5547	2710	0.99552834
5547	7	0.98862535
5547	3081	0.9771272
5547	914	0.9585532
5547	3263	0.92274296
5547	1569	0.91759235
5547	2724	0.9150132
5548	2959	0.9998454
5548	1641	0.99878806
5548	1225	0.99255466
5548	1721	0.9853424
5548	180	0.9415916
5548	2599	0.9320018
5548	3160	0.8738109
5548	341	0.8280097
5548	3252	0.77350116
5548	1230	0.76996845
5549	260	0.95545965
5549	1084	0.94355655
5549	1230	0.32434905
5549	367	0.3195045
5549	3052	0.26970062
5549	1196	0.26814163
5549	1953	0.23752382
5549	1617	0.23209813
5549	1204	0.21941537
5549	1304	0.115486324
5550	1193	0.9994132
5550	1876	0.9651099
5550	1206	0.94175875
5550	2997	0.8840766
5550	2987	0.86604834
5550	2087	0.8593222
5550	903	0.83073914
5550	708	0.7877057
5550	2699	0.7784896
5550	3396	0.7220759
5551	3334	0.9874407
5551	1258	0.98237073
5551	922	0.9161175
5551	1284	0.91353023
5551	608	0.71834856
5551	2654	0.68859744
5551	908	0.34503314
5551	1719	0.1726695
5551	1344	0.16198432
5551	2726	0.15911508
5552	82	0.992236
5552	2794	0.9866178
5552	3101	0.9533453
5552	1221	0.8766805
5552	2247	0.83590615
5552	36	0.8123123
5552	2369	0.8021782
5552	2259	0.8021711
5552	21	0.7731357
5552	902	0.67702967
5553	3260	0.9998871
5553	1203	0.9995129
5553	590	0.99948853
5553	1250	0.9972799
5553	2946	0.9840954
5553	356	0.9746122
5553	2006	0.9589249
5553	2916	0.92538553
5553	1729	0.9157997
5553	1206	0.90306985
5554	2311	0.999902
5554	3033	0.9997149
5554	2527	0.999174
5554	2363	0.99730563
5554	1253	0.9930191
5554	1376	0.99162006
5554	1653	0.99124944
5554	671	0.9904069
5554	2657	0.9829957
5554	1301	0.98263884
5555	1653	0.9951621
5555	1833	0.99005085
5555	1097	0.93216676
5555	903	0.9218645
5555	2918	0.87818193
5555	50	0.8565556
5555	2398	0.85294616
5555	1912	0.816072
5555	70	0.78812027
5555	3386	0.75402355
5556	1022	0.9996769
5556	2628	0.9990667
5556	1206	0.99557054
5556	1301	0.9937619
5556	2455	0.9838004
5556	1059	0.97655725
5556	3175	0.95228946
5556	2968	0.9337767
5556	596	0.90225065
5556	2985	0.7980499
5557	1231	0.9999972
5557	1747	0.99986255
5557	1079	0.9996143
5557	36	0.994822
5557	1244	0.99101377
5557	3361	0.9898945
5557	1953	0.9848232
5557	2065	0.97021574
5557	1285	0.9609798
5557	1078	0.9545465
5558	631	0.9954113
5558	1909	0.9414701
5558	1032	0.93028504
5558	1015	0.83312285
5558	2193	0.7084063
5558	2012	0.55887294
5558	1405	0.5566542
5558	2057	0.4663592
5558	2858	0.4663392
5558	1214	0.41461766
5559	1213	0.99948114
5559	110	0.9823728
5559	2028	0.90552646
5559	2762	0.8927038
5559	3160	0.76352453
5559	590	0.3252873
5559	1704	0.31204283
5559	1094	0.28029823
5559	2908	0.19992757
5559	1673	0.11368093
5560	1584	0.999959
5560	260	0.9979623
5560	2916	0.99736047
5560	904	0.96760416
5560	1200	0.94187504
5560	318	0.9246994
5560	2640	0.9192686
5560	2858	0.8689755
5560	1610	0.81059986
5560	1127	0.74884176
5561	3178	0.99974144
5561	3159	0.9992393
5561	589	0.99916863
5561	581	0.9978108
5561	1042	0.99763405
5561	1784	0.9967278
5561	1	0.98801494
5561	2916	0.9868864
5561	3006	0.98580253
5561	1580	0.9600991
5562	920	0.99999917
5562	534	0.997653
5562	1193	0.9968688
5562	1957	0.99609256
5562	1286	0.99605083
5562	2147	0.9928794
5562	2398	0.9907034
5562	1873	0.9898443
5562	2683	0.9886541
5562	2046	0.9738199
5563	1641	0.9974531
5563	2355	0.9865564
5563	110	0.98236424
5563	25	0.94792056
5563	17	0.8744461
5563	480	0.83350873
5563	2321	0.7875533
5563	608	0.6547662
5563	1042	0.6014886
5563	529	0.5877917
5564	3060	0.9972387
5564	1249	0.992363
5564	2959	0.99215245
5564	2337	0.88869774
5564	1885	0.8682859
5564	2150	0.78797805
5564	373	0.7636161
5564	3102	0.7413119
5564	2443	0.72948384
5564	745	0.67910945
5565	1284	0.999946
5565	1535	0.99992657
5565	196	0.9961122
5565	930	0.9955927
5565	898	0.99091446
5565	1748	0.9905529
5565	509	0.97658837
5565	1408	0.97422564
5565	1909	0.974057
5565	1480	0.9716877
5566	1208	0.9991767
5566	1193	0.9952532
5566	1356	0.99152076
5566	1586	0.9829227
5566	2858	0.98114336
5566	2949	0.98062
5566	1224	0.9573176
5566	1298	0.93970287
5566	2087	0.91260874
5566	1073	0.90101564
5567	1281	0.99178517
5567	1250	0.98856956
5567	912	0.9783312
5567	2268	0.9681859
5567	3251	0.96052253
5567	3421	0.9288661
5567	3334	0.922199
5567	3260	0.91625094
5567	1296	0.90819085
5567	150	0.83940756
5568	361	0.9944215
5568	1356	0.9877062
5568	110	0.9856334
5568	2471	0.98197937
5568	919	0.954009
5568	587	0.9466029
5568	2617	0.9420776
5568	493	0.8790689
5568	1721	0.84457517
5568	539	0.839894
5569	480	0.9992888
5569	1678	0.9992678
5569	497	0.996459
5569	471	0.99568605
5569	1962	0.9846495
5569	3358	0.9833113
5569	2020	0.98251796
5569	1183	0.978963
5569	3252	0.9758514
5569	953	0.96753967
5570	208	0.9998942
5570	1917	0.99973524
5570	951	0.9994926
5570	1562	0.99898154
5570	1882	0.9970368
5570	3274	0.99534756
5570	367	0.9945544
5570	2692	0.9940794
5570	172	0.9920625
5570	198	0.9911454
5571	3089	0.9999711
5571	2186	0.9999332
5571	929	0.99477184
5571	1294	0.99288666
5571	1952	0.979388
5571	1224	0.97286737
5571	260	0.94335705
5571	2529	0.93331236
5571	1198	0.9006944
5571	933	0.8860172
5572	1036	0.99988717
5572	1198	0.999557
5572	1620	0.9927983
5572	733	0.92576516
5572	260	0.8902062
5572	1196	0.85214305
5572	1097	0.81825423
5572	1617	0.7982248
5572	457	0.7825591
5572	999	0.7755466
5573	1252	0.99657094
5573	969	0.9530517
5573	3051	0.9330213
5573	1041	0.9254616
5573	1225	0.9209541
5573	903	0.7019845
5573	3152	0.60911477
5573	1304	0.54023635
5573	3198	0.53009284
5573	1095	0.5205796
5574	2078	0.99994314
5574	2901	0.9767055
5574	1014	0.95344245
5574	253	0.9517926
5574	1321	0.93989897
5574	2995	0.93625665
5574	1623	0.92387474
5574	1717	0.91049385
5574	1973	0.88081867
5574	2971	0.866953
5575	1081	0.9999838
5575	2015	0.99821913
5575	541	0.9960438
5575	2082	0.99045116
5575	2997	0.9630084
5575	2724	0.95297194
5575	1641	0.9515307
5575	551	0.9394871
5575	1848	0.93867755
5575	344	0.92433596
5576	2406	0.9998657
5576	914	0.99933606
5576	2028	0.9950437
5576	2947	0.9796477
5576	48	0.97130287
5576	2762	0.963768
5576	1215	0.9460862
5576	1188	0.93318033
5576	1416	0.8945109
5576	480	0.8823771
5577	608	0.0054852366
5577	593	0.0020060837
5577	2858	0.0017823279
5577	1783	0.00081285834
5577	994	0.00055179
5577	50	0.00011887961
5577	3385	0.000116807074
5577	2628	0.000114579176
5577	1729	0.000111772526
5577	735	0.00010461974
5578	1240	0.9999354
5578	1200	0.99981433
5578	110	0.9977001
5578	1198	0.9947085
5578	377	0.98516536
5578	1394	0.9751345
5578	2918	0.97354573
5578	3114	0.96417713
5578	2329	0.956776
5578	1127	0.94337475
5579	1193	0.9987974
5579	1293	0.8349606
5579	1225	0.82244074
5579	920	0.75586545
5579	2804	0.62476486
5579	2858	0.53204584
5579	1196	0.52755105
5579	800	0.25863862
5579	2023	0.24805719
5579	260	0.24549383
5580	920	0.99815476
5580	2968	0.99633306
5580	1674	0.99462974
5580	1270	0.988669
5580	1307	0.9855759
5580	1704	0.9596364
5580	2671	0.94573426
5580	377	0.9186981
5580	2872	0.9121016
5580	2746	0.9115926
5581	1198	0.9998737
5581	1200	0.98691636
5581	260	0.84616375
5581	1291	0.66019136
5581	2000	0.575599
5581	589	0.4361887
5581	50	0.35860717
5581	1214	0.29911685
5581	1610	0.115059555
5581	110	0.09524676
5582	912	0.9999981
5582	955	0.9995689
5582	1952	0.99954677
5582	923	0.9994422
5582	1961	0.9986075
5582	1066	0.99712825
5582	1387	0.9939796
5582	929	0.9861044
5582	2300	0.98516154
5582	2936	0.98212063
5583	2401	0.9997134
5583	1287	0.9974399
5583	2366	0.9954498
5583	1084	0.99462223
5583	458	0.9712867
5583	2976	0.96846884
5583	940	0.9669125
5583	2000	0.9548701
5583	213	0.92435116
5583	446	0.89018357
5584	1387	0.99773496
5584	2780	0.9917848
5584	2366	0.97309405
5584	924	0.91940826
5584	2747	0.8694384
5584	2076	0.8280162
5584	3275	0.7511622
5584	2951	0.65400505
5584	2712	0.5993554
5584	2948	0.553629
5585	1197	1.0
5585	1214	0.99998385
5585	1620	0.99973726
5585	762	0.9991119
5585	3210	0.9940878
5585	1259	0.9932736
5585	2020	0.98129845
5585	1912	0.9789433
5585	1307	0.93668866
5585	3421	0.9023748
5586	50	1.0
5586	1213	0.9999436
5586	3101	0.9975846
5586	782	0.9956689
5586	1089	0.9761219
5586	527	0.83153695
5586	162	0.6015641
5586	2599	0.5947093
5586	593	0.59418
5586	1259	0.32528615
5587	2541	0.9996979
5587	2858	0.93492174
5587	3142	0.8757433
5587	593	0.8629767
5587	2734	0.8142861
5587	2701	0.7809613
5587	1093	0.5169668
5587	2805	0.49727902
5587	913	0.28433603
5587	1513	0.27169746
5588	1244	0.9616488
5588	318	0.94661236
5588	3046	0.9417716
5588	2300	0.87871534
5588	1952	0.8643948
5588	307	0.8299568
5588	1945	0.6910836
5588	2398	0.65140563
5588	1288	0.6308851
5588	1230	0.5839748
5589	1964	1.0
5589	73	0.9997787
5589	1950	0.99838036
5589	2583	0.9922445
5589	1362	0.99105203
5589	593	0.96932584
5589	2858	0.91065574
5589	3101	0.885923
5589	3089	0.8842163
5589	1589	0.7703911
5590	1649	0.98640007
5590	3160	0.95398986
5590	1361	0.83405733
5590	213	0.81515837
5590	80	0.81352395
5590	1095	0.7930035
5590	2028	0.78709245
5590	556	0.7541156
5590	1961	0.6907146
5590	3317	0.61443937
5591	2858	0.99962413
5591	1196	0.9994843
5591	2023	0.99868476
5591	2908	0.9983112
5591	1483	0.9954947
5591	2959	0.9952668
5591	2861	0.98947394
5591	912	0.9245233
5591	1961	0.9208597
5591	1198	0.8998655
5592	329	0.9998102
5592	2495	0.99957716
5592	2046	0.98440766
5592	2528	0.9755341
5592	2012	0.94639134
5592	1019	0.9340553
5592	674	0.9022819
5592	2009	0.82001704
5592	2916	0.8088213
5592	2455	0.7274255
5593	1198	0.99995375
5593	1291	0.9976141
5593	1206	0.9950906
5593	2009	0.9873249
5593	3101	0.9864012
5593	1320	0.98466456
5593	1288	0.98270345
5593	969	0.9815608
5593	50	0.9814787
5593	150	0.9804537
5594	2333	0.999937
5594	1252	0.99978256
5594	3363	0.9990938
5594	1957	0.99880433
5594	111	0.9987308
5594	1204	0.99805224
5594	920	0.9979259
5594	58	0.9969411
5594	1214	0.9956131
5594	1247	0.99494684
5595	1590	0.9998621
5595	1527	0.99968636
5595	1387	0.9987726
5595	1756	0.99854684
5595	2692	0.9983883
5595	648	0.9933272
5595	2000	0.9766004
5595	480	0.9412832
5595	2761	0.92241466
5595	1214	0.89549106
5596	3114	0.99991006
5596	2352	0.99759054
5596	3421	0.9930378
5596	904	0.9887899
5596	1968	0.9880166
5596	1077	0.9792957
5596	1299	0.9783975
5596	1287	0.96682715
5596	1220	0.9661776
5596	1356	0.9506713
5597	735	0.99950457
5597	2315	0.9944445
5597	1261	0.99367416
5597	1998	0.7786331
5597	2634	0.67344546
5597	2483	0.66537863
5597	407	0.49890143
5597	1196	0.41881502
5597	1347	0.34900784
5597	2338	0.31468254
5598	2622	0.9994328
5598	1907	0.9972248
5598	1777	0.9968793
5598	2916	0.9861349
5598	2567	0.977419
5598	2028	0.971705
5598	2427	0.9515612
5598	2671	0.94648373
5598	778	0.919143
5598	2124	0.9182736
5599	1542	1.0
5599	2025	0.9950573
5599	2629	0.99283314
5599	3016	0.9906782
5599	2006	0.98630875
5599	2316	0.9767082
5599	3285	0.9673755
5599	708	0.92982304
5599	1777	0.8524506
5599	362	0.8500151
5600	1270	0.99911416
5600	1097	0.9973339
5600	236	0.9969516
5600	2396	0.9968427
5600	52	0.9913888
5600	2918	0.9897242
5600	1394	0.9825686
5600	497	0.9823464
5600	1247	0.98036844
5600	2973	0.9755227
5601	1089	0.99814653
5601	1466	0.9921819
5601	899	0.9915942
5601	924	0.98931444
5601	832	0.9823984
5601	1210	0.9749367
5601	6	0.9346997
5601	1148	0.91705346
5601	1358	0.8809232
5601	919	0.8752097
5602	2791	0.9992193
5602	2987	0.9943776
5602	590	0.9926106
5602	1721	0.98569393
5602	2336	0.9837098
5602	2669	0.9794391
5602	1304	0.974287
5602	2716	0.94720066
5602	3174	0.81469107
5602	3175	0.77761745
5603	1348	0.9991945
5603	2648	0.99907416
5603	2028	0.9982987
5603	1617	0.99498284
5603	2019	0.9942924
5603	1094	0.98343766
5603	1079	0.92497694
5603	1196	0.8975224
5603	735	0.87752044
5603	1912	0.8760764
5604	1242	0.9975313
5604	2565	0.9951527
5604	2080	0.99407387
5604	1222	0.9928678
5604	2728	0.98640144
5604	2687	0.98608303
5604	923	0.969542
5604	2652	0.95670104
5604	3102	0.94000274
5604	1176	0.93714726
5605	593	0.9965897
5605	208	0.99566233
5605	661	0.99321055
5605	736	0.9851463
5605	1018	0.9691824
5605	2762	0.9665544
5605	457	0.9638623
5605	1954	0.9416777
5605	1304	0.87859005
5605	832	0.87276286
5606	1091	0.979653
5606	3072	0.93142235
5606	2396	0.91803527
5606	527	0.8992543
5606	3042	0.6795074
5606	912	0.6128434
5606	2692	0.6060108
5606	2657	0.56154925
5606	3325	0.5558459
5606	1196	0.48411435
5607	2861	0.9998969
5607	2918	0.99963367
5607	2321	0.9992113
5607	2915	0.99631935
5607	2706	0.99622285
5607	371	0.9915322
5607	1641	0.9890914
5607	1297	0.9886138
5607	2959	0.9845837
5607	1080	0.9834317
5608	2028	0.997756
5608	1250	0.98064584
5608	1945	0.9344133
5608	2692	0.7760966
5608	3160	0.7190784
5608	527	0.5537244
5608	1231	0.55104136
5608	1961	0.45293278
5608	608	0.43527445
5608	1090	0.40444088
5609	978	0.9995584
5609	608	0.9909144
5609	1952	0.9695693
5609	1250	0.9453555
5609	1247	0.8518364
5609	1580	0.72228813
5609	2132	0.61360544
5609	318	0.5990737
5609	464	0.59706616
5609	111	0.59181374
5610	593	0.9894304
5610	1885	0.9874171
5610	300	0.97803724
5610	1704	0.97326803
5610	162	0.9516249
5610	527	0.87883925
5610	455	0.87388194
5610	1784	0.82004404
5610	1198	0.51074153
5610	3418	0.47616246
5611	589	0.98000526
5611	2571	0.9715822
5611	780	0.9550303
5611	2533	0.7895731
5611	1206	0.7683128
5611	13	0.7056269
5611	2793	0.6929854
5611	480	0.6912865
5611	1240	0.6899767
5611	750	0.6681142
5612	2541	0.9999926
5612	2572	0.9999907
5612	2683	0.9999834
5612	2706	0.99990726
5612	2369	0.9998604
5612	3016	0.9995139
5612	2707	0.9994964
5612	2713	0.99921536
5612	2599	0.99773836
5612	2961	0.9975656
5613	3421	0.99997246
5613	933	0.9996493
5613	1304	0.9987898
5613	1923	0.9952177
5613	3219	0.99225897
5613	802	0.979336
5613	952	0.97543013
5613	2716	0.9645004
5613	2863	0.94830596
5613	2959	0.90406543
5614	480	0.9992796
5614	2664	0.97491634
5614	272	0.9324821
5614	300	0.92994034
5614	1291	0.90515846
5614	110	0.8938811
5614	2395	0.8560551
5614	2028	0.8475989
5614	2348	0.8273413
5614	468	0.7960757
5615	52	0.9999819
5615	2289	0.99927115
5615	316	0.99339926
5615	1265	0.98813236
5615	1393	0.97631997
5615	3247	0.972859
5615	1729	0.95256066
5615	3254	0.9336345
5615	16	0.8847873
5615	50	0.87865704
5616	3040	0.99999595
5616	1252	0.99988735
5616	1963	0.9914856
5616	1207	0.9908595
5616	916	0.9872984
5616	2028	0.9746804
5616	1380	0.97269785
5616	1208	0.96747434
5616	608	0.95701766
5616	3097	0.954934
5617	3062	0.9938426
5617	969	0.9668259
5617	349	0.9664301
5617	3036	0.945354
5617	836	0.85174185
5617	2028	0.84040296
5617	1552	0.82096434
5617	3408	0.8026743
5617	592	0.80161107
5617	1220	0.67657065
5618	2396	0.9999912
5618	1537	0.99996305
5618	2506	0.9926523
5618	1704	0.99253917
5618	1357	0.9900608
5618	1343	0.9706707
5618	3147	0.96650565
5618	2302	0.9643971
5618	3397	0.9643111
5618	50	0.9634874
5619	1947	0.999112
5619	902	0.9965497
5619	2959	0.9896358
5619	1188	0.987294
5619	17	0.9871019
5619	2471	0.9856775
5619	587	0.9760188
5619	3005	0.9742193
5619	2581	0.9717164
5619	1193	0.96744144
5620	1674	0.999591
5620	1036	0.9973149
5620	11	0.98634595
5620	1220	0.98533565
5620	3359	0.98411417
5620	2407	0.9757476
5620	3363	0.9503577
5620	2517	0.94982994
5620	1961	0.939172
5620	852	0.9334326
5621	1680	0.9921142
5621	471	0.98804545
5621	1393	0.9853445
5621	1722	0.9706736
5621	372	0.95959055
5621	2006	0.9505477
5621	1517	0.9493226
5621	293	0.9477899
5621	527	0.9462433
5621	3386	0.9411861
5622	955	0.9952614
5622	2804	0.9868851
5622	2289	0.9434484
5622	1252	0.9270544
5622	3421	0.9190328
5622	1223	0.90899676
5622	1259	0.88947415
5622	3022	0.78096235
5622	1254	0.7343196
5622	3072	0.72479403
5623	1196	0.9996912
5623	2100	0.9926803
5623	2000	0.9878961
5623	2463	0.98396456
5623	2736	0.930154
5623	2797	0.9053955
5623	1199	0.90003866
5623	2288	0.8969556
5623	3398	0.89110184
5623	1374	0.8893354
5624	1374	0.99758786
5624	1676	0.9975718
5624	1391	0.9966073
5624	1356	0.995592
5624	10	0.994352
5624	163	0.98574203
5624	1408	0.9814005
5624	2529	0.98138833
5624	1527	0.9733075
5624	1876	0.9594947
5625	2300	0.9999763
5625	1729	0.9981551
5625	2936	0.9975947
5625	1078	0.9830301
5625	164	0.9741662
5625	1207	0.97101396
5625	910	0.9693613
5625	2863	0.95453036
5625	2677	0.950403
5625	2384	0.91561407
5626	1356	0.99879324
5626	1201	0.9983003
5626	1682	0.99727744
5626	2531	0.96433175
5626	3406	0.9494585
5626	2369	0.9490831
5626	1961	0.9489025
5626	1008	0.9451685
5626	145	0.91349685
5626	2762	0.9127804
5627	1097	0.9979114
5627	420	0.98552895
5627	1779	0.9686446
5627	1253	0.912204
5627	2701	0.9089607
5627	2723	0.9034599
5627	1250	0.84340537
5627	3261	0.83948636
5627	1094	0.8316489
5627	1274	0.82061595
5628	1210	0.99992585
5628	3271	0.96476734
5628	1280	0.8656225
5628	1923	0.8389513
5628	788	0.83863336
5628	2361	0.8244052
5628	527	0.8075938
5628	1193	0.77232945
5628	1457	0.76931316
5628	380	0.6935998
5629	1289	0.98988134
5629	1252	0.96914476
5629	904	0.96909976
5629	2863	0.944962
5629	2126	0.94324994
5629	1213	0.9380437
5629	1028	0.9266552
5629	1259	0.90659523
5629	3067	0.88184226
5629	2352	0.8455366
5630	1673	0.99328923
5630	661	0.97490156
5630	1147	0.97451454
5630	50	0.9708289
5630	3044	0.9707117
5630	1704	0.8803823
5630	3386	0.87951875
5630	32	0.869839
5630	1573	0.8588581
5630	2289	0.83617413
5631	111	0.9999943
5631	1221	0.9998695
5631	1293	0.99876934
5631	1222	0.998425
5631	1734	0.996572
5631	1965	0.99656963
5631	608	0.99360335
5631	1387	0.992144
5631	1797	0.98832667
5631	1208	0.98711205
5632	480	0.9996588
5632	2985	0.9760893
5632	2427	0.9550276
5632	998	0.94661784
5632	1916	0.8151057
5632	1961	0.7519444
5632	648	0.74905044
5632	260	0.713278
5632	1627	0.69129044
5632	2858	0.6349231
5633	1240	0.99997723
5633	260	0.99989414
5633	1200	0.9993495
5633	1653	0.9986001
5633	589	0.9974059
5633	480	0.9945425
5633	1376	0.97930956
5633	2916	0.9630969
5633	1214	0.8988761
5633	2529	0.862726
5634	24	0.9996781
5634	1573	0.9988558
5634	1525	0.9971525
5634	3175	0.96200407
5634	2640	0.95360875
5634	3358	0.94343483
5634	628	0.9131882
5634	6	0.9077841
5634	1479	0.85564446
5634	2321	0.84875566
5635	1361	0.99990606
5635	206	0.9992666
5635	162	0.9852073
5635	364	0.96780634
5635	260	0.9515677
5635	39	0.89920473
5635	1282	0.70197964
5635	1217	0.66124433
5635	3101	0.47126663
5635	1210	0.45301127
5636	1204	0.9741021
5636	2750	0.97368777
5636	2054	0.96692765
5636	3176	0.96029246
5636	2012	0.9433601
5636	1732	0.93273175
5636	969	0.87755156
5636	1209	0.86817765
5636	2259	0.8666911
5636	2402	0.8573588
5637	858	0.9995725
5637	2804	0.9991595
5637	2398	0.9927769
5637	485	0.98226774
5637	1580	0.9769677
5637	924	0.9552499
5637	1394	0.9448317
5637	2858	0.9423631
5637	1968	0.90585554
5637	912	0.8709954
5638	2001	0.9999051
5638	2150	0.9908819
5638	1693	0.9883367
5638	2908	0.98088443
5638	1961	0.97847044
5638	2858	0.9781538
5638	529	0.9730022
5638	3247	0.97231674
5638	628	0.9715715
5638	1962	0.9623178
5639	2889	0.91979873
5639	3129	0.7445162
5639	3114	0.6381278
5639	2700	0.6197987
5639	364	0.3587501
5639	3053	0.31864554
5639	48	0.19792739
5639	3158	0.17300221
5639	912	0.1545071
5639	2324	0.12136936
5640	2093	0.97292686
5640	3268	0.96533036
5640	2836	0.87367165
5640	1011	0.81944406
5640	589	0.8151479
5640	1405	0.8031563
5640	2040	0.78281605
5640	2949	0.78067553
5640	3102	0.7535243
5640	2883	0.735012
5641	2671	0.99999905
5641	222	0.9995353
5641	11	0.9941176
5641	1777	0.9825102
5641	3217	0.95692223
5641	2028	0.9507543
5641	58	0.94803876
5641	1641	0.93012774
5641	1673	0.90231305
5641	21	0.8765973
5642	1	0.9999961
5642	919	0.9993007
5642	1022	0.9978503
5642	1198	0.99783134
5642	3034	0.9951334
5642	1713	0.9904679
5642	1097	0.9871192
5642	1021	0.9362811
5642	1806	0.9301916
5642	1920	0.88551515
5643	1246	0.96641254
5643	1193	0.95523477
5643	2947	0.9412582
5643	509	0.924968
5643	2763	0.90987843
5643	2302	0.90230757
5643	41	0.83825743
5643	1250	0.7905601
5643	1909	0.7794961
5643	440	0.7774373
5644	2085	0.9999474
5644	3147	0.99097407
5644	2858	0.989398
5644	1625	0.98796225
5644	783	0.9820615
5644	1367	0.98191637
5644	2294	0.9815928
5644	2424	0.9795188
5644	2997	0.975879
5644	616	0.9572243
5645	3418	0.9982109
5645	480	0.9966539
5645	2291	0.9965025
5645	2012	0.9878781
5645	593	0.9800544
5645	2137	0.9782289
5645	1200	0.9761
5645	3088	0.9716956
5645	1387	0.96463287
5645	1376	0.9607706
5646	2193	0.9999244
5646	1291	0.9985565
5646	924	0.9984554
5646	1225	0.9979427
5646	1258	0.99701124
5646	110	0.98992616
5646	3408	0.98795235
5646	3081	0.9850277
5646	223	0.983639
5646	1968	0.98287714
5647	2762	0.99925804
5647	3039	0.99910647
5647	1220	0.99853265
5647	2542	0.99749327
5647	2376	0.9965197
5647	2174	0.9945794
5647	1188	0.99442005
5647	858	0.9919745
5647	648	0.9885802
5647	1	0.9846784
5648	2581	0.99839747
5648	2571	0.99749887
5648	2167	0.9427079
5648	1265	0.8806294
5648	2875	0.86951536
5648	2916	0.8226044
5648	2354	0.82180446
5648	940	0.81629246
5648	2858	0.8150889
5648	2761	0.75355834
5649	1280	0.998096
5649	1907	0.9935952
5649	3100	0.9925084
5649	58	0.9898216
5649	3253	0.985899
5649	1042	0.977237
5649	2384	0.9736543
5649	2294	0.96619475
5649	1408	0.9615433
5649	1372	0.95558774
5650	3054	0.9994529
5650	2054	0.99768007
5650	1196	0.97385645
5650	2294	0.97228533
5650	1064	0.9722511
5650	788	0.9549844
5650	2917	0.95298874
5650	1234	0.9214268
5650	1240	0.9003482
5650	7	0.847383
5651	1022	0.99999595
5651	2080	0.9965588
5651	919	0.99425757
5651	48	0.9845371
5651	3113	0.8772111
5651	1029	0.8531376
5651	2565	0.7332432
5651	356	0.64743066
5651	914	0.5881737
5651	2018	0.5271679
5652	2231	1.0
5652	2268	0.99907607
5652	1589	0.9958496
5652	2542	0.99421924
5652	1213	0.99167764
5652	2692	0.9912658
5652	1059	0.9609221
5652	1639	0.84958124
5652	1647	0.8412516
5652	1193	0.8191574
5653	2883	0.9729489
5653	3421	0.9677987
5653	1079	0.9631382
5653	2941	0.9530997
5653	2997	0.94186556
5653	3163	0.9366869
5653	36	0.920702
5653	3160	0.92067206
5653	2289	0.9108188
5653	2908	0.901688
5654	3174	0.9955595
5654	2716	0.9933687
5654	21	0.98347986
5654	733	0.9759611
5654	1136	0.9661701
5654	858	0.95719624
5654	2976	0.95049787
5654	2161	0.92640066
5654	1199	0.91903406
5654	1500	0.90410936
5655	783	0.9999998
5655	1	0.9994151
5655	1408	0.99858636
5655	1907	0.99740565
5655	364	0.9970592
5655	1611	0.99585676
5655	3252	0.99219555
5655	1610	0.9778974
5655	1682	0.9651278
5655	163	0.9588595
5656	615	0.97996706
5656	2959	0.94997823
5656	290	0.80579126
5656	1251	0.752995
5656	2476	0.7340035
5656	3217	0.6159991
5656	1221	0.45151392
5656	1304	0.42113987
5656	1860	0.27897567
5656	2369	0.23560444
5657	1552	0.99997413
5657	474	0.9998722
5657	6	0.99983084
5657	1610	0.9993521
5657	480	0.9993439
5657	595	0.99830675
5657	25	0.9973546
5657	1608	0.9962417
5657	349	0.9956198
5657	3255	0.9953488
5658	1008	0.99992025
5658	2987	0.99565196
5658	2701	0.9923459
5658	329	0.9897753
5658	2023	0.9885801
5658	2628	0.983796
5658	3417	0.92267454
5658	1291	0.8639456
5658	1210	0.79874456
5658	246	0.7872391
5659	509	0.99858546
5659	3081	0.99788547
5659	708	0.99770045
5659	1393	0.9957998
5659	2959	0.9957759
5659	24	0.9952466
5659	3108	0.99464834
5659	2369	0.9926555
5659	780	0.9891448
5659	2881	0.98472416
5660	95	0.9957434
5660	593	0.9952871
5660	2858	0.9896388
5660	3036	0.9868288
5660	3108	0.9624927
5660	2908	0.95498526
5660	2598	0.7649629
5660	3186	0.6586961
5660	288	0.61229813
5660	2959	0.57035816
5661	1304	0.9993992
5661	1233	0.9988481
5661	750	0.99825823
5661	1747	0.9899685
5661	1247	0.9804933
5661	1262	0.9744886
5661	1095	0.9634186
5661	2947	0.94801736
5661	1213	0.9442307
5661	2010	0.94352436
5662	185	0.99823886
5662	1037	0.98230046
5662	2389	0.9722234
5662	2273	0.9706501
5662	353	0.9391157
5662	377	0.92790174
5662	1210	0.919678
5662	780	0.90400946
5662	688	0.9007031
5662	50	0.8876308
5663	2355	0.99948627
5663	1127	0.9904314
5663	1580	0.9813484
5663	1722	0.93995583
5663	1396	0.9322411
5663	1101	0.9035469
5663	3408	0.78277063
5663	48	0.76603866
5663	635	0.58752704
5663	47	0.54402596
5664	1097	0.9983472
5664	1909	0.99772227
5664	1831	0.9883175
5664	1339	0.98570013
5664	1188	0.9573469
5664	2140	0.94698584
5664	1023	0.9315964
5664	2699	0.8840004
5664	2085	0.8717824
5664	1921	0.8490746
5665	1196	0.9994595
5665	750	0.9504745
5665	1228	0.94500935
5665	1210	0.9276704
5665	111	0.7414738
5665	1214	0.64692724
5665	1387	0.5608623
5665	2804	0.5557518
5665	2728	0.26902783
5665	1293	0.18539667
5666	47	0.99979115
5666	527	0.9971936
5666	1089	0.98041165
5666	1259	0.96802366
5666	1213	0.9483424
5666	1589	0.9066623
5666	318	0.8928857
5666	1257	0.88345003
5666	69	0.87555766
5666	22	0.8665283
5667	2028	0.9995481
5667	111	0.9972503
5667	2289	0.9818816
5667	47	0.9757067
5667	1370	0.9642846
5667	1171	0.9041314
5667	2080	0.8870267
5667	1959	0.88342977
5667	3037	0.87888676
5667	1287	0.8597572
5668	165	0.99933696
5668	2985	0.9980831
5668	380	0.99677444
5668	919	0.9909433
5668	1294	0.98939514
5668	2194	0.98149455
5668	2028	0.9728
5668	2002	0.9566407
5668	1278	0.9239493
5668	1394	0.846529
5669	1244	0.99566305
5669	1265	0.96494615
5669	232	0.95987344
5669	348	0.95923996
5669	2973	0.95672876
5669	1230	0.9168431
5669	3200	0.8746767
5669	2243	0.7712543
5669	1279	0.76218927
5669	1234	0.6619517
5670	1350	0.999933
5670	1527	0.9998373
5670	1831	0.9996058
5670	198	0.99927884
5670	3189	0.9949621
5670	788	0.9882382
5670	2366	0.96402127
5670	1909	0.9568887
5670	2916	0.93724823
5670	2173	0.92887455
5671	1204	0.9997372
5671	94	0.9986529
5671	1947	0.9958097
5671	2406	0.97737443
5671	1276	0.9302772
5671	1073	0.9060254
5671	1907	0.8906547
5671	527	0.8593261
5671	1610	0.8064509
5671	1193	0.79943603
5672	3276	0.9987072
5672	2829	0.81385094
5672	3053	0.79388255
5672	1221	0.7255403
5672	2858	0.69427526
5672	3156	0.30195832
5672	2712	0.21589744
5672	1867	0.14424333
5672	593	0.13131145
5672	2023	0.11888638
5673	1301	0.9999205
5673	1252	0.99991906
5673	909	0.9997913
5673	912	0.9974952
5673	955	0.99220276
5673	913	0.9901827
5673	2186	0.9899379
5673	900	0.9842378
5673	923	0.9798945
5673	587	0.9755521
5674	380	0.9981688
5674	3175	0.9762784
5674	260	0.9147355
5674	1584	0.8148622
5674	2355	0.8037325
5674	2858	0.8021194
5674	588	0.7895475
5674	2542	0.70493853
5674	593	0.6556426
5674	3157	0.5629119
5675	47	0.99913764
5675	3178	0.9729269
5675	866	0.9716786
5675	2150	0.95712984
5675	1186	0.956025
5675	1285	0.94938093
5675	1957	0.93599546
5675	356	0.9251895
5675	1199	0.9082585
5675	1391	0.90468156
5676	2153	0.9805986
5676	1784	0.8929169
5676	180	0.8503681
5676	2406	0.7987647
5676	1391	0.77295303
5676	20	0.7664317
5676	919	0.7546964
5676	2723	0.5727302
5676	3326	0.5028734
5676	1230	0.47212687
5677	1197	0.99813926
5677	910	0.9937093
5677	1949	0.9923861
5677	1952	0.9915315
5677	1	0.9837439
5677	1277	0.96091497
5677	3201	0.95432764
5677	1240	0.9482062
5677	1246	0.9441929
5677	3255	0.9371958
5678	260	0.9999924
5678	1196	0.99967635
5678	2287	0.9996736
5678	543	0.9995668
5678	235	0.99937165
5678	2987	0.99709296
5678	1197	0.9949113
5678	2968	0.990222
5678	1294	0.98684275
5678	1921	0.9801929
5679	2001	0.999948
5679	1954	0.99986446
5679	1387	0.99871564
5679	1378	0.9985234
5679	2826	0.9961575
5679	1291	0.99431175
5679	1573	0.94863755
5679	2006	0.9446115
5679	1374	0.88836956
5679	1376	0.65858173
5680	3089	0.9999767
5680	2848	0.90116966
5680	2010	0.8874605
5680	2396	0.8604133
5680	1340	0.84757036
5680	1103	0.839453
5680	1957	0.8335436
5680	2987	0.765344
5680	3260	0.6727974
5680	2336	0.6494654
5681	1196	0.9896264
5681	3053	0.9628906
5681	223	0.96287334
5681	1	0.9586508
5681	2369	0.8819239
5681	1223	0.86909455
5681	531	0.8449328
5681	260	0.709357
5681	593	0.68735534
5681	2028	0.5796189
5682	1876	0.99836236
5682	2676	0.9966012
5682	333	0.9931951
5682	2161	0.9769209
5682	780	0.82153165
5682	3274	0.8012384
5682	382	0.7361783
5682	2719	0.7167903
5682	303	0.6586036
5682	2427	0.6563063
5683	480	0.9993818
5683	367	0.99759793
5683	2125	0.996225
5683	1569	0.99611497
5683	1393	0.9955894
5683	3107	0.9931835
5683	1265	0.98090684
5683	3259	0.9576105
5683	736	0.93960154
5683	2082	0.932367
5684	2617	0.9913318
5684	2366	0.9803623
5684	2826	0.93690515
5684	2901	0.928329
5684	407	0.9161469
5684	2011	0.8984482
5684	745	0.8934916
5684	908	0.8786522
5684	70	0.8643713
5684	3397	0.8528366
5685	2997	0.9977261
5685	1049	0.99654335
5685	1641	0.9830816
5685	2699	0.9829154
5685	2082	0.9451066
5685	2384	0.9208015
5685	1885	0.8069433
5685	2115	0.80421567
5685	2626	0.7673824
5685	3072	0.65767425
5686	3361	0.9973171
5686	2858	0.9966287
5686	2722	0.98813343
5686	3175	0.98537195
5686	2011	0.9812588
5686	329	0.9749146
5686	1220	0.9662477
5686	2396	0.9619982
5686	786	0.9525653
5686	1248	0.9492966
5687	3175	0.9999864
5687	2167	0.99915314
5687	1615	0.9960955
5687	1480	0.9923334
5687	952	0.99011683
5687	1377	0.98619723
5687	1275	0.97814035
5687	3157	0.87956095
5687	2099	0.86866504
5687	1688	0.8027506
5688	1097	0.99987555
5688	953	0.9998293
5688	2560	0.99924326
5688	1028	0.99262065
5688	914	0.9923526
5688	2087	0.9885292
5688	36	0.98342264
5688	1213	0.97706866
5688	364	0.96199685
5688	2633	0.9525189
5689	3253	0.99887764
5689	110	0.99289155
5689	1210	0.99172336
5689	296	0.97900105
5689	2574	0.9778336
5689	1500	0.93905264
5689	1126	0.9372785
5689	3408	0.93143964
5689	2012	0.9242308
5689	1089	0.9197661
5690	923	0.9999373
5690	1221	0.97866744
5690	1090	0.94098985
5690	318	0.905552
5690	1225	0.8534543
5690	50	0.759716
5690	2313	0.7551589
5690	1208	0.4763838
5690	2916	0.39608636
5690	1302	0.35338604
5691	2470	0.9999992
5691	3175	0.9997525
5691	1073	0.99818486
5691	1079	0.99522936
5691	1552	0.99228394
5691	2000	0.99177766
5691	1917	0.98947155
5691	1562	0.9887483
5691	10	0.9826976
5691	1030	0.97913957
5692	2572	0.99991536
5692	896	0.9994971
5692	1127	0.9968537
5692	3273	0.9963601
5692	2858	0.98617566
5692	1036	0.9809269
5692	1961	0.81150496
5692	3081	0.7592573
5692	1073	0.73662007
5692	2699	0.7309489
5693	1252	0.9999993
5693	1212	0.999948
5693	858	0.999455
5693	971	0.9987644
5693	3067	0.99806905
5693	1267	0.99778163
5693	1247	0.9903182
5693	1244	0.9805442
5693	1198	0.97933257
5693	41	0.9765194
5694	1269	0.9757176
5694	955	0.88288426
5694	2355	0.8696755
5694	1215	0.8613361
5694	2858	0.8236897
5694	2369	0.7118753
5694	919	0.69411904
5694	2804	0.61792785
5694	2699	0.497921
5694	1028	0.46743366
5695	916	0.98773193
5695	260	0.96995974
5695	1344	0.9646032
5695	1247	0.95756614
5695	1200	0.8890104
5695	2288	0.72700363
5695	915	0.48679236
5695	2662	0.36692846
5695	2010	0.31300256
5695	1307	0.24574363
5696	1200	0.99948615
5696	1196	0.9974493
5696	858	0.99687177
5696	1221	0.9929507
5696	1214	0.992652
5696	1210	0.883716
5696	1036	0.7729479
5696	2454	0.74212354
5696	3334	0.7377524
5696	593	0.68509823
5697	3101	0.8162709
5697	2858	0.742327
5697	2889	0.709272
5697	1210	0.6995076
5697	260	0.40048197
5697	3052	0.38522813
5697	3355	0.3694591
5697	3408	0.1461663
5697	3354	0.048163623
5697	3175	0.043081135
5698	1307	0.9949016
5698	2000	0.9945656
5698	110	0.98707235
5698	2407	0.9770336
5698	1247	0.95274425
5698	750	0.95200545
5698	3421	0.94910604
5698	1201	0.9280628
5698	1573	0.9209532
5698	1233	0.92014736
5699	3052	0.99999446
5699	1226	0.99972993
5699	1079	0.99871516
5699	1923	0.98728013
5699	2867	0.9833238
5699	1097	0.97600245
5699	1080	0.9752427
5699	608	0.96658975
5699	2171	0.9569894
5699	141	0.9426259
5700	1	0.9999194
5700	2048	0.9959586
5700	3159	0.9948536
5700	595	0.9905239
5700	3114	0.98505473
5700	2028	0.98174036
5700	2716	0.9816582
5700	508	0.97312325
5700	1032	0.9691882
5700	1265	0.9691026
5701	2571	0.99963385
5701	364	0.9958616
5701	594	0.99519134
5701	924	0.98794305
5701	2005	0.98429453
5701	367	0.9497211
5701	1203	0.9323683
5701	318	0.9143781
5701	3070	0.91201067
5701	2194	0.8812721
5702	1299	0.9993491
5702	1041	0.99666035
5702	661	0.9944008
5702	778	0.9931439
5702	2791	0.9574828
5702	3083	0.94498944
5702	2351	0.93355703
5702	3300	0.9219507
5702	1960	0.90818703
5702	1635	0.8935606
5703	2066	0.9930004
5703	707	0.99168676
5703	111	0.9757504
5703	2527	0.9432375
5703	348	0.8782251
5703	2000	0.8652015
5703	1233	0.8302223
5703	1961	0.7817322
5703	1230	0.7219932
5703	1069	0.6646148
5704	2108	0.9986546
5704	3196	0.9916471
5704	2581	0.98817647
5704	910	0.98614
5704	1947	0.9854734
5704	902	0.9688807
5704	262	0.9674268
5704	1	0.9571409
5704	1042	0.94967115
5704	50	0.9439298
5705	628	0.9994582
5705	1552	0.99666214
5705	2005	0.9954564
5705	2572	0.9951663
5705	1409	0.9927039
5705	1537	0.9903945
5705	802	0.9789512
5705	2671	0.9760239
5705	2723	0.94927704
5705	1207	0.9091322
5706	2791	0.9999238
5706	110	0.9998515
5706	2324	0.99705946
5706	3053	0.99665105
5706	480	0.99520636
5706	2336	0.9922485
5706	47	0.98336476
5706	318	0.9832677
5706	1291	0.9820962
5706	2541	0.9720485
5707	2396	0.9999484
5707	21	0.99944425
5707	2997	0.99943
5707	1234	0.9965031
5707	2125	0.9946023
5707	17	0.9846281
5707	1196	0.9472436
5707	1914	0.94677985
5707	2759	0.94466966
5707	908	0.92608047
5708	480	0.9922304
5708	1584	0.98608536
5708	2116	0.9853375
5708	1527	0.97868717
5708	2858	0.97334874
5708	1214	0.9648392
5708	2628	0.8923695
5708	2687	0.83401877
5708	1196	0.83198404
5708	2311	0.7662397
5709	1196	0.99990875
5709	1785	0.99963737
5709	555	0.9896344
5709	1732	0.98926055
5709	1233	0.98734486
5709	2000	0.9845646
5709	1224	0.97932255
5709	1275	0.97136724
5709	1277	0.95861346
5709	3266	0.91262496
5710	2995	0.9987463
5710	2701	0.99175155
5710	1120	0.98978984
5710	36	0.9834844
5710	1682	0.97964334
5710	3160	0.9623983
5710	2541	0.94311285
5710	2763	0.8823955
5710	1635	0.87057424
5710	2395	0.79607356
5711	1127	0.99996424
5711	1625	0.99982846
5711	2827	0.99951303
5711	50	0.9985708
5711	1200	0.98929524
5711	587	0.9877989
5711	1573	0.9868289
5711	1892	0.9780605
5711	1674	0.97735363
5711	3102	0.9719635
5712	589	0.999966
5712	1220	0.99946404
5712	2194	0.9977174
5712	2288	0.9857259
5712	1387	0.9752277
5712	1282	0.9450979
5712	2916	0.9432926
5712	1218	0.9292328
5712	1408	0.7402063
5712	3072	0.66136897
5713	1	0.97344434
5713	2155	0.7829114
5713	2997	0.75082195
5713	1270	0.52606213
5713	1281	0.25381762
5713	3175	0.1930871
5713	2355	0.099363685
5713	1180	0.047403038
5713	2628	0.031781822
5713	1042	0.031407535
5714	3101	0.9993387
5714	3039	0.9599875
5714	1224	0.9483104
5714	1296	0.8780072
5714	2431	0.8217164
5714	3414	0.78061277
5714	3125	0.7738241
5714	597	0.77130187
5714	2540	0.7567873
5714	1663	0.708573
5715	2993	0.9952169
5715	349	0.97307676
5715	2947	0.95728195
5715	2023	0.90246594
5715	3000	0.88523513
5715	3406	0.87349224
5715	589	0.86933434
5715	2640	0.8471718
5715	839	0.77329874
5715	2366	0.6211539
5716	2959	0.99818504
5716	2174	0.99666244
5716	104	0.9909096
5716	2890	0.98971117
5716	180	0.9795802
5716	1753	0.9758538
5716	2761	0.96484196
5716	2542	0.95731086
5716	150	0.9566845
5716	3006	0.9500443
5717	2028	0.9993419
5717	1080	0.99929917
5717	2001	0.99843395
5717	1221	0.9898746
5717	1371	0.983429
5717	1246	0.9756986
5717	2852	0.9735332
5717	112	0.9642154
5717	1378	0.9604436
5717	34	0.9594505
5718	529	0.99972034
5718	1639	0.999212
5718	1357	0.998338
5718	232	0.9981197
5718	1393	0.9911599
5718	342	0.987662
5718	3108	0.9858633
5718	628	0.9854781
5718	535	0.981624
5718	720	0.95763296
5719	1196	0.064403534
5719	924	0.044317007
5719	1214	0.014242858
5719	2186	0.010953128
5719	2748	0.0101876855
5719	903	0.009110957
5719	1240	0.0038113296
5719	589	0.0032048523
5719	2662	0.0023181736
5719	541	0.0013275146
5720	1527	0.9999906
5720	2278	0.99976575
5720	2683	0.99911237
5720	2532	0.99720514
5720	2490	0.9955881
5720	329	0.9886328
5720	2527	0.98369724
5720	2991	0.9517015
5720	3203	0.8605468
5720	2288	0.7325822
5721	916	0.99455094
5721	1204	0.99066573
5721	1193	0.9648056
5721	17	0.9312148
5721	969	0.9296496
5721	41	0.9053018
5721	260	0.83282864
5721	949	0.7784193
5721	1224	0.6827459
5721	1945	0.6755167
5722	2971	0.9999949
5722	1952	0.9819282
5722	1201	0.97884524
5722	2367	0.9280865
5722	1084	0.92378336
5722	1	0.9119569
5722	2490	0.89125884
5722	924	0.8497591
5722	938	0.8038255
5722	1673	0.77319574
5723	2762	0.99944544
5723	32	0.99099743
5723	2628	0.9906329
5723	1221	0.9802723
5723	1214	0.9324354
5723	364	0.8773477
5723	1912	0.8520384
5723	1219	0.8138548
5723	3160	0.777151
5723	2640	0.7392857
5724	1292	0.9995456
5724	1252	0.99927384
5724	1270	0.98526025
5724	1136	0.9751699
5724	2804	0.9597515
5724	1223	0.95207584
5724	3421	0.9493228
5724	1219	0.82132465
5724	1186	0.8067335
5724	2944	0.7180582
5725	3301	0.99318975
5725	3326	0.818079
5725	3225	0.7947289
5725	3409	0.78639656
5725	3273	0.5142939
5725	3180	0.43640512
5725	2236	0.43428165
5725	3408	0.42297947
5725	487	0.40304917
5725	3240	0.22929755
5726	1291	0.9999932
5726	920	0.9999635
5726	161	0.9998559
5726	590	0.9983727
5726	157	0.9983558
5726	2535	0.99526566
5726	1090	0.9939749
5726	473	0.99093884
5726	3405	0.9604189
5726	969	0.94694424
5727	3285	0.99889684
5727	2694	0.9983411
5727	2842	0.88254166
5727	2713	0.8514854
5727	3354	0.39102
5727	2959	0.32216054
5727	3325	0.2160353
5727	2389	0.14965591
5727	3286	0.11018556
5727	2997	0.08482319
5728	2470	0.99986255
5728	2000	0.9995109
5728	1238	0.99467593
5728	356	0.8942072
5728	892	0.8709675
5728	3412	0.81916577
5728	2174	0.818604
5728	480	0.8149643
5728	2248	0.73123085
5728	986	0.6071699
5729	2366	0.99999964
5729	1340	0.99830496
5729	1219	0.9973811
5729	1345	0.9949894
5729	842	0.99075747
5729	1997	0.9889728
5729	1348	0.9861455
5729	2513	0.9734908
5729	1388	0.96746194
5729	3017	0.9621694
5730	2724	0.9998326
5730	3273	0.9992263
5730	2369	0.99911106
5730	2496	0.9980545
5730	2710	0.9932702
5730	380	0.992898
5730	1188	0.9566981
5730	1127	0.95252633
5730	342	0.952515
5730	1393	0.94013155
5731	110	0.99072564
5731	1242	0.9741105
5731	1961	0.9533065
5731	1210	0.9414307
5731	2949	0.8518517
5731	2858	0.79264444
5731	1287	0.7906278
5731	480	0.64875615
5731	1222	0.59095365
5731	2051	0.43907976
5732	2987	0.99718535
5732	1196	0.97079957
5732	2000	0.76518583
5732	3107	0.61321473
5732	457	0.5048796
5732	1396	0.47677243
5732	1805	0.34601364
5732	2470	0.32958865
5732	2871	0.2763674
5732	1376	0.20050836
5733	1200	0.99976593
5733	2193	0.9989724
5733	1	0.9977919
5733	2858	0.9958358
5733	208	0.98417366
5733	595	0.9814608
5733	1256	0.96746045
5733	1953	0.9663504
5733	919	0.96400833
5733	1584	0.9632496
5734	1196	0.99969035
5734	1088	0.99844575
5734	802	0.99798316
5734	1265	0.9922947
5734	2100	0.9899312
5734	1214	0.9705527
5734	2973	0.97012603
5734	252	0.96879196
5734	3422	0.96209204
5734	2506	0.9264977
5735	27	0.9979614
5735	2443	0.9592093
5735	596	0.935264
5735	2504	0.82616645
5735	3129	0.81213236
5735	2858	0.6471398
5735	3307	0.642934
5735	2137	0.41290793
5735	589	0.38570198
5735	412	0.1770539
5736	1304	0.99971646
5736	1224	0.9961741
5736	969	0.99414456
5736	3334	0.98831236
5736	1197	0.98772526
5736	750	0.9817815
5736	2997	0.95700777
5736	908	0.92841196
5736	2858	0.92811644
5736	1247	0.83217824
5737	1617	0.9999004
5737	2395	0.99921274
5737	1968	0.99901956
5737	1955	0.99749136
5737	3251	0.98531806
5737	2542	0.97089684
5737	356	0.96902645
5737	235	0.9636806
5737	904	0.9524183
5737	1265	0.950569
5738	3418	0.99674666
5738	1291	0.99611866
5738	1953	0.9730744
5738	912	0.9586542
5738	1916	0.9391586
5738	1912	0.9348519
5738	3101	0.92010987
5738	1261	0.90857613
5738	1962	0.8959254
5738	2617	0.8822123
5739	246	0.94182014
5739	1291	0.91823304
5739	608	0.7886255
5739	318	0.6323138
5739	556	0.5205618
5739	2912	0.44147742
5739	2501	0.41659695
5739	480	0.29258373
5739	3265	0.12058467
5739	3260	0.096255064
5740	2571	0.9997931
5740	2396	0.991142
5740	1552	0.98071265
5740	3107	0.93095887
5740	2918	0.915795
5740	780	0.9067728
5740	1206	0.8895848
5740	671	0.8548099
5740	1148	0.8205046
5740	2997	0.8153441
5741	2667	0.9941178
5741	2657	0.9895915
5741	2660	0.975909
5741	1206	0.9681355
5741	1214	0.93482965
5741	1274	0.9105467
5741	2661	0.8462455
5741	1196	0.7319375
5741	2665	0.7140234
5741	3340	0.67248595
5742	903	0.99995303
5742	858	0.9996909
5742	1952	0.99938715
5742	1287	0.9551597
5742	2115	0.9116144
5742	1196	0.91088486
5742	2406	0.8567097
5742	1242	0.8482255
5742	3067	0.8016649
5742	1959	0.7471653
5743	1247	0.9991567
5743	1299	0.97951025
5743	912	0.96757257
5743	920	0.9395343
5743	1104	0.91344607
5743	1617	0.9049822
5743	1288	0.88365495
5743	3361	0.8360911
5743	1207	0.8180135
5743	1198	0.70049596
5744	1073	0.99943936
5744	919	0.9980488
5744	1394	0.9728517
5744	1678	0.95242417
5744	3100	0.95045054
5744	1449	0.94558704
5744	3148	0.9321338
5744	2099	0.9272201
5744	750	0.89996386
5744	2642	0.8948239
5745	39	0.999926
5745	858	0.9960134
5745	2248	0.99267274
5745	3261	0.9863226
5745	2888	0.9795386
5745	1704	0.9763855
5745	2861	0.96700895
5745	1036	0.95049787
5745	2706	0.88589615
5745	3186	0.8775868
5746	1240	0.99984384
5746	2193	0.99197316
5746	1095	0.9892253
5746	1214	0.9859682
5746	1302	0.97811687
5746	1387	0.9587724
5746	1222	0.9497411
5746	720	0.9437463
5746	296	0.9260431
5746	3033	0.9227499
5747	750	0.9996437
5747	2699	0.99890304
5747	733	0.9907372
5747	2683	0.98689383
5747	2006	0.95951986
5747	3082	0.9569216
5747	1199	0.8734157
5747	168	0.8464422
5747	24	0.8263005
5747	3175	0.8012996
5748	50	0.9999454
5748	527	0.94974875
5748	553	0.9399812
5748	2959	0.9359224
5748	2791	0.90657794
5748	2355	0.83509195
5748	1762	0.7836592
5748	47	0.7549726
5748	36	0.6419089
5748	2858	0.6249267
5749	1734	0.9998183
5749	912	0.9995555
5749	39	0.99774796
5749	1617	0.9961157
5749	2282	0.9930585
5749	1249	0.984681
5749	348	0.898901
5749	1476	0.89057094
5749	3160	0.8784046
5749	3300	0.8723899
5750	1194	0.9993503
5750	1261	0.9962422
5750	1387	0.9925405
5750	1264	0.9886588
5750	2019	0.9855281
5750	1240	0.9671521
5750	246	0.96519923
5750	3247	0.965009
5750	6	0.95561236
5750	1304	0.9247073
5751	2710	0.9999813
5751	2995	0.99526143
5751	1907	0.98672104
5751	1	0.96671325
5751	2907	0.9084944
5751	1286	0.89118904
5751	2546	0.8372316
5751	2827	0.76367265
5751	2707	0.7342908
5751	3175	0.65274984
5752	910	0.9999957
5752	899	0.99992406
5752	1269	0.99969155
5752	951	0.99913263
5752	908	0.998963
5752	912	0.9951622
5752	34	0.9936994
5752	1267	0.99290174
5752	1217	0.99166286
5752	1299	0.9880926
5753	2193	0.99967754
5753	514	0.9990423
5753	2571	0.9977899
5753	2006	0.99696946
5753	1275	0.99506223
5753	457	0.97970295
5753	2457	0.93639815
5753	380	0.8734927
5753	1198	0.86701125
5753	377	0.8267815
5754	3247	0.99966455
5754	2150	0.99918765
5754	2926	0.9906597
5754	2133	0.9827312
5754	1722	0.9794462
5754	2359	0.9763648
5754	296	0.96187365
5754	1037	0.93142706
5754	110	0.915771
5754	1721	0.91117835
5755	1252	0.9965016
5755	446	0.99610615
5755	2858	0.99384874
5755	2948	0.9766382
5755	1957	0.97295815
5755	1	0.972735
5755	2739	0.9667489
5755	2712	0.9541061
5755	2194	0.95096266
5755	1295	0.95049167
5756	1198	0.968115
5756	2712	0.8499964
5756	1210	0.8259003
5756	2993	0.8168504
5756	3005	0.7465454
5756	597	0.7407673
5756	1678	0.6633376
5756	2997	0.60583305
5756	2858	0.60262406
5756	2340	0.5520185
5757	1267	0.9999989
5757	1320	0.9999234
5757	480	0.9970422
5757	1653	0.99009234
5757	1356	0.9611351
5757	1573	0.9378077
5757	2427	0.8132442
5757	2657	0.57917607
5757	2455	0.5567435
5757	2021	0.4547892
5758	3363	0.9969252
5758	1269	0.98811626
5758	1923	0.9517297
5758	1610	0.95137393
5758	2353	0.8847424
5758	1292	0.8716577
5758	919	0.8660121
5758	2916	0.85842806
5758	164	0.82642865
5758	2153	0.80753326
5759	924	0.9999294
5759	1097	0.97632563
5759	1028	0.973775
5759	1584	0.9614322
5759	105	0.9549678
5759	1220	0.938318
5759	1683	0.9328966
5759	1356	0.9262819
5759	1264	0.9257607
5759	919	0.9233954
5760	1883	0.9960165
5760	2124	0.9955158
5760	2355	0.9905839
5760	2791	0.90446615
5760	2794	0.7484469
5760	2599	0.70661294
5760	514	0.163064
5760	1042	0.1608189
5760	588	0.11784905
5760	2423	0.112859726
5761	2321	0.9990914
5761	2746	0.9990686
5761	1259	0.997349
5761	1968	0.99458337
5761	39	0.987703
5761	3363	0.98726594
5761	1278	0.9845271
5761	500	0.96765375
5761	176	0.9672234
5761	2858	0.95450926
5762	1022	0.9999555
5762	141	0.9991113
5762	593	0.9989587
5762	339	0.9983348
5762	661	0.99244
5762	1393	0.99211
5762	2762	0.9917155
5762	2124	0.98559487
5762	364	0.975191
5762	2141	0.9708197
5763	1287	0.99467206
5763	1584	0.9913093
5763	1393	0.9701803
5763	1594	0.9672098
5763	153	0.91413134
5763	1945	0.90160507
5763	674	0.8272675
5763	3201	0.81217986
5763	1391	0.7928953
5763	2089	0.77292997
5764	903	0.9998969
5764	2761	0.9983535
5764	910	0.9968661
5764	1269	0.99521446
5764	2950	0.9873824
5764	2206	0.9642411
5764	933	0.95618343
5764	1277	0.93875575
5764	3044	0.9012939
5764	1304	0.86962956
5765	1127	0.99999094
5765	2	0.9989705
5765	2054	0.998513
5765	2529	0.99646777
5765	590	0.95122933
5765	2143	0.94216025
5765	1262	0.8697694
5765	1373	0.86595875
5765	2140	0.6963931
5765	3175	0.58218163
5766	3100	0.9996292
5766	3109	0.9994261
5766	3160	0.99832743
5766	2091	0.99102914
5766	1625	0.99017274
5766	2761	0.9828293
5766	232	0.9803643
5766	1673	0.9715121
5766	1595	0.96668196
5766	1678	0.9525525
5767	2115	0.99130476
5767	2064	0.9795086
5767	1387	0.9698645
5767	1129	0.96602964
5767	70	0.9562974
5767	2735	0.9436222
5767	1717	0.9264697
5767	2248	0.91785586
5767	2968	0.9068831
5767	1285	0.8978699
5768	1296	0.99999905
5768	2066	0.9832169
5768	908	0.9829713
5768	920	0.97698325
5768	164	0.95251274
5768	1173	0.9360199
5768	2020	0.93376434
5768	492	0.8682261
5768	1617	0.8258408
5768	915	0.7663584
5769	356	0.9998794
5769	1270	0.9955914
5769	2791	0.9910283
5769	1883	0.93895155
5769	316	0.9321532
5769	2011	0.9239218
5769	1212	0.90748364
5769	1968	0.8905152
5769	1206	0.81472296
5769	2160	0.8012175
5770	593	0.99193287
5770	3095	0.98302984
5770	2303	0.9817575
5770	1207	0.96479595
5770	1411	0.9541172
5770	1694	0.9533497
5770	150	0.8567612
5770	1945	0.8079282
5770	2861	0.779386
5770	2725	0.74912703
5771	3210	0.9988729
5771	1246	0.99404097
5771	1288	0.98869985
5771	3247	0.9808186
5771	2795	0.98071265
5771	2747	0.95981824
5771	610	0.9509844
5771	1198	0.94955367
5771	2968	0.94251955
5771	3033	0.9370444
5772	3388	0.046623528
5772	2990	0.022834808
5772	356	0.009973794
5772	2115	0.008955479
5772	1210	0.0060819387
5772	2376	0.00556916
5772	1196	0.00332731
5772	1198	0.0026973486
5772	110	0.0017598271
5772	1587	0.0011447668
5773	3298	0.9999938
5773	2829	0.9854016
5773	2605	0.98284054
5773	3238	0.98019844
5773	1907	0.89613825
5773	2891	0.85045195
5773	3005	0.84617543
5773	1204	0.6878779
5773	1221	0.6662439
5773	3247	0.64885217
5774	1196	0.9943678
5774	1270	0.97241473
5774	1	0.9407035
5774	318	0.9186605
5774	2762	0.9122406
5774	2628	0.8635813
5774	480	0.8577746
5774	1307	0.8536412
5774	2571	0.8384705
5774	1704	0.7372805
5775	923	0.9993247
5775	2359	0.9985824
5775	1704	0.995776
5775	1912	0.99381953
5775	2915	0.9909601
5775	2858	0.98739064
5775	6	0.9855654
5775	1370	0.98518544
5775	3421	0.9817734
5775	380	0.97840685
5776	76	0.997126
5776	2288	0.9383819
5776	3208	0.9310993
5776	1199	0.9267359
5776	1243	0.8962811
5776	2716	0.89111954
5776	3082	0.88456535
5776	435	0.88456166
5776	1049	0.87305737
5776	1282	0.85969186
5777	296	0.9995997
5777	910	0.9969023
5777	924	0.9910603
5777	2580	0.97479665
5777	1254	0.9566901
5777	2959	0.9396976
5777	529	0.93865484
5777	1953	0.9276505
5777	16	0.92424554
5777	1997	0.91496384
5778	1253	0.978016
5778	1356	0.77624047
5778	2660	0.48125556
5778	2723	0.46371424
5778	1252	0.23565874
5778	3175	0.18780881
5778	1527	0.16958904
5778	2968	0.1123251
5778	2662	0.086995184
5778	835	0.07901502
5779	480	0.99808925
5779	39	0.98946095
5779	1722	0.9855864
5779	2542	0.9824434
5779	1288	0.98200196
5779	1748	0.95651644
5779	2915	0.9529855
5779	36	0.9399482
5779	3160	0.9176914
5779	223	0.91271806
5780	2025	0.99344456
5780	1784	0.99221855
5780	780	0.992107
5780	2058	0.9917854
5780	163	0.9812034
5780	252	0.97423005
5780	449	0.9633906
5780	1518	0.95980495
5780	1729	0.95762867
5780	543	0.9549861
5781	2997	0.9857783
5781	2858	0.65323853
5781	1244	0.48388663
5781	2076	0.34998935
5781	318	0.3448251
5781	858	0.26023445
5781	593	0.19905034
5781	47	0.1446191
5781	1617	0.1427665
5781	2973	0.11191073
5782	1097	0.99880534
5782	1682	0.99706256
5782	2762	0.99404323
5782	1954	0.932997
5782	588	0.9199128
5782	3105	0.8813919
5782	1721	0.83186376
5782	1270	0.74815744
5782	2023	0.7229427
5782	3100	0.7081809
5783	708	0.9969363
5783	1409	0.98467594
5783	1569	0.6879531
5783	3108	0.4039137
5783	1468	0.24260774
5783	1722	0.22368398
5783	468	0.11964542
5783	2953	0.08095807
5783	587	0.07719013
5783	1353	0.06641674
5784	2306	0.9997289
5784	829	0.95545334
5784	1858	0.92417425
5784	1210	0.91608703
5784	1439	0.7959311
5784	2041	0.60920614
5784	3175	0.58263683
5784	953	0.4061255
5784	1036	0.39759022
5784	785	0.3956576
5785	2906	0.9999436
5785	380	0.99981225
5785	1060	0.9995496
5785	2916	0.99811137
5785	2710	0.9975751
5785	514	0.99684525
5785	2336	0.99629676
5785	1370	0.9952052
5785	293	0.99483347
5785	1271	0.99351245
5786	1304	0.9999843
5786	1136	0.99997777
5786	2921	0.9984327
5786	2628	0.9976374
5786	593	0.99307966
5786	508	0.9891846
5786	125	0.98901755
5786	2598	0.9885907
5786	2944	0.98074746
5786	1244	0.9634476
5787	2527	0.98604727
5787	1262	0.98274606
5787	1253	0.95624745
5787	164	0.92016506
5787	2761	0.8234524
5787	1653	0.8203267
5787	1287	0.76763797
5787	553	0.6860485
5787	1391	0.6583544
5787	942	0.6482998
5788	2245	0.98934406
5788	1370	0.9874785
5788	6	0.9796418
5788	2723	0.9470023
5788	2879	0.9446366
5788	588	0.90603316
5788	750	0.88610315
5788	260	0.8714859
5788	1476	0.86398983
5788	1221	0.85648644
5789	1252	0.9850743
5789	2762	0.97545695
5789	2858	0.9711827
5789	3022	0.96725035
5789	1670	0.9089802
5789	2899	0.88312393
5789	1242	0.7836653
5789	1193	0.7462928
5789	3038	0.44611582
5789	908	0.41450232
5790	3362	0.9999485
5790	1017	0.99986684
5790	318	0.99920833
5790	1287	0.9957902
5790	1276	0.99564314
5790	2248	0.9946886
5790	3263	0.9917526
5790	1291	0.99108356
5790	1704	0.99079686
5790	916	0.9811616
5791	2772	0.9993746
5791	2064	0.99590504
5791	1132	0.994878
5791	1080	0.9941968
5791	1175	0.9814745
5791	1179	0.97068584
5791	1073	0.96262264
5791	1197	0.9593029
5791	3421	0.92560256
5791	2706	0.880082
5792	233	0.9993323
5792	2916	0.99522734
5792	345	0.9805947
5792	2280	0.9643918
5792	2268	0.95672035
5792	2857	0.93921626
5792	2692	0.92619467
5792	1265	0.9077304
5792	1805	0.90501535
5792	3125	0.87227523
5793	2949	0.9995389
5793	969	0.9992252
5793	1600	0.9894029
5793	920	0.98893905
5793	2475	0.95540893
5793	3072	0.9246291
5793	3062	0.9171971
5793	2132	0.9128702
5793	260	0.8910102
5793	911	0.8825326
5794	1278	0.99537027
5794	2791	0.9894222
5794	653	0.9821599
5794	1081	0.979976
5794	2396	0.9717369
5794	350	0.932835
5794	1961	0.9284505
5794	3255	0.885793
5794	2015	0.8783894
5794	2143	0.8511268
5795	2723	0.99999106
5795	3147	0.97029877
5795	2427	0.9499779
5795	910	0.9477446
5795	1794	0.88919705
5795	235	0.86328167
5795	3361	0.85923004
5795	317	0.83258367
5795	538	0.818669
5795	356	0.7722814
5796	1188	0.8997297
5796	2858	0.85642886
5796	852	0.43089315
5796	356	0.26913506
5796	2997	0.121789664
5796	2908	0.10094741
5796	928	0.07228622
5796	1086	0.066030145
5796	2861	0.041534215
5796	3334	0.03655395
5797	32	0.9999348
5797	2699	0.9954792
5797	3033	0.9875628
5797	2009	0.94092906
5797	379	0.88286483
5797	1573	0.881366
5797	1129	0.72880256
5797	2399	0.61289513
5797	968	0.60876185
5797	2311	0.54379225
5798	2724	0.99944896
5798	223	0.99843776
5798	480	0.9972947
5798	3255	0.9969055
5798	1135	0.99655485
5798	1077	0.98996747
5798	2706	0.9777749
5798	852	0.97497714
5798	3421	0.9455818
5798	1079	0.7362509
5799	2858	0.99933517
5799	2908	0.99768007
5799	290	0.9573477
5799	1252	0.93223786
5799	593	0.9274907
5799	2997	0.6390173
5799	930	0.5953121
5799	164	0.5907364
5799	3053	0.5035449
5799	1260	0.42166463
5800	2710	0.99822927
5800	1200	0.9555247
5800	593	0.93684685
5800	3409	0.7115263
5800	1959	0.64794946
5800	356	0.5911776
5800	1240	0.33663023
5800	1101	0.2780192
5800	86	0.24881506
5800	2433	0.20158833
5801	3108	0.9997796
5801	380	0.99970853
5801	364	0.99963653
5801	2395	0.99895054
5801	1982	0.99892294
5801	110	0.9974747
5801	2976	0.99196386
5801	2890	0.98965913
5801	2916	0.9847046
5801	480	0.9682348
5802	931	0.99819416
5802	929	0.94114
5802	2574	0.861303
5802	2721	0.8346041
5802	2114	0.7779592
5802	1018	0.75214636
5802	904	0.68670094
5802	2729	0.6242819
5802	750	0.5881685
5802	930	0.5739424
5803	1148	0.99999857
5803	3114	0.9999799
5803	1060	0.9999756
5803	2858	0.99933004
5803	1580	0.99748874
5803	356	0.99710864
5803	1	0.99598026
5803	1175	0.9938178
5803	3108	0.9931189
5803	1923	0.9881592
5804	1097	0.5265601
5804	2803	0.51304513
5804	1092	0.31783497
5804	1393	0.18328336
5804	2329	0.15879801
5804	1198	0.15871775
5804	1210	0.12618187
5804	2020	0.102069974
5804	1784	0.09999895
5804	2291	0.09059745
5805	1215	0.99921393
5805	913	0.9989314
5805	750	0.99557495
5805	1267	0.9953966
5805	1912	0.9938977
5805	367	0.9880807
5805	2023	0.94784135
5805	2116	0.9043151
5805	1282	0.87690806
5805	2861	0.8673204
5806	858	0.99603045
5806	924	0.99371696
5806	1228	0.97712934
5806	2919	0.9764558
5806	3006	0.95780516
5806	1095	0.95684403
5806	1225	0.9543188
5806	110	0.89735484
5806	2398	0.85460275
5806	912	0.8364842
5807	1537	0.9997536
5807	34	0.9988371
5807	52	0.9986336
5807	1500	0.9974285
5807	2997	0.9965597
5807	1188	0.9931124
5807	235	0.99087
5807	3052	0.9867438
5807	1719	0.98241204
5807	538	0.9806936
5808	969	0.9998617
5808	1131	0.99869853
5808	1225	0.99759984
5808	1224	0.9969876
5808	608	0.9863081
5808	1250	0.98615944
5808	2804	0.846745
5808	1150	0.79222584
5808	3250	0.7683004
5808	1213	0.76244426
5809	1258	0.99964
5809	2968	0.9991219
5809	994	0.996383
5809	1029	0.9931359
5809	1259	0.99290705
5809	2248	0.9886034
5809	2087	0.9791457
5809	2135	0.97677326
5809	1222	0.9682261
5809	3247	0.96793133
5810	1204	0.9959074
5810	608	0.9568809
5810	1233	0.9348574
5810	475	0.9183917
5810	1617	0.8880249
5810	1503	0.7969866
5810	3260	0.6566726
5810	527	0.6016962
5810	2858	0.5535191
5810	1499	0.5156345
5811	2336	0.9987789
5811	2706	0.9957481
5811	2716	0.9923775
5811	1682	0.99004173
5811	2096	0.9878787
5811	1653	0.98387444
5811	648	0.98177135
5811	994	0.9777388
5811	2353	0.9761133
5811	2797	0.9658064
5812	1441	0.9992018
5812	11	0.99633676
5812	58	0.98614496
5812	3210	0.9797424
5812	2289	0.95100546
5812	3039	0.9277934
5812	1020	0.89920175
5812	2746	0.8991707
5812	3408	0.89210486
5812	1409	0.8820603
5813	260	0.9999951
5813	380	0.9958948
5813	3004	0.9941157
5813	480	0.9726397
5813	2028	0.9661403
5813	608	0.93147683
5813	2571	0.92391235
5813	1200	0.9003581
5813	2716	0.89337724
5813	1234	0.85699594
5814	1	0.99522525
5814	111	0.98693216
5814	1982	0.92681843
5814	3260	0.90427995
5814	968	0.9028336
5814	1196	0.84552646
5814	1210	0.8303795
5814	745	0.81577885
5814	1799	0.75766575
5814	1193	0.6721678
5815	1267	1.0
5815	1945	0.99749815
5815	1260	0.9941243
5815	1206	0.9845771
5815	1178	0.9540014
5815	1927	0.9224277
5815	260	0.9013636
5815	2010	0.7863078
5815	951	0.7606282
5815	903	0.75042325
5816	2882	0.999995
5816	3005	0.99988496
5816	3053	0.9997213
5816	2720	0.99822307
5816	2805	0.9890987
5816	2907	0.8819475
5816	2724	0.79182625
5816	2840	0.6868642
5816	593	0.30979252
5816	3179	0.18849891
5817	2532	0.99956083
5817	2722	0.99783754
5817	260	0.9519901
5817	2530	0.69118583
5817	2533	0.6252107
5817	2710	0.6092854
5817	593	0.57512414
5817	2706	0.57322776
5817	3286	0.53057146
5817	2188	0.31348163
5818	2541	0.9999986
5818	86	0.9991273
5818	434	0.9902992
5818	2028	0.984604
5818	1237	0.9737773
5818	2707	0.9648496
5818	2706	0.9632405
5818	2710	0.93630606
5818	2599	0.93369985
5818	593	0.9083221
5819	1356	0.999949
5819	2412	0.99932957
5819	2000	0.9945586
5819	377	0.98406124
5819	1370	0.9831954
5819	1210	0.9808736
5819	1036	0.9660357
5819	3418	0.90325254
5819	2324	0.87247777
5819	1580	0.8631743
5820	2622	0.9999566
5820	2580	0.99965703
5820	858	0.9996183
5820	1230	0.9995271
5820	2710	0.99779165
5820	1617	0.9973524
5820	2676	0.95650196
5820	2395	0.95109963
5820	260	0.92794317
5820	2757	0.91697246
5821	17	0.999974
5821	58	0.9969357
5821	1721	0.9951379
5821	3185	0.9629408
5821	515	0.941167
5821	1132	0.929286
5821	1188	0.91188335
5821	306	0.88957363
5821	1357	0.8652091
5821	745	0.8576286
5822	2789	0.9998944
5822	2644	0.9995073
5822	1340	0.9977405
5822	1321	0.9963219
5822	366	0.9652766
5822	2867	0.95786464
5822	2633	0.9575014
5822	2985	0.94053006
5822	3264	0.86831725
5822	2784	0.85522926
5823	1374	0.99996185
5823	2012	0.99804324
5823	1287	0.99637806
5823	940	0.9952762
5823	914	0.9905007
5823	3108	0.96163625
5823	1240	0.9469538
5823	3250	0.9427866
5823	303	0.9352263
5823	11	0.9350294
5824	913	0.99920845
5824	2688	0.9851578
5824	296	0.9802982
5824	316	0.95289934
5824	2139	0.9231889
5824	196	0.863945
5824	1129	0.8529525
5824	2395	0.7668623
5824	1	0.7455421
5824	899	0.7053056
5825	1223	0.9994588
5825	2599	0.9968333
5825	233	0.99618506
5825	2289	0.99504405
5825	1148	0.99358726
5825	1392	0.991517
5825	1584	0.9768036
5825	1243	0.9649346
5825	2959	0.77495754
5825	32	0.7243967
5826	1394	0.99915564
5826	527	0.99611163
5826	2542	0.9951936
5826	1080	0.9912586
5826	2686	0.9868522
5826	1215	0.98400295
5826	1252	0.9828986
5826	2336	0.9752712
5826	2371	0.9431072
5826	2966	0.91973597
5827	1249	0.99927855
5827	180	0.99906766
5827	587	0.9987372
5827	2108	0.9980444
5827	357	0.99699354
5827	539	0.99262047
5827	2571	0.9910027
5827	234	0.9881574
5827	2094	0.97911406
5827	471	0.9774805
5828	2858	0.9974961
5828	3008	0.99389195
5828	3053	0.9929693
5828	1487	0.98257685
5828	2997	0.97950554
5828	19	0.97181726
5828	2329	0.951332
5828	1961	0.66142845
5828	2500	0.6602981
5828	765	0.5577329
5829	3037	0.9999337
5829	1269	0.9999273
5829	909	0.9992833
5829	1230	0.99893165
5829	934	0.99698925
5829	3072	0.99606943
5829	1276	0.9870484
5829	2791	0.98213
5829	902	0.97164625
5829	3361	0.96508336
5830	3421	0.9901601
5830	2355	0.9735363
5830	1	0.87349594
5830	2396	0.6259794
5830	1639	0.32434916
5830	2858	0.30672866
5830	858	0.24742264
5830	344	0.2451829
5830	1193	0.20418099
5830	955	0.20386228
5831	2355	0.9964899
5831	1957	0.99067616
5831	1721	0.96182543
5831	1263	0.9599366
5831	252	0.94875044
5831	3101	0.93702894
5831	1653	0.8743037
5831	3174	0.85884845
5831	1562	0.8476691
5831	1883	0.8390045
5832	1041	0.99998415
5832	1177	0.99966705
5832	3260	0.9995655
5832	1643	0.99868715
5832	347	0.9787361
5832	515	0.90856177
5832	912	0.8746866
5832	1734	0.869341
5832	3354	0.8575889
5832	1150	0.7091818
5833	36	0.99996936
5833	1673	0.99992913
5833	593	0.99956596
5833	535	0.99913275
5833	2329	0.99865615
5833	3101	0.9978993
5833	1914	0.9953188
5833	2389	0.9935239
5833	3105	0.99188775
5833	216	0.98987794
5834	2369	0.99986947
5834	3157	0.99911416
5834	1264	0.9957243
5834	2336	0.9929406
5834	902	0.99289167
5834	2734	0.9885481
5834	1204	0.9465475
5834	3176	0.94337237
5834	1235	0.92241275
5834	1280	0.87865245
5835	919	0.99999034
5835	527	0.9984919
5835	1280	0.9957835
5835	1193	0.9925244
5835	954	0.9845648
5835	3307	0.9542686
5835	1225	0.9419602
5835	1250	0.8904611
5835	1945	0.83089614
5835	2908	0.59464854
5836	3114	0.9999994
5836	1	0.9974247
5836	110	0.9945574
5836	2501	0.991614
5836	1610	0.98729336
5836	1643	0.98274916
5836	2700	0.9736534
5836	1617	0.94848925
5836	3006	0.8984297
5836	34	0.8967618
5837	1388	0.9973037
5837	357	0.9944275
5837	1408	0.9846844
5837	1371	0.96223867
5837	3087	0.91558576
5837	1962	0.9072486
5837	1343	0.89990723
5837	3269	0.8945411
5837	2529	0.8853103
5837	590	0.87153995
5838	3405	0.9999329
5838	3095	0.9996657
5838	898	0.99944127
5838	1945	0.97686946
5838	3067	0.9644462
5838	2336	0.9635241
5838	224	0.9560189
5838	2248	0.9480157
5838	969	0.9282791
5838	858	0.89855856
5839	1213	0.997797
5839	2858	0.9765597
5839	260	0.96331644
5839	296	0.95315313
5839	593	0.8914424
5839	2728	0.8695104
5839	1196	0.7519771
5839	1204	0.58986235
5839	1242	0.56246257
5839	1282	0.43224102
5840	1784	0.99991304
5840	2144	0.99944913
5840	1958	0.9984112
5840	1674	0.9946972
5840	832	0.9943391
5840	2321	0.992187
5840	2371	0.99193674
5840	1393	0.9878184
5840	1186	0.98111236
5840	2858	0.9807972
5841	1961	0.99833375
5841	1220	0.9895363
5841	2470	0.98946
5841	1641	0.98871845
5841	915	0.98148024
5841	1198	0.978685
5841	1393	0.97274137
5841	3098	0.96600103
5841	1246	0.95854473
5841	2770	0.93242526
5842	592	0.9809409
5842	474	0.9047117
5842	2948	0.8456787
5842	2423	0.769703
5842	2366	0.7142055
5842	2012	0.69968
5842	1270	0.586034
5842	1221	0.5579125
5842	2944	0.5575233
5842	1690	0.53781325
5843	3095	0.99203205
5843	2628	0.9911511
5843	2985	0.9902545
5843	1945	0.9866766
5843	2454	0.97619295
5843	2941	0.94203174
5843	1965	0.9154204
5843	1873	0.9061963
5843	783	0.9052266
5843	2300	0.8984952
5844	1653	0.99955606
5844	3213	0.9982961
5844	1253	0.99812603
5844	1	0.99736917
5844	1214	0.9972601
5844	1077	0.98861074
5844	2948	0.97580147
5844	1356	0.96306026
5844	3358	0.9308917
5844	3082	0.8984215
5845	541	0.99871904
5845	246	0.990827
5845	3022	0.9874482
5845	3307	0.98451984
5845	2694	0.9076184
5845	2433	0.8850944
5845	2529	0.8414053
5845	2959	0.8320849
5845	2762	0.8212453
5845	905	0.6701696
5846	2858	0.9995563
5846	924	0.9960288
5846	2064	0.9939928
5846	2987	0.9930556
5846	1259	0.99257743
5846	2396	0.9915787
5846	750	0.9907838
5846	1093	0.9886955
5846	1208	0.9734137
5846	3179	0.9648347
5847	1641	0.9990859
5847	1500	0.9985698
5847	2174	0.9985653
5847	208	0.998364
5847	1171	0.989684
5847	1073	0.98854125
5847	3396	0.96743524
5847	1566	0.96619153
5847	3175	0.9625
5847	2088	0.95012057
5848	1945	0.9996531
5848	2064	0.99636215
5848	1944	0.99514854
5848	2427	0.9944309
5848	2150	0.9879476
5848	940	0.982625
5848	923	0.98242587
5848	1242	0.9781828
5848	928	0.96122754
5848	2268	0.9490802
5849	1148	0.9925468
5849	858	0.9902108
5849	1221	0.9714118
5849	110	0.9662957
5849	2571	0.82594514
5849	380	0.7960703
5849	2023	0.788342
5849	1242	0.77448845
5849	1198	0.7521714
5849	2858	0.6787803
5850	1012	0.99741673
5850	2006	0.9909818
5850	1073	0.9864516
5850	1015	0.9842427
5850	1888	0.9812661
5850	421	0.95936865
5850	2429	0.9484919
5850	480	0.91028035
5850	1931	0.90799016
5850	3073	0.8120854
5851	2471	0.99717885
5851	2987	0.98351836
5851	3412	0.9744357
5851	1610	0.9739343
5851	2640	0.9705514
5851	480	0.96277475
5851	10	0.9468185
5851	2105	0.9388602
5851	1287	0.9388206
5851	1955	0.9089316
5852	1267	0.99936926
5852	1206	0.97531116
5852	2064	0.97014004
5852	110	0.96351564
5852	3044	0.951913
5852	1	0.9313003
5852	955	0.91607165
5852	1244	0.9103086
5852	1541	0.9068768
5852	3361	0.89503
5853	1944	0.9983413
5853	922	0.9783164
5853	945	0.97106266
5853	2671	0.91828287
5853	266	0.9119028
5853	1947	0.9071095
5853	17	0.881197
5853	2001	0.86727446
5853	1097	0.8268404
5853	2125	0.797155
5854	16	0.9948507
5854	252	0.9734447
5854	2722	0.9402976
5854	663	0.92770135
5854	3219	0.8735951
5854	2826	0.8610971
5854	328	0.8220474
5854	1840	0.8183011
5854	3253	0.6930023
5854	2294	0.68007386
5855	1643	0.99972016
5855	2324	0.9995663
5855	1097	0.9982352
5855	3260	0.997043
5855	2396	0.9939035
5855	535	0.9823246
5855	150	0.95389223
5855	1210	0.935794
5855	1641	0.91217536
5855	1704	0.781658
5856	1954	0.9733353
5856	339	0.97284746
5856	1240	0.9550277
5856	1221	0.93201554
5856	1777	0.9157841
5856	587	0.88686764
5856	2424	0.8469368
5856	2407	0.84323335
5856	39	0.80491006
5856	1960	0.777149
5857	3259	0.99936414
5857	3210	0.99922657
5857	2301	0.99887884
5857	2628	0.99844104
5857	590	0.9946357
5857	918	0.990253
5857	1088	0.9863468
5857	3101	0.9815477
5857	2116	0.9792969
5857	1215	0.9744315
5858	1201	0.9999695
5858	2020	0.9998177
5858	1225	0.99543977
5858	3260	0.9941056
5858	930	0.99370897
5858	3408	0.9931376
5858	597	0.9861175
5858	356	0.9843946
5858	531	0.983254
5858	2366	0.9785056
5859	919	0.99633884
5859	2427	0.97926164
5859	920	0.9490601
5859	1254	0.9334007
5859	527	0.91846883
5859	908	0.904788
5859	1387	0.8477986
5859	923	0.78283775
5859	608	0.6834112
5859	1261	0.6549759
5860	1	0.99997425
5860	1294	0.9999038
5860	1394	0.99980736
5860	3421	0.9995709
5860	1220	0.9977926
5860	1234	0.9917425
5860	2174	0.9902011
5860	1080	0.9827225
5860	367	0.9778516
5860	1391	0.9697058
5861	1625	0.9999985
5861	164	0.9999381
5861	1092	0.9941695
5861	1518	0.98873067
5861	1189	0.98550916
5861	50	0.9758439
5861	1214	0.85628414
5861	1834	0.8487562
5861	2803	0.8395622
5861	457	0.82541645
5862	2571	0.99931806
5862	3418	0.9986198
5862	595	0.9487441
5862	2393	0.9432176
5862	172	0.8854878
5862	48	0.8270309
5862	1320	0.7923784
5862	292	0.7588608
5862	276	0.7051006
5862	195	0.6948324
5863	2858	0.9992925
5863	3384	0.9748128
5863	3238	0.86713946
5863	318	0.83000034
5863	858	0.45271945
5863	2956	0.387424
5863	908	0.36786404
5863	2997	0.3572567
5863	3299	0.24570113
5863	913	0.23373082
5864	1873	0.85362613
5864	480	0.7482281
5864	2336	0.6043113
5864	2467	0.5672308
5864	1132	0.54395366
5864	2858	0.53006244
5864	2099	0.2595793
5864	2046	0.23324558
5864	1198	0.12566581
5864	3361	0.10672507
5865	260	0.99992615
5865	1376	0.9993706
5865	2377	0.998459
5865	2916	0.9957116
5865	172	0.9892347
5865	1270	0.9708537
5865	196	0.9639907
5865	2640	0.90786934
5865	1320	0.7898202
5865	185	0.7681032
5866	2728	0.9529791
5866	1193	0.95214397
5866	1203	0.95079154
5866	908	0.8661177
5866	1198	0.8568509
5866	1218	0.76497924
5866	1247	0.76286024
5866	2203	0.71114993
5866	1204	0.6321855
5866	954	0.5395453
5867	2706	0.9972043
5867	2722	0.99361
5867	2683	0.95434356
5867	2434	0.95062715
5867	2188	0.94784915
5867	2694	0.9452018
5867	2541	0.89443636
5867	2629	0.8552718
5867	24	0.6882162
5867	123	0.6071928
5868	1280	0.9997324
5868	2763	0.9994683
5868	2749	0.99441516
5868	3198	0.99200636
5868	2858	0.98926836
5868	2041	0.985512
5868	1097	0.98409855
5868	1949	0.98277426
5868	593	0.9821249
5868	73	0.97364104
5869	2571	0.9984422
5869	1552	0.9935642
5869	2513	0.9891926
5869	1588	0.9705356
5869	736	0.95935255
5869	648	0.835235
5869	1387	0.8007525
5869	1265	0.80019295
5869	1101	0.7920748
5869	3362	0.7595675
5870	2959	0.99959433
5870	180	0.9883077
5870	2890	0.95818186
5870	593	0.957561
5870	780	0.9476563
5870	2836	0.939528
5870	1639	0.9305045
5870	50	0.9215911
5870	1213	0.88738495
5870	1619	0.87553066
5871	1188	0.9993434
5871	357	0.985561
5871	1393	0.98325723
5871	608	0.8935939
5871	1059	0.885215
5871	3000	0.87097836
5871	25	0.8460398
5871	1339	0.80918
5871	2959	0.6977025
5871	2692	0.63378656
5872	1792	0.9999432
5872	2701	0.99851376
5872	333	0.9971681
5872	836	0.9856493
5872	924	0.98433125
5872	2699	0.9785353
5872	2395	0.97453904
5872	1580	0.9445869
5872	741	0.94216967
5872	1641	0.9416723
5873	589	0.9963671
5873	1372	0.99429536
5873	2353	0.98012936
5873	2916	0.96740234
5873	2628	0.8934821
5873	648	0.891083
5873	1408	0.85428953
5873	480	0.77941763
5873	1291	0.5907187
5873	1036	0.5313956
5874	1370	0.99955046
5874	1573	0.9957447
5874	1608	0.99037755
5874	2692	0.98461723
5874	2600	0.9465182
5874	3155	0.9105159
5874	2605	0.89645827
5874	1094	0.88261265
5874	2686	0.87865645
5874	70	0.87849194
5875	1918	0.99880695
5875	3113	0.9987104
5875	1200	0.9927639
5875	780	0.98773766
5875	648	0.97927785
5875	1377	0.9742452
5875	2986	0.97019744
5875	377	0.93826616
5875	1608	0.90846175
5875	1193	0.85002387
5876	2949	0.97129464
5876	1196	0.9394288
5876	60	0.89291346
5876	367	0.87971675
5876	2993	0.64820635
5876	2015	0.51952684
5876	2628	0.4797135
5876	1214	0.40108007
5876	2193	0.3892662
5876	2161	0.37536067
5877	919	0.98921645
5877	358	0.9554348
5877	923	0.9344505
5877	799	0.912853
5877	1387	0.8332901
5877	2167	0.82778895
5877	3081	0.8274598
5877	2880	0.8174517
5877	3421	0.8151259
5877	934	0.7816893
5878	16	0.99962133
5878	39	0.9787748
5878	3052	0.9786297
5878	2699	0.96731603
5878	2011	0.9408206
5878	3147	0.935771
5878	111	0.88020885
5878	2539	0.83564657
5878	314	0.83266664
5878	527	0.7976303
5879	1036	0.99986136
5879	457	0.99926555
5879	1196	0.9990952
5879	2944	0.99900043
5879	2000	0.9919332
5879	236	0.9886537
5879	2692	0.96601546
5879	405	0.9508929
5879	2028	0.9405661
5879	1304	0.93659246
5880	1885	0.99706006
5880	2723	0.99096084
5880	273	0.95283556
5880	2683	0.94410914
5880	1408	0.9315717
5880	1701	0.9163104
5880	417	0.8627405
5880	2394	0.8447236
5880	1674	0.8369342
5880	1569	0.8226744
5881	1513	0.9975672
5881	141	0.995574
5881	708	0.9924675
5881	497	0.9908977
5881	293	0.99069303
5881	832	0.98795146
5881	2683	0.9482991
5881	892	0.94124866
5881	2014	0.9320669
5881	1393	0.92745006
5882	1214	0.9992964
5882	858	0.9865103
5882	2657	0.91396517
5882	2000	0.87021625
5882	2640	0.81494033
5882	1253	0.722191
5882	912	0.6706059
5882	2010	0.6678111
5882	1101	0.3280685
5882	780	0.30090883
5883	100	0.7686672
5883	279	0.7336116
5883	2686	0.5614714
5883	858	0.32633135
5883	920	0.2136786
5883	2759	0.17229885
5883	1193	0.13736728
5883	2628	0.11387861
5883	1213	0.089295596
5883	2706	0.0529429
5884	2406	0.99975526
5884	1233	0.9992341
5884	2947	0.99643916
5884	1242	0.9948707
5884	2167	0.99337935
5884	2006	0.9827553
5884	2115	0.9800186
5884	1304	0.92593753
5884	2353	0.71845317
5884	2193	0.69787735
5885	2762	0.9999849
5885	1212	0.99997735
5885	16	0.9997886
5885	175	0.9997363
5885	1617	0.9989675
5885	3386	0.99868655
5885	590	0.9979689
5885	235	0.9844707
5885	2320	0.9837439
5885	924	0.97527254
5886	3081	0.99602044
5886	2012	0.99568504
5886	1375	0.9956321
5886	1089	0.9821087
5886	866	0.97366756
5886	2692	0.9591787
5886	780	0.95814836
5886	3020	0.8868209
5886	1569	0.8752712
5886	2046	0.8453749
5887	1304	0.9999873
5887	953	0.99954057
5887	1028	0.9991857
5887	3361	0.97940123
5887	1097	0.970966
5887	2791	0.9643258
5887	1257	0.9419024
5887	25	0.9411197
5887	915	0.92103744
5887	296	0.91890574
5888	356	0.99730974
5888	1958	0.98352826
5888	2134	0.9821253
5888	1101	0.9727082
5888	2770	0.89943004
5888	2997	0.8609661
5888	594	0.8537896
5888	3101	0.8277089
5888	2371	0.7996695
5888	2716	0.78984654
5889	858	0.99976707
5889	1084	0.99963564
5889	1953	0.9984022
5889	1513	0.9966428
5889	3307	0.9958382
5889	3265	0.9892545
5889	1230	0.98744214
5889	50	0.97751266
5889	1221	0.9667001
5889	2147	0.9652978
5890	1246	0.96575224
5890	246	0.918778
5890	2353	0.8703232
5890	1296	0.8278253
5890	2750	0.805455
5890	800	0.71854204
5890	1196	0.69036263
5890	368	0.6685582
5890	2112	0.6410371
5890	1300	0.57965106
5891	2598	0.999985
5891	3081	0.9973967
5891	2710	0.9963392
5891	356	0.9910575
5891	3203	0.98337847
5891	2719	0.97841823
5891	1221	0.9770349
5891	2546	0.970695
5891	3113	0.9492474
5891	1093	0.9480418
5892	2973	0.99707216
5892	1945	0.9960202
5892	1084	0.9828869
5892	1266	0.9778042
5892	1104	0.9698976
5892	2553	0.9241946
5892	912	0.9149874
5892	2662	0.9145055
5892	903	0.9021549
5892	185	0.8881736
5893	1449	0.9999667
5893	101	0.99935186
5893	1244	0.99924994
5893	3307	0.99345183
5893	1211	0.9886608
5893	1827	0.9747454
5893	1281	0.94720924
5893	2302	0.94000006
5893	2171	0.9392748
5893	2321	0.93281054
5894	1036	0.9956924
5894	420	0.9935231
5894	2422	0.9899828
5894	3257	0.98923576
5894	2916	0.9786651
5894	2194	0.9688579
5894	2404	0.9641825
5894	1587	0.96267104
5894	2531	0.9056231
5894	592	0.87808156
5895	296	0.99984646
5895	1729	0.9998349
5895	47	0.9993781
5895	1227	0.9792209
5895	6	0.92341185
5895	431	0.8537121
5895	999	0.851824
5895	1805	0.6183452
5895	1221	0.47797087
5895	1210	0.47528732
5896	141	0.9982376
5896	2282	0.99404466
5896	248	0.9886166
5896	543	0.9626555
5896	1784	0.93909824
5896	2599	0.88695097
5896	2496	0.8843353
5896	3243	0.8830354
5896	2424	0.8705408
5896	1845	0.84985936
5897	3298	0.999962
5897	1124	0.9997287
5897	2762	0.99910635
5897	3408	0.9982325
5897	2398	0.9963163
5897	2858	0.9831468
5897	2883	0.9782685
5897	419	0.9737067
5897	3006	0.9694463
5897	3052	0.95407236
5898	3083	0.9985894
5898	265	0.9680997
5898	318	0.9284798
5898	3175	0.898352
5898	902	0.7518495
5898	2908	0.68336165
5898	3155	0.6654478
5898	2324	0.5132709
5898	2966	0.40481514
5898	1900	0.40403622
5899	3388	0.98612154
5899	2232	0.9766214
5899	3250	0.8130933
5899	2990	0.75825846
5899	2951	0.7547177
5899	2689	0.6755167
5899	2635	0.65260077
5899	2826	0.5874386
5899	902	0.55193675
5899	2022	0.4571103
5900	971	0.9996376
5900	923	0.9976572
5900	1721	0.98573494
5900	272	0.93886757
5900	1198	0.88513327
5900	306	0.8844565
5900	1952	0.87638414
5900	920	0.8673053
5900	242	0.8177874
5900	2333	0.7857156
5901	858	0.99208987
5901	971	0.9865194
5901	1230	0.8957416
5901	1097	0.71581614
5901	1193	0.62958175
5901	452	0.56595033
5901	2942	0.54278976
5901	306	0.47845966
5901	3108	0.461082
5901	1203	0.4472033
5902	534	0.99999726
5902	1929	0.9993938
5902	1233	0.9954115
5902	1210	0.99418265
5902	1094	0.99032867
5902	111	0.9863325
5902	249	0.97659856
5902	589	0.96880674
5902	2067	0.96305144
5902	2336	0.9388615
5903	2396	0.99644583
5903	1777	0.99422944
5903	1573	0.99180293
5903	1597	0.98011917
5903	10	0.9766397
5903	745	0.9462846
5903	318	0.9276726
5903	6	0.91988593
5903	2427	0.88429904
5903	1923	0.8106221
5904	1200	0.9999489
5904	2916	0.99524593
5904	1214	0.9934534
5904	344	0.9853163
5904	2571	0.9765291
5904	410	0.96709085
5904	2186	0.96006656
5904	2289	0.5492504
5904	2762	0.54107064
5904	2496	0.45746967
5905	1265	0.99997926
5905	2550	0.999873
5905	2366	0.999359
5905	2867	0.9837681
5905	955	0.98310715
5905	1136	0.9530032
5905	1292	0.9468987
5905	1919	0.92000836
5905	2145	0.8970079
5905	1028	0.8959106
5906	1374	0.99999034
5906	1036	0.9952996
5906	3148	0.9943141
5906	1207	0.9941175
5906	1213	0.98514867
5906	3101	0.9839237
5906	1240	0.97557855
5906	527	0.96613854
5906	1704	0.96497
5906	2858	0.95727813
5907	3083	0.99763066
5907	912	0.99669874
5907	906	0.99539
5907	2858	0.99267
5907	1252	0.9549436
5907	2599	0.9479877
5907	2936	0.9412953
5907	1221	0.8452346
5907	1235	0.6585281
5907	903	0.6450547
5908	1036	0.99992025
5908	1101	0.9984168
5908	2605	0.9979498
5908	1370	0.9933808
5908	1287	0.98893785
5908	1193	0.9774145
5908	2990	0.9752639
5908	1562	0.9607022
5908	527	0.9602817
5908	3178	0.95782363
5909	1270	0.99983376
5909	1210	0.99939024
5909	1198	0.9929468
5909	2028	0.9905442
5909	2804	0.9853879
5909	435	0.9756614
5909	1665	0.97266495
5909	1258	0.96944916
5909	18	0.95763946
5909	2699	0.94591236
5910	1296	0.9999968
5910	1096	0.9999839
5910	2070	0.99832165
5910	3418	0.9948517
5910	3424	0.98204386
5910	1537	0.97694004
5910	1293	0.9481816
5910	3359	0.93141603
5910	1307	0.92146254
5910	1217	0.903802
5911	1573	0.99560165
5911	2600	0.9923266
5911	1873	0.98956156
5911	2701	0.97903943
5911	2407	0.9736297
5911	2020	0.9661225
5911	1274	0.95463634
5911	2094	0.952623
5911	247	0.9433279
5911	2643	0.89214355
5912	111	0.99733883
5912	2336	0.9780479
5912	969	0.97220147
5912	908	0.9655281
5912	1186	0.8985972
5912	593	0.89328635
5912	1947	0.8494125
5912	1196	0.8324888
5912	1254	0.7206525
5912	3101	0.7182511
5913	1704	0.9991263
5913	1748	0.98546445
5913	232	0.9778012
5913	2858	0.96091914
5913	296	0.9600338
5913	246	0.956979
5913	1680	0.9430964
5913	1537	0.89236224
5913	1648	0.89235747
5913	32	0.854356
5914	1617	0.9999994
5914	2391	0.99984986
5914	111	0.9997463
5914	296	0.99966997
5914	164	0.99832004
5914	1407	0.9978688
5914	293	0.99579316
5914	1219	0.9842982
5914	553	0.98306423
5914	1729	0.9616593
5915	3298	0.9946284
5915	2278	0.9667007
5915	3363	0.96523654
5915	1673	0.9467665
5915	1772	0.9178088
5915	380	0.9009478
5915	3148	0.8800135
5915	2115	0.8530156
5915	1233	0.84164286
5915	2411	0.83174706
5916	2366	0.99904656
5916	971	0.99790156
5916	1265	0.99731433
5916	1206	0.9901472
5916	3072	0.98621845
5916	21	0.9120229
5916	1683	0.8935107
5916	592	0.8316151
5916	3408	0.82860744
5916	272	0.81319124
5917	1240	0.99978733
5917	592	0.99832857
5917	2788	0.9962436
5917	2947	0.98522055
5917	2826	0.98448867
5917	2021	0.9796289
5917	1233	0.9709394
5917	1387	0.9498141
5917	902	0.94558525
5917	1429	0.8304322
5918	1210	0.9716081
5918	2858	0.9544382
5918	2762	0.92670393
5918	50	0.81837225
5918	858	0.7016233
5918	2997	0.2605301
5918	1198	0.26044267
5918	589	0.19899851
5918	110	0.19535571
5918	1389	0.18602246
5919	2858	0.9678134
5919	356	0.89963937
5919	1972	0.85135895
5919	441	0.8286293
5919	1176	0.6509733
5919	2770	0.5912494
5919	2719	0.5564145
5919	2722	0.35886294
5919	3051	0.3459503
5919	2188	0.26745084
5920	1259	0.9989483
5920	2302	0.9978651
5920	1210	0.99737906
5920	497	0.9827385
5920	1923	0.98223156
5920	2736	0.97055316
5920	2289	0.9617865
5920	11	0.95855695
5920	1291	0.95701706
5920	2144	0.9536966
5921	1200	0.9999732
5921	356	0.9996654
5921	318	0.9980087
5921	2000	0.99656606
5921	589	0.99286854
5921	608	0.98342526
5921	1240	0.9724227
5921	1214	0.96751726
5921	1961	0.96465325
5921	1222	0.96128094
5922	541	0.99999875
5922	1084	0.9996005
5922	1269	0.9936826
5922	1029	0.97752047
5922	924	0.9705316
5922	2043	0.9683341
5922	2366	0.967455
5922	2076	0.9229124
5922	1206	0.8970944
5922	1699	0.86759686
5923	1954	0.9998472
5923	260	0.9537407
5923	589	0.93561924
5923	1617	0.8926955
5923	1207	0.45676818
5923	2694	0.17692733
5923	2366	0.16660953
5923	3147	0.14166546
5923	300	0.121867746
5923	50	0.11242476
5924	1722	1.0
5924	2028	0.9999958
5924	145	0.9967235
5924	2194	0.9767942
5924	3104	0.951198
5924	2273	0.91013813
5924	2527	0.8994849
5924	920	0.83816636
5924	1275	0.8372506
5924	1552	0.73911726
5925	1093	0.9987835
5925	2081	0.99840575
5925	2804	0.9715426
5925	3358	0.9671632
5925	2150	0.9652835
5925	3260	0.9652058
5925	551	0.95652837
5925	2541	0.9425993
5925	1939	0.9195199
5925	1307	0.90427446
5926	1101	0.9388865
5926	2640	0.9027709
5926	1954	0.8936975
5926	110	0.891259
5926	733	0.5865787
5926	1196	0.4368299
5926	2490	0.43381867
5926	1676	0.42546985
5926	2916	0.4236071
5926	1200	0.34163797
5927	1446	1.0
5927	1187	0.99998575
5927	290	0.9988518
5927	3006	0.9978574
5927	36	0.9955454
5927	337	0.9802139
5927	1206	0.9694057
5927	2132	0.84315133
5927	235	0.810693
5927	232	0.69736767
5928	1617	0.9987403
5928	907	0.99846995
5928	858	0.9976826
5928	2130	0.9969672
5928	3030	0.99013877
5928	908	0.9878923
5928	3022	0.98534304
5928	2660	0.96982634
5928	628	0.96014106
5928	1911	0.9244801
5929	2746	0.9999806
5929	1128	0.9996715
5929	1215	0.99957764
5929	1388	0.9954508
5929	2517	0.9949244
5929	2747	0.9924722
5929	1690	0.9868809
5929	253	0.9847076
5929	2288	0.94983155
5929	2097	0.9390656
5930	3255	0.99453354
5930	3263	0.9877522
5930	947	0.9875134
5930	1234	0.9859814
5930	1079	0.985029
5930	1077	0.9833621
5930	1517	0.9833443
5930	1081	0.9628237
5930	1663	0.95802087
5930	2186	0.95001394
5931	2406	0.9878918
5931	1376	0.88244706
5931	2140	0.8682441
5931	2968	0.6800895
5931	2858	0.47194743
5931	2699	0.36235076
5931	2804	0.3218424
5931	2028	0.22744066
5931	1307	0.21775755
5931	2947	0.18321711
5932	377	0.99991965
5932	163	0.99396765
5932	2571	0.99241054
5932	2916	0.98672456
5932	858	0.9428853
5932	383	0.9211617
5932	2278	0.91735625
5932	593	0.90036845
5932	2699	0.8704078
5932	16	0.8692298
5933	2710	0.9518468
5933	2701	0.94002527
5933	3175	0.8970474
5933	858	0.57880783
5933	3005	0.47109142
5933	2622	0.46402466
5933	2395	0.43825963
5933	2355	0.38680524
5933	2147	0.3019826
5933	2881	0.29732096
5934	593	0.8730032
5934	1250	0.8635893
5934	1252	0.6303319
5934	1213	0.5267083
5934	1097	0.51398236
5934	111	0.360171
5934	3421	0.328914
5934	903	0.23723388
5934	1945	0.23308095
5934	1254	0.19881022
5935	3114	0.99657285
5935	1923	0.9929595
5935	1079	0.9925728
5935	1136	0.93971467
5935	1394	0.92493325
5935	2321	0.89444184
5935	1784	0.7685546
5935	2915	0.72405696
5935	2858	0.6881613
5935	2997	0.26257628
5936	1617	0.99998724
5936	1252	0.99804467
5936	1387	0.9883208
5936	1036	0.98629177
5936	2571	0.9013722
5936	1219	0.8725219
5936	2858	0.5987054
5936	1213	0.37003016
5936	2987	0.3490947
5936	3334	0.31400228
5937	1097	0.99996233
5937	1198	0.9999237
5937	1617	0.9997785
5937	1968	0.9994325
5937	1196	0.99937737
5937	1293	0.9988599
5937	3267	0.99375975
5937	1	0.9906595
5937	1374	0.99008083
5937	457	0.9852383
5938	3114	0.99991083
5938	1537	0.9998958
5938	3174	0.9985525
5938	1883	0.99826574
5938	593	0.9975296
5938	2248	0.9971502
5938	1265	0.99633336
5938	2542	0.9902352
5938	345	0.98433447
5938	1912	0.9814397
5939	1247	0.9998374
5939	1230	0.9998034
5939	920	0.9996019
5939	111	0.9994168
5939	1150	0.9986842
5939	910	0.99792707
5939	1947	0.9966049
5939	1193	0.9948515
5939	3363	0.9873748
5939	2866	0.9748189
5940	2710	0.99432474
5940	1093	0.9900262
5940	2617	0.9679118
5940	2583	0.8596976
5940	2541	0.54031926
5940	2147	0.50166947
5940	2622	0.4849748
5940	832	0.46483117
5940	2446	0.41607872
5940	3408	0.37538058
5941	3063	0.99998593
5941	349	0.99996316
5941	903	0.99974024
5941	1358	0.9838323
5941	436	0.97989094
5941	454	0.9770156
5941	1921	0.97488993
5941	1089	0.9287553
5941	1396	0.9147687
5941	1547	0.89222836
5942	2300	0.9990827
5942	3072	0.99886054
5942	1292	0.99739414
5942	1028	0.99720144
5942	1089	0.99547404
5942	1304	0.99182004
5942	161	0.9895178
5942	1080	0.9810505
5942	830	0.980592
5942	1285	0.9742794
5943	916	0.9843875
5943	910	0.979248
5943	2300	0.9278097
5943	1304	0.918293
5943	904	0.9005005
5943	1207	0.84182596
5943	2073	0.7945069
5943	1204	0.77641875
5943	1396	0.7235156
5943	928	0.67453957
5944	3052	0.9999622
5944	1175	0.99987537
5944	2288	0.99983776
5944	4	0.99663496
5944	1205	0.996612
5944	88	0.9940773
5944	276	0.97570276
5944	1894	0.95544934
5944	656	0.9473228
5944	2552	0.9105134
5945	1964	0.9999559
5945	1082	0.9988062
5945	1362	0.9930191
5945	745	0.9881989
5945	3067	0.96480113
5945	441	0.9150697
5945	21	0.8970765
5945	3167	0.8922988
5945	3362	0.8868934
5945	1244	0.86527455
5946	2006	0.9977077
5946	587	0.9973799
5946	1722	0.99577993
5946	1210	0.99532604
5946	1196	0.9910084
5946	1735	0.9568167
5946	1197	0.9077127
5946	471	0.8820516
5946	1183	0.86200744
5946	920	0.8498734
5947	2657	0.99991816
5947	435	0.97887033
5947	1270	0.9290265
5947	3037	0.6776878
5947	32	0.59538484
5947	1215	0.5534668
5947	111	0.40677953
5947	1690	0.3990618
5947	2780	0.3537838
5947	1544	0.26547793
5948	949	0.99997634
5948	1088	0.99967366
5948	3152	0.9750942
5948	1057	0.968475
5948	2396	0.96581495
5948	3363	0.9551221
5948	2973	0.9421915
5948	1259	0.92220485
5948	2109	0.90149057
5948	2915	0.891967
5949	2541	0.99967724
5949	3174	0.9837556
5949	2329	0.97921634
5949	919	0.9728799
5949	3081	0.89870626
5949	3298	0.8928381
5949	1261	0.85911286
5949	2770	0.8299408
5949	2134	0.81883276
5949	2881	0.8143989
5950	1997	0.99608743
5950	2114	0.99329054
5950	1343	0.99123144
5950	1213	0.98633873
5950	1909	0.9749323
5950	3396	0.9738766
5950	1294	0.96514314
5950	1094	0.9591383
5950	1214	0.95324457
5950	2455	0.9418599
5951	1097	0.9999362
5951	904	0.99723405
5951	858	0.9966867
5951	1219	0.9861852
5951	1080	0.984124
5951	919	0.9768055
5951	1198	0.9631929
5951	1079	0.96090937
5951	1210	0.8898164
5951	1	0.88485503
5952	1086	0.9955472
5952	924	0.99207973
5952	2572	0.98083544
5952	1617	0.96896005
5952	1276	0.96523076
5952	543	0.92494106
5952	1953	0.9224827
5952	17	0.8817229
5952	2997	0.8249552
5952	1269	0.74909854
5953	1917	0.99992746
5953	1148	0.9998867
5953	1584	0.9998226
5953	531	0.99858534
5953	1527	0.99772143
5953	2094	0.99613184
5953	480	0.9941452
5953	1704	0.9534471
5953	2193	0.94060206
5953	1356	0.9371106
5954	368	0.97187126
5954	111	0.9592811
5954	1265	0.9556861
5954	2111	0.9476495
5954	377	0.8616952
5954	2396	0.8163668
5954	1035	0.8110002
5954	902	0.7737454
5954	2065	0.76338553
5954	1968	0.74776894
5955	1220	0.99999756
5955	2916	0.9976565
5955	671	0.99619186
5955	2858	0.98906314
5955	2997	0.98638743
5955	552	0.98565114
5955	920	0.9747673
5955	1388	0.9609791
5955	2100	0.9553108
5955	694	0.95031285
5956	260	0.9964888
5956	2672	0.9891976
5956	2989	0.98434055
5956	1198	0.9810035
5956	788	0.9797522
5956	1682	0.970886
5956	25	0.96951485
5956	1094	0.9334717
5956	2628	0.92445797
5956	1894	0.9176948
5957	293	0.9997711
5957	546	0.997741
5957	1127	0.9745791
5957	1610	0.9701477
5957	913	0.92552924
5957	32	0.90824056
5957	2022	0.9052834
5957	2985	0.8598825
5957	1222	0.84180963
5957	71	0.8307216
5958	2795	0.99985135
5958	2028	0.99796146
5958	480	0.9737117
5958	2478	0.96904004
5958	1210	0.9682845
5958	1200	0.95784044
5958	1222	0.9357202
5958	2716	0.9300332
5958	2115	0.9030503
5958	2990	0.87762153
5959	3114	0.999184
5959	223	0.99836886
5959	1060	0.996632
5959	1777	0.9958527
5959	2181	0.9936158
5959	2384	0.9916898
5959	2858	0.99095404
5959	2502	0.9848594
5959	356	0.9821471
5959	2699	0.97635484
5960	2144	0.99999857
5960	915	0.9999948
5960	909	0.99985564
5960	2302	0.9990401
5960	947	0.9974402
5960	3263	0.99565023
5960	597	0.9952613
5960	898	0.9952014
5960	2518	0.9412439
5960	1513	0.9136312
5961	1127	0.96556747
5961	1500	0.92199343
5961	1544	0.8988825
5961	207	0.8441406
5961	849	0.7492398
5961	173	0.727894
5961	3147	0.72000307
5961	2700	0.70350194
5961	3101	0.68203413
5961	2490	0.60033953
5962	1196	0.9959638
5962	318	0.98490644
5962	527	0.92649174
5962	1259	0.6445204
5962	1265	0.5550682
5962	3107	0.5198473
5962	1252	0.48092893
5962	852	0.4247846
5962	36	0.40948823
5962	2064	0.40006644
5963	1196	0.99943507
5963	493	0.99895966
5963	593	0.9977071
5963	587	0.9948326
5963	2427	0.9927187
5963	2713	0.9893905
5963	162	0.98794246
5963	1291	0.985615
5963	2916	0.98184794
5963	1259	0.9801717
5964	2028	0.9905591
5964	150	0.9709176
5964	1682	0.96970123
5964	3019	0.93607295
5964	434	0.92347383
5964	1288	0.91967815
5964	1594	0.9088097
5964	2278	0.88536954
5964	111	0.8486546
5964	2542	0.83689934
5965	2428	0.9999981
5965	123	0.9999633
5965	2901	0.99870193
5965	2842	0.9495305
5965	3004	0.82093257
5965	3177	0.77835
5965	3265	0.7037816
5965	2116	0.68499243
5965	22	0.674451
5965	1623	0.58160836
5966	300	0.99960357
5966	1968	0.9989347
5966	1213	0.9976033
5966	235	0.99644494
5966	265	0.99234986
5966	1639	0.9830579
5966	1784	0.9499959
5966	25	0.9443803
5966	1885	0.9356147
5966	293	0.9321607
5967	1264	0.8699688
5967	3101	0.78982705
5967	1261	0.5376564
5967	34	0.48896593
5967	628	0.44760868
5967	337	0.40694144
5967	2357	0.36631203
5967	2858	0.36455852
5967	1955	0.35177565
5967	2329	0.34863782
5968	3265	0.99673045
5968	2529	0.99355286
5968	1221	0.8806941
5968	2944	0.84887433
5968	1210	0.7864629
5968	532	0.74710315
5968	2667	0.69567555
5968	902	0.66178
5968	1657	0.6020843
5968	2138	0.5751413
5969	2779	1.0
5969	898	0.99937487
5969	915	0.9988102
5969	955	0.99793893
5969	1292	0.99762344
5969	1270	0.9974953
5969	2300	0.99715805
5969	916	0.99635285
5969	1294	0.9660176
5969	907	0.9643737
5970	1214	0.99998224
5970	2571	0.999704
5970	480	0.99968886
5970	1653	0.99927354
5970	1610	0.9990125
5970	1580	0.997575
5970	1240	0.99518013
5970	2916	0.9946998
5970	541	0.9928391
5970	589	0.9912226
5971	3072	0.9989755
5971	1302	0.9984946
5971	2248	0.9960364
5971	1393	0.9953357
5971	2000	0.99454415
5971	2915	0.9723803
5971	357	0.958987
5971	2518	0.93014526
5971	25	0.919595
5971	3363	0.89658356
5972	1957	0.9992989
5972	2915	0.9981601
5972	2263	0.9968777
5972	2762	0.937567
5972	562	0.92640615
5972	1203	0.8808471
5972	2423	0.79383814
5972	1089	0.7344056
5972	1959	0.7205808
5972	2719	0.67282796
5973	541	0.92205715
5973	1301	0.8493831
5973	9	0.5517418
5973	3375	0.43871105
5973	1127	0.3359579
5973	2916	0.26319635
5973	1762	0.14702457
5973	2885	0.1068382
5973	1973	0.10184839
5973	2878	0.0797272
5974	1673	0.9986265
5974	1253	0.99554753
5974	3418	0.9847257
5974	593	0.984403
5974	1680	0.98435867
5974	1197	0.9786532
5974	2186	0.9549256
5974	2890	0.9429611
5974	1196	0.930614
5974	1377	0.8779659
5975	608	0.9992391
5975	47	0.9842858
5975	1225	0.910644
5975	1270	0.79667574
5975	2423	0.7254257
5975	1094	0.65129274
5975	2132	0.62954223
5975	1805	0.62108386
5975	2890	0.55692923
5975	3147	0.53156066
5976	2124	0.9998969
5976	364	0.9996472
5976	3044	0.9994111
5976	3157	0.9992392
5976	551	0.998105
5976	70	0.99701965
5976	663	0.9932462
5976	480	0.9888637
5976	587	0.98750174
5976	3100	0.98199767
5977	1136	0.9999657
5977	3201	0.9999116
5977	1230	0.9996853
5977	1077	0.99259865
5977	1198	0.98614186
5977	3359	0.9561719
5977	3230	0.94389313
5977	3298	0.7424165
5977	2871	0.47616103
5977	953	0.44274727
5978	2528	0.9999634
5978	2414	0.9997861
5978	1391	0.9945167
5978	2194	0.98437405
5978	2	0.982564
5978	2662	0.95168996
5978	1263	0.9380257
5978	608	0.9340348
5978	3368	0.9010149
5978	3176	0.8949379
5979	1252	0.9874891
5979	3022	0.9744446
5979	55	0.83869857
5979	3133	0.59548414
5979	3038	0.3467606
5979	1617	0.34662873
5979	1196	0.34477666
5979	1610	0.266343
5979	1084	0.26583043
5979	2010	0.20223638
5980	1944	0.9998286
5980	940	0.99939674
5980	899	0.99919736
5980	2150	0.99863607
5980	1136	0.9950962
5980	1035	0.99433196
5980	2243	0.9927425
5980	2028	0.99271476
5980	935	0.98630786
5980	3408	0.984937
5981	2948	0.99904203
5981	1103	0.9989122
5981	3129	0.9985144
5981	1219	0.99694407
5981	750	0.9959382
5981	531	0.9919292
5981	588	0.99187386
5981	1079	0.99111164
5981	2949	0.9886555
5981	1244	0.98756886
5982	10	0.999973
5982	1036	0.999906
5982	2949	0.9976766
5982	1240	0.9646311
5982	380	0.9492667
5982	1580	0.9398049
5982	1676	0.89678824
5982	3104	0.83257085
5982	2985	0.6805719
5982	1552	0.6406306
5983	750	0.9994911
5983	260	0.99927676
5983	2657	0.97488415
5983	541	0.9724016
5983	2010	0.9665106
5983	1200	0.959458
5983	1214	0.94497764
5983	1210	0.7963733
5983	1206	0.7830988
5983	2011	0.7825046
5984	1210	0.9949368
5984	750	0.9910781
5984	924	0.9713975
5984	2553	0.9638449
5984	2010	0.935861
5984	1961	0.7523731
5984	2968	0.45679814
5984	2021	0.29123616
5984	1230	0.14213157
5984	2657	0.1172564
5985	3155	0.9982285
5985	508	0.9924824
5985	3264	0.9917879
5985	207	0.97976494
5985	3072	0.96988255
5985	47	0.96510816
5985	3210	0.9625958
5985	2692	0.95092237
5985	593	0.9384873
5985	2501	0.9356431
5986	1704	0.9992074
5986	2313	0.99837255
5986	1296	0.99754006
5986	2202	0.9973847
5986	3198	0.98993146
5986	1213	0.9819999
5986	1961	0.97693855
5986	1286	0.96700186
5986	1957	0.9128976
5986	902	0.9023622
5987	733	0.99999285
5987	1188	0.9989101
5987	1641	0.9988625
5987	2858	0.9934006
5987	380	0.98646015
5987	2396	0.9547569
5987	1223	0.9327959
5987	745	0.7923346
5987	2289	0.64840853
5987	52	0.5471362
5988	2028	0.9999802
5988	2686	0.9999454
5988	527	0.99873054
5988	535	0.99654764
5988	2712	0.99636483
5988	25	0.9939407
5988	1641	0.9848268
5988	475	0.97697055
5988	334	0.97057736
5988	1885	0.97028697
5989	539	0.99996346
5989	356	0.99993896
5989	1485	0.99052924
5989	3255	0.8748837
5989	357	0.86705315
5989	3081	0.7585216
5989	367	0.63849497
5989	3174	0.4992538
5989	1923	0.49717888
5989	52	0.45701823
5990	2313	0.9997536
5990	2065	0.99809736
5990	1959	0.99460256
5990	1036	0.99429095
5990	2677	0.99341536
5990	2474	0.993335
5990	3408	0.99294853
5990	3424	0.9927866
5990	2406	0.98963225
5990	1293	0.9879935
5991	1307	0.9999659
5991	1286	0.9997862
5991	2985	0.9995979
5991	2455	0.99909663
5991	2291	0.99889535
5991	912	0.99862957
5991	969	0.9971801
5991	551	0.99657285
5991	1396	0.99160457
5991	2125	0.990121
5992	2724	0.9988808
5992	1923	0.9976866
5992	2686	0.9960251
5992	1265	0.99117994
5992	1	0.9869895
5992	1210	0.93009675
5992	2997	0.91155076
5992	2959	0.8519896
5992	2718	0.6594171
5992	2840	0.5004309
5993	928	0.9999886
5993	1997	0.9939374
5993	1396	0.9859202
5993	1086	0.98340535
5993	2746	0.9742088
5993	858	0.95547885
5993	1203	0.9259373
5993	1077	0.90603435
5993	1278	0.87336886
5993	1256	0.8458502
5994	2944	0.9998527
5994	2949	0.999753
5994	3265	0.99313647
5994	2529	0.9840741
5994	1608	0.9837527
5994	1270	0.9394461
5994	1222	0.93534523
5994	1242	0.8638371
5994	2532	0.75322247
5994	1722	0.4427008
5995	968	0.9994579
5995	595	0.9987607
5995	2985	0.9959339
5995	1265	0.9951811
5995	1296	0.994157
5995	924	0.9829346
5995	2861	0.9810617
5995	2288	0.9772601
5995	110	0.9740572
5995	2160	0.9738413
5996	1527	0.9995451
5996	1247	0.99330515
5996	296	0.9805351
5996	1625	0.97820276
5996	2407	0.9779186
5996	2338	0.9697256
5996	1120	0.95943534
5996	2662	0.8758539
5996	539	0.86039424
5996	968	0.83997226
5997	1199	0.9986478
5997	1206	0.95996296
5997	750	0.8175587
5997	407	0.7749451
5997	1198	0.66264427
5997	1127	0.47269726
5997	1588	0.30318016
5997	1580	0.18485352
5997	2363	0.16015297
5997	1396	0.13508776
5998	508	0.9999461
5998	529	0.9946122
5998	608	0.99449635
5998	428	0.9832498
5998	150	0.96523786
5998	1196	0.9589257
5998	1094	0.95728654
5998	2268	0.94301116
5998	475	0.9335165
5998	509	0.9291326
5999	3334	0.99997765
5999	2973	0.8824607
5999	942	0.6990037
5999	1230	0.45686013
5999	2726	0.36166286
5999	1344	0.11739546
5999	3089	0.11080521
5999	2186	0.09009296
5999	931	0.08222005
5999	3201	0.08098933
6000	1259	0.9999355
6000	34	0.9992223
6000	912	0.9985013
6000	541	0.99650973
6000	2321	0.9910233
6000	1265	0.9887357
6000	1408	0.98761976
6000	733	0.9808389
6000	1711	0.98034203
6000	2819	0.9783094
6001	648	0.99950653
6001	95	0.994254
6001	2105	0.99376947
6001	2871	0.9847878
6001	2023	0.9815258
6001	866	0.9737034
6001	2387	0.9457123
6001	344	0.9414089
6001	2311	0.9377433
6001	47	0.9181756
6002	1272	0.99985206
6002	1949	0.99699116
6002	1927	0.98497164
6002	2662	0.98461133
6002	1234	0.98268056
6002	1909	0.94921917
6002	1344	0.9463848
6002	1267	0.9457272
6002	1176	0.9337876
6002	1597	0.927652
6003	2427	0.99964905
6003	1729	0.99817586
6003	593	0.99734163
6003	515	0.98036116
6003	2433	0.9352772
6003	2289	0.9199809
6003	1201	0.9069389
6003	1619	0.8957374
6003	1266	0.88217694
6003	2908	0.88156486
6004	327	0.9880774
6004	480	0.7528567
6004	673	0.7290536
6004	1223	0.7281424
6004	2021	0.71517485
6004	1	0.4543209
6004	1654	0.2763075
6004	172	0.2750134
6004	1064	0.27042362
6004	2005	0.2203682
6005	2148	0.9999997
6005	2789	0.9998736
6005	188	0.95613676
6005	3033	0.945202
6005	2428	0.9327129
6005	2416	0.92201436
6005	2377	0.92112637
6005	1346	0.9191236
6005	2648	0.90717566
6005	330	0.87403613
6006	1678	0.99973226
6006	105	0.9983661
6006	2502	0.9930227
6006	1654	0.9823576
6006	2396	0.98147297
6006	2724	0.9688936
6006	531	0.95496154
6006	597	0.9318826
6006	2093	0.8990871
6006	3067	0.8885558
6007	1210	0.995105
6007	3036	0.98809564
6007	914	0.9802452
6007	1610	0.9689634
6007	590	0.9325702
6007	3104	0.7830762
6007	1240	0.75993526
6007	2120	0.74109626
6007	2469	0.72639644
6007	353	0.69125587
6008	480	0.80902314
6008	1210	0.79873437
6008	1127	0.7580651
6008	589	0.37191367
6008	2000	0.21185333
6008	1954	0.14639217
6008	457	0.14598379
6008	2916	0.10488799
6008	592	0.10259491
6008	1270	0.07479507
6009	508	0.99777603
6009	647	0.95894825
6009	1801	0.8578942
6009	593	0.8461416
6009	1409	0.7563291
6009	62	0.7323037
6009	1100	0.6900556
6009	733	0.59888846
6009	2236	0.4388839
6009	2429	0.27521557
6010	2006	0.9935608
6010	2174	0.9883029
6010	3256	0.98511934
6010	45	0.985047
6010	3107	0.9826993
6010	1556	0.9819247
6010	2424	0.97855484
6010	2640	0.97790504
6010	2136	0.972546
6010	480	0.9702126
6011	2641	0.997828
6011	736	0.9614397
6011	940	0.8463983
6011	2311	0.80477273
6011	2346	0.77843523
6011	349	0.76424587
6011	2028	0.75000834
6011	2527	0.6708771
6011	1961	0.6536939
6011	1805	0.6458397
6012	2710	0.92516613
6012	3053	0.84656584
6012	2540	0.8339299
6012	3285	0.77860856
6012	2410	0.76023096
6012	2231	0.7102456
6012	3138	0.68459475
6012	2712	0.64085567
6012	2858	0.47990468
6012	2889	0.3948954
6013	193	0.9997721
6013	928	0.999484
6013	2948	0.998711
6013	2432	0.9973347
6013	608	0.9971971
6013	1073	0.99378663
6013	1388	0.9897605
6013	1971	0.9888106
6013	2920	0.9869234
6013	3114	0.98019695
6014	919	0.9951627
6014	2987	0.9943508
6014	1020	0.99118197
6014	2096	0.9910798
6014	1204	0.9866311
6014	920	0.98322517
6014	3260	0.9821447
6014	1233	0.9715641
6014	1267	0.9680232
6014	1198	0.9679787
6015	595	0.9999736
6015	2987	0.98442435
6015	1282	0.98241454
6015	364	0.97768116
6015	1235	0.8752942
6015	1198	0.8382335
6015	783	0.8293102
6015	1721	0.69700474
6015	2394	0.502039
6015	1688	0.42206824
6016	1230	0.9994057
6016	112	0.99050653
6016	50	0.94655526
6016	2100	0.93159735
6016	2973	0.9310458
6016	2683	0.91858274
6016	1689	0.9093845
6016	907	0.8904331
6016	435	0.8417768
6016	111	0.8413423
6017	1610	0.9998443
6017	2010	0.9997491
6017	2835	0.998518
6017	1196	0.97855175
6017	299	0.9671147
6017	737	0.95733106
6017	1440	0.95077705
6017	1684	0.93221605
6017	3190	0.9306991
6017	1296	0.89671063
6018	2662	0.999982
6018	913	0.9997128
6018	920	0.99936867
6018	940	0.999316
6018	1371	0.9971167
6018	3418	0.9967399
6018	1196	0.9937351
6018	480	0.9900695
6018	457	0.9729172
6018	1222	0.9463202
6019	380	0.9998095
6019	1617	0.9967488
6019	2762	0.9966049
6019	608	0.99420977
6019	2387	0.9718897
6019	1207	0.9614816
6019	1805	0.9611831
6019	3	0.95331985
6019	1268	0.9414966
6019	362	0.9321699
6020	2917	0.9999876
6020	2066	0.99997675
6020	1252	0.9999697
6020	1264	0.9998878
6020	1284	0.99956
6020	1945	0.9994722
6020	945	0.9992504
6020	1783	0.9951787
6020	2022	0.9929949
6020	164	0.9774627
6021	2028	0.9951807
6021	2797	0.9932694
6021	1094	0.9901172
6021	3020	0.9860935
6021	380	0.98365164
6021	2951	0.9758584
6021	2455	0.96752864
6021	555	0.9621333
6021	1093	0.95755076
6021	2947	0.95382565
6022	527	0.9999747
6022	1198	0.99994665
6022	1196	0.9980328
6022	1242	0.99680936
6022	3104	0.99263537
6022	3210	0.9906321
6022	589	0.9781406
6022	457	0.9092347
6022	2716	0.76981795
6022	1197	0.7441104
6023	288	0.9999877
6023	1527	0.9964005
6023	1198	0.9954078
6023	292	0.9949149
6023	110	0.9921293
6023	480	0.9909953
6023	733	0.99020076
6023	2194	0.98506105
6023	1801	0.979975
6023	2916	0.9778415
6024	2947	0.9996127
6024	2605	0.99783146
6024	1242	0.9832863
6024	785	0.9808463
6024	2294	0.9542861
6024	3418	0.9532932
6024	2762	0.9493977
6024	3256	0.9104627
6024	3359	0.8706601
6024	1954	0.8359756
6025	1210	0.99981475
6025	2327	0.99905163
6025	3081	0.99805915
6025	539	0.99648094
6025	597	0.99433935
6025	1639	0.98694015
6025	2355	0.97080666
6025	2340	0.94865894
6025	1043	0.94136804
6025	1777	0.92041004
6026	2021	0.9999855
6026	2968	0.99966043
6026	3175	0.9974824
6026	2664	0.99356335
6026	2529	0.9931213
6026	2393	0.9748584
6026	1356	0.9737671
6026	1527	0.9642265
6026	1221	0.8045537
6026	2901	0.74283314
6027	480	0.9999971
6027	589	0.99998474
6027	780	0.99968
6027	2699	0.99966013
6027	1608	0.99377257
6027	474	0.98407793
6027	2046	0.9823619
6027	1270	0.96250707
6027	1197	0.9242775
6027	497	0.90325063
6028	1101	0.9993627
6028	95	0.99848676
6028	2411	0.9805503
6028	2353	0.9713323
6028	2947	0.97030574
6028	2540	0.9385158
6028	2023	0.77800304
6028	2802	0.72149754
6028	1722	0.7127829
6028	1240	0.638921
6029	745	0.9677721
6029	2628	0.8905313
6029	2959	0.54412115
6029	2329	0.31750983
6029	48	0.3012308
6029	2411	0.29596728
6029	260	0.24836686
6029	1148	0.23568413
6029	1059	0.21077824
6029	364	0.2096043
6030	1376	0.9999993
6030	1210	0.9943957
6030	2288	0.9868988
6030	2010	0.92920125
6030	3175	0.897395
6030	1391	0.8611233
6030	1748	0.8474158
6030	2366	0.70559216
6030	1127	0.6920082
6030	1580	0.67273396
6031	318	0.99950016
6031	1028	0.99528956
6031	1018	0.99493587
6031	2694	0.99241316
6031	1359	0.98055625
6031	2706	0.9728886
6031	3253	0.96915245
6031	17	0.9684719
6031	381	0.95064354
6031	2012	0.9337815
6032	909	0.9997784
6032	2409	0.9962561
6032	1234	0.98198575
6032	2522	0.97923577
6032	2521	0.9761245
6032	2289	0.953946
6032	1961	0.935424
6032	3200	0.9298604
6032	3135	0.9030322
6032	3196	0.87464
6033	1240	0.99884343
6033	2944	0.99486935
6033	2411	0.9938741
6033	2019	0.9855985
6033	24	0.97781396
6033	2023	0.9618987
6033	1262	0.9424771
6033	2427	0.9402535
6033	589	0.91060114
6033	1197	0.8741826
6034	1176	0.99694985
6034	260	0.98125136
6034	19	0.96189535
6034	1260	0.7513968
6034	1267	0.3823052
6034	750	0.13143659
6034	1785	0.0806908
6034	2122	0.062352
6034	922	0.037091523
6034	1350	0.033465803
6035	2268	0.99602616
6035	316	0.98766243
6035	3107	0.94473827
6035	2396	0.9265891
6035	431	0.86556923
6035	2294	0.85739857
6035	17	0.82612747
6035	802	0.8068608
6035	16	0.804104
6035	1611	0.7993612
6036	1285	0.99847233
6036	1200	0.97493243
6036	314	0.9228753
6036	2294	0.81032085
6036	2763	0.8002786
6036	1293	0.76410705
6036	233	0.7611904
6036	2968	0.7590705
6036	2861	0.7166547
6036	1204	0.68238646
6037	2202	0.9953917
6037	1960	0.99237424
6037	2288	0.9859705
6037	1104	0.97445834
6037	1041	0.967788
6037	454	0.9628217
6037	1913	0.93220115
6037	1228	0.92046857
6037	2203	0.8420458
6037	2391	0.72511274
6038	745	0.99947286
6038	2918	0.99896
6038	1304	0.98699373
6038	1270	0.8344846
6038	1968	0.81385463
6038	1196	0.7964786
6038	1230	0.6552678
6038	902	0.50092256
6038	1136	0.34182325
6038	3114	0.22287121
6039	594	0.99957824
6039	745	0.9990321
6039	898	0.99822354
6039	1569	0.9917337
6039	348	0.97572124
6039	1077	0.97566855
6039	2997	0.9389597
6039	3307	0.78773135
6039	902	0.7371137
6039	1196	0.7292234
6040	2973	0.9999673
6040	994	0.9998101
6040	2064	0.9990306
6040	2605	0.9974848
6040	2054	0.997092
6040	1081	0.99030197
6040	3412	0.98042727
6040	2918	0.9801151
6040	1957	0.9535928
6040	1357	0.95157194
