\begin{tabular}{lrrrrrrr}
\toprule
{} &  ItemKNNCF &   RP3beta &  SpectralCF &   P3alpha &  UserKNNCF &    TopPop &  SLIMElasticNet \\
\midrule
ItemKNNCF      &   1.000000 &  0.509480 &    0.147300 &  0.717034 &   1.000000 &  0.162257 &        0.759965 \\
RP3beta        &   0.509480 &  1.000000 &    0.102104 &  0.672643 &   0.509480 &  0.105960 &        0.453089 \\
SpectralCF     &   0.147300 &  0.102104 &    1.000000 &  0.133117 &   0.147300 &  0.592817 &        0.128509 \\
P3alpha        &   0.717034 &  0.672643 &    0.133117 &  1.000000 &   0.717034 &  0.131212 &        0.621294 \\
UserKNNCF      &   1.000000 &  0.509480 &    0.147300 &  0.717034 &   1.000000 &  0.162257 &        0.759965 \\
TopPop         &   0.162257 &  0.105960 &    0.592817 &  0.131212 &   0.162257 &  1.000000 &        0.141221 \\
SLIMElasticNet &   0.759965 &  0.453089 &    0.128509 &  0.621294 &   0.759965 &  0.141221 &        1.000000 \\
\bottomrule
\end{tabular}
