\begin{tabular}{lrrrrrrr}
\toprule
{} &  ItemKNNCF &   RP3beta &   P3alpha &  UserKNNCF &    TopPop &  SLIMElasticNet &       CMN \\
\midrule
ItemKNNCF      &   1.000000 &  0.807964 &  0.797612 &   0.751365 &  0.169128 &        0.742782 &  0.437173 \\
RP3beta        &   0.807964 &  1.000000 &  0.882337 &   0.832701 &  0.160167 &        0.755150 &  0.432079 \\
P3alpha        &   0.797612 &  0.882337 &  1.000000 &   0.798688 &  0.181106 &        0.741954 &  0.409343 \\
UserKNNCF      &   0.751365 &  0.832701 &  0.798688 &   1.000000 &  0.199844 &        0.798688 &  0.445782 \\
TopPop         &   0.169128 &  0.160167 &  0.181106 &   0.199844 &  1.000000 &        0.204698 &  0.177567 \\
SLIMElasticNet &   0.742782 &  0.755150 &  0.741954 &   0.798688 &  0.204698 &        1.000000 &  0.424618 \\
CMN            &   0.437173 &  0.432079 &  0.409343 &   0.445782 &  0.177567 &        0.424618 &  1.000000 \\
\bottomrule
\end{tabular}
